transit_timestamp,transit_mode,station_complex_id,station_complex,borough,payment_method,fare_class_category,ridership,transfers
2022-11-28T22:00:00.000,subway,394,110 St (6),Manhattan,metrocard,Metrocard - Seniors & Disability,1.0,0.0
2022-11-28T06:00:00.000,subway,414,"Bowling Green (4,5)",Manhattan,metrocard,Metrocard - Seniors & Disability,13.0,8.0
2022-11-28T17:00:00.000,subway,301,181 St (1),Manhattan,metrocard,Metrocard - Students,32.0,2.0
2022-11-28T08:00:00.000,subway,326,Franklin St (1),Manhattan,metrocard,Metrocard - Other,13.0,0.0
2022-11-28T23:00:00.000,subway,313,"72 St (1,2,3)",Manhattan,metrocard,Metrocard - Fair Fare,11.0,0.0
2022-11-28T19:00:00.000,subway,224,57 St (F),Manhattan,metrocard,Metrocard - Unlimited 7-Day,60.0,0.0
2022-11-28T06:00:00.000,subway,303,157 St (1),Manhattan,metrocard,Metrocard - Seniors & Disability,11.0,0.0
2022-11-28T10:00:00.000,subway,303,157 St (1),Manhattan,metrocard,Metrocard - Unlimited 30-Day,55.0,0.0
2022-11-28T15:00:00.000,subway,304,145 St (1),Manhattan,metrocard,Metrocard - Fair Fare,21.0,0.0
2022-11-28T09:00:00.000,subway,222,Roosevelt Island (F),Manhattan,metrocard,Metrocard - Students,6.0,0.0
2022-11-28T07:00:00.000,subway,223,"Lexington Av/63 St (F,Q)",Manhattan,metrocard,Metrocard - Other,17.0,1.0
2022-11-28T17:00:00.000,subway,276,"5 Av/53 St (E,M)",Manhattan,metrocard,Metrocard - Fair Fare,36.0,0.0
2022-11-28T13:00:00.000,subway,413,"Wall St (4,5)",Manhattan,metrocard,Metrocard - Other,16.0,0.0
2022-11-28T10:00:00.000,subway,300,191 St (1),Manhattan,metrocard,Metrocard - Seniors & Disability,20.0,0.0
2022-11-28T00:00:00.000,subway,319,28 St (1),Manhattan,metrocard,Metrocard - Other,1.0,0.0
2022-11-28T09:00:00.000,subway,298,207 St (1),Manhattan,metrocard,Metrocard - Other,15.0,1.0
2022-11-28T16:00:00.000,subway,301,181 St (1),Manhattan,metrocard,Metrocard - Full Fare,135.0,15.0
2022-11-28T05:00:00.000,subway,296,Marble Hill-225 St (1),Manhattan,metrocard,Metrocard - Full Fare,30.0,1.0
2022-11-28T14:00:00.000,subway,231,"Grand St (B,D)",Manhattan,metrocard,Metrocard - Unlimited 30-Day,183.0,0.0
2022-11-28T12:00:00.000,subway,223,"Lexington Av/63 St (F,Q)",Manhattan,metrocard,Metrocard - Full Fare,109.0,21.0
2022-11-28T00:00:00.000,subway,223,"Lexington Av/63 St (F,Q)",Manhattan,metrocard,Metrocard - Unlimited 7-Day,8.0,0.0
2022-11-28T17:00:00.000,subway,223,"Lexington Av/63 St (F,Q)",Manhattan,omny,OMNY - Full Fare,804.0,110.0
2022-11-28T18:00:00.000,subway,276,"5 Av/53 St (E,M)",Manhattan,metrocard,Metrocard - Full Fare,581.0,3.0
2022-11-28T23:00:00.000,subway,298,207 St (1),Manhattan,metrocard,Metrocard - Fair Fare,1.0,0.0
2022-11-28T20:00:00.000,subway,403,33 St (6),Manhattan,metrocard,Metrocard - Seniors & Disability,14.0,0.0
2022-11-28T21:00:00.000,subway,319,28 St (1),Manhattan,omny,OMNY - Full Fare,225.0,0.0
2022-11-28T16:00:00.000,subway,224,57 St (F),Manhattan,metrocard,Metrocard - Students,48.0,3.0
2022-11-28T19:00:00.000,subway,312,79 St (1),Manhattan,metrocard,Metrocard - Unlimited 30-Day,77.0,0.0
2022-11-28T18:00:00.000,subway,394,110 St (6),Manhattan,metrocard,Metrocard - Full Fare,39.0,0.0
2022-11-28T05:00:00.000,subway,306,125 St (1),Manhattan,metrocard,Metrocard - Full Fare,12.0,1.0
2022-11-28T14:00:00.000,subway,324,Houston St (1),Manhattan,omny,OMNY - Seniors & Disability,1.0,0.0
2022-11-28T05:00:00.000,subway,303,157 St (1),Manhattan,metrocard,Metrocard - Full Fare,61.0,6.0
2022-11-28T06:00:00.000,subway,399,68 St-Hunter College (6),Manhattan,metrocard,Metrocard - Other,4.0,0.0
2022-11-28T10:00:00.000,subway,276,"5 Av/53 St (E,M)",Manhattan,omny,OMNY - Seniors & Disability,1.0,0.0
2022-11-28T14:00:00.000,subway,395,103 St (6),Manhattan,metrocard,Metrocard - Full Fare,121.0,0.0
2022-11-28T14:00:00.000,subway,224,57 St (F),Manhattan,metrocard,Metrocard - Fair Fare,14.0,0.0
2022-11-28T16:00:00.000,subway,319,28 St (1),Manhattan,metrocard,Metrocard - Unlimited 30-Day,103.0,0.0
2022-11-28T14:00:00.000,subway,397,"86 St (4,5,6)",Manhattan,metrocard,Metrocard - Unlimited 30-Day,189.0,0.0
2022-11-28T09:00:00.000,subway,394,110 St (6),Manhattan,metrocard,Metrocard - Seniors & Disability,23.0,0.0
2022-11-28T18:00:00.000,subway,413,"Wall St (4,5)",Manhattan,metrocard,Metrocard - Full Fare,199.0,2.0
2022-11-28T15:00:00.000,subway,223,"Lexington Av/63 St (F,Q)",Manhattan,metrocard,Metrocard - Fair Fare,36.0,4.0
2022-11-28T14:00:00.000,subway,397,"86 St (4,5,6)",Manhattan,metrocard,Metrocard - Fair Fare,49.0,2.0
2022-11-28T00:00:00.000,subway,326,Franklin St (1),Manhattan,metrocard,Metrocard - Unlimited 7-Day,1.0,0.0
2022-11-28T15:00:00.000,subway,414,"Bowling Green (4,5)",Manhattan,metrocard,Metrocard - Seniors & Disability,36.0,1.0
2022-11-28T13:00:00.000,subway,324,Houston St (1),Manhattan,metrocard,Metrocard - Fair Fare,3.0,0.0
2022-11-28T19:00:00.000,subway,311,86 St (1),Manhattan,omny,OMNY - Seniors & Disability,1.0,1.0
2022-11-28T09:00:00.000,subway,311,86 St (1),Manhattan,omny,OMNY - Seniors & Disability,1.0,0.0
2022-11-28T09:00:00.000,subway,405,23 St (6),Manhattan,metrocard,Metrocard - Full Fare,119.0,11.0
2022-11-28T20:00:00.000,subway,277,"7 Av (E,B,D)",Manhattan,omny,OMNY - Full Fare,182.0,1.0
2022-11-28T23:00:00.000,subway,403,33 St (6),Manhattan,metrocard,Metrocard - Other,9.0,0.0
2022-11-28T18:00:00.000,subway,306,125 St (1),Manhattan,metrocard,Metrocard - Seniors & Disability,10.0,0.0
2022-11-28T01:00:00.000,subway,313,"72 St (1,2,3)",Manhattan,metrocard,Metrocard - Unlimited 30-Day,4.0,0.0
2022-11-28T12:00:00.000,subway,297,215 St (1),Manhattan,metrocard,Metrocard - Unlimited 7-Day,5.0,0.0
2022-11-28T14:00:00.000,subway,301,181 St (1),Manhattan,metrocard,Metrocard - Other,14.0,0.0
2022-11-28T07:00:00.000,subway,224,57 St (F),Manhattan,metrocard,Metrocard - Full Fare,21.0,4.0
2022-11-28T18:00:00.000,subway,225,"47-50 Sts-Rockefeller Ctr (B,D,F,M)",Manhattan,metrocard,Metrocard - Other,235.0,0.0
2022-11-28T16:00:00.000,subway,299,Dyckman St (1),Manhattan,metrocard,Metrocard - Seniors & Disability,13.0,0.0
2022-11-28T23:00:00.000,subway,228,"23 St (F,M)",Manhattan,metrocard,Metrocard - Full Fare,37.0,2.0
2022-11-28T14:00:00.000,subway,316,50 St (1),Manhattan,metrocard,Metrocard - Students,117.0,1.0
2022-11-28T21:00:00.000,subway,396,96 St (6),Manhattan,metrocard,Metrocard - Other,9.0,0.0
2022-11-28T17:00:00.000,subway,298,207 St (1),Manhattan,metrocard,Metrocard - Unlimited 7-Day,54.0,0.0
2022-11-28T12:00:00.000,subway,399,68 St-Hunter College (6),Manhattan,metrocard,Metrocard - Students,56.0,1.0
2022-11-28T12:00:00.000,subway,399,68 St-Hunter College (6),Manhattan,omny,OMNY - Seniors & Disability,3.0,3.0
2022-11-28T04:00:00.000,subway,324,Houston St (1),Manhattan,metrocard,Metrocard - Unlimited 7-Day,1.0,0.0
2022-11-28T10:00:00.000,subway,409,Spring St (6),Manhattan,metrocard,Metrocard - Other,4.0,0.0
2022-11-28T18:00:00.000,subway,276,"5 Av/53 St (E,M)",Manhattan,omny,OMNY - Full Fare,1434.0,1.0
2022-11-28T16:00:00.000,subway,394,110 St (6),Manhattan,metrocard,Metrocard - Unlimited 30-Day,92.0,0.0
2022-11-28T11:00:00.000,subway,318,"34 St-Penn Station (1,2,3)",Manhattan,omny,OMNY - Full Fare,687.0,6.0
2022-11-28T08:00:00.000,subway,326,Franklin St (1),Manhattan,metrocard,Metrocard - Students,34.0,0.0
2022-11-28T20:00:00.000,subway,313,"72 St (1,2,3)",Manhattan,metrocard,Metrocard - Unlimited 7-Day,115.0,0.0
2022-11-28T23:00:00.000,subway,222,Roosevelt Island (F),Manhattan,metrocard,Metrocard - Full Fare,8.0,1.0
2022-11-28T22:00:00.000,subway,304,145 St (1),Manhattan,metrocard,Metrocard - Fair Fare,6.0,0.0
2022-11-28T20:00:00.000,subway,318,"34 St-Penn Station (1,2,3)",Manhattan,metrocard,Metrocard - Unlimited 30-Day,140.0,0.0
2022-11-28T08:00:00.000,subway,307,116 St-Columbia University (1),Manhattan,metrocard,Metrocard - Full Fare,59.0,3.0
2022-11-28T00:00:00.000,subway,396,96 St (6),Manhattan,metrocard,Metrocard - Fair Fare,1.0,0.0
2022-11-28T16:00:00.000,subway,399,68 St-Hunter College (6),Manhattan,metrocard,Metrocard - Unlimited 7-Day,188.0,0.0
2022-11-28T07:00:00.000,subway,224,57 St (F),Manhattan,metrocard,Metrocard - Unlimited 30-Day,16.0,0.0
2022-11-28T15:00:00.000,subway,306,125 St (1),Manhattan,metrocard,Metrocard - Students,22.0,0.0
2022-11-28T15:00:00.000,subway,407,Astor Pl (6),Manhattan,metrocard,Metrocard - Seniors & Disability,19.0,1.0
2022-11-28T04:00:00.000,subway,277,"7 Av (E,B,D)",Manhattan,metrocard,Metrocard - Unlimited 30-Day,3.0,0.0
2022-11-28T19:00:00.000,subway,397,"86 St (4,5,6)",Manhattan,metrocard,Metrocard - Students,36.0,3.0
2022-11-28T19:00:00.000,subway,398,77 St (6),Manhattan,metrocard,Metrocard - Full Fare,198.0,4.0
2022-11-28T20:00:00.000,subway,223,"Lexington Av/63 St (F,Q)",Manhattan,metrocard,Metrocard - Other,21.0,4.0
2022-11-28T06:00:00.000,subway,277,"7 Av (E,B,D)",Manhattan,metrocard,Metrocard - Unlimited 7-Day,17.0,0.0
2022-11-28T14:00:00.000,subway,320,23 St (1),Manhattan,metrocard,Metrocard - Seniors & Disability,52.0,9.0
2022-11-28T12:00:00.000,subway,225,"47-50 Sts-Rockefeller Ctr (B,D,F,M)",Manhattan,metrocard,Metrocard - Seniors & Disability,60.0,2.0
2022-11-28T14:00:00.000,subway,223,"Lexington Av/63 St (F,Q)",Manhattan,omny,OMNY - Full Fare,315.0,58.0
2022-11-28T08:00:00.000,subway,234,East Broadway (F),Manhattan,metrocard,Metrocard - Other,31.0,0.0
2022-11-28T07:00:00.000,subway,319,28 St (1),Manhattan,metrocard,Metrocard - Fair Fare,6.0,0.0
2022-11-28T23:00:00.000,subway,398,77 St (6),Manhattan,metrocard,Metrocard - Unlimited 7-Day,41.0,0.0
2022-11-28T17:00:00.000,subway,311,86 St (1),Manhattan,metrocard,Metrocard - Students,79.0,9.0
2022-11-28T07:00:00.000,subway,234,East Broadway (F),Manhattan,metrocard,Metrocard - Unlimited 30-Day,79.0,0.0
2022-11-28T12:00:00.000,subway,404,28 St (6),Manhattan,metrocard,Metrocard - Full Fare,122.0,0.0
2022-11-28T07:00:00.000,subway,394,110 St (6),Manhattan,metrocard,Metrocard - Unlimited 7-Day,62.0,0.0
2022-11-28T21:00:00.000,subway,313,"72 St (1,2,3)",Manhattan,metrocard,Metrocard - Full Fare,134.0,1.0
2022-11-28T08:00:00.000,subway,277,"7 Av (E,B,D)",Manhattan,metrocard,Metrocard - Full Fare,103.0,1.0
2022-11-28T19:00:00.000,subway,231,"Grand St (B,D)",Manhattan,omny,OMNY - Full Fare,304.0,2.0
2022-11-28T15:00:00.000,subway,300,191 St (1),Manhattan,metrocard,Metrocard - Unlimited 30-Day,47.0,0.0
2022-11-28T10:00:00.000,subway,319,28 St (1),Manhattan,metrocard,Metrocard - Unlimited 30-Day,37.0,0.0
2022-11-28T19:00:00.000,subway,307,116 St-Columbia University (1),Manhattan,metrocard,Metrocard - Unlimited 7-Day,26.0,0.0
2022-11-28T07:00:00.000,subway,396,96 St (6),Manhattan,omny,OMNY - Full Fare,285.0,4.0
2022-11-28T17:00:00.000,subway,228,"23 St (F,M)",Manhattan,metrocard,Metrocard - Seniors & Disability,65.0,6.0
2022-11-28T22:00:00.000,subway,323,Christopher St-Sheridan Sq (1),Manhattan,omny,OMNY - Full Fare,131.0,0.0
2022-11-28T07:00:00.000,subway,318,"34 St-Penn Station (1,2,3)",Manhattan,metrocard,Metrocard - Full Fare,2083.0,27.0
2022-11-28T06:00:00.000,subway,314,66 St-Lincoln Center (1),Manhattan,metrocard,Metrocard - Other,2.0,0.0
2022-11-28T12:00:00.000,subway,297,215 St (1),Manhattan,metrocard,Metrocard - Other,10.0,0.0
2022-11-28T23:00:00.000,subway,312,79 St (1),Manhattan,metrocard,Metrocard - Seniors & Disability,2.0,0.0
2022-11-28T06:00:00.000,subway,395,103 St (6),Manhattan,metrocard,Metrocard - Other,12.0,0.0
2022-11-28T21:00:00.000,subway,305,137 St-City College (1),Manhattan,metrocard,Metrocard - Full Fare,23.0,1.0
2022-11-28T03:00:00.000,subway,225,"47-50 Sts-Rockefeller Ctr (B,D,F,M)",Manhattan,metrocard,Metrocard - Unlimited 7-Day,7.0,0.0
2022-11-28T23:00:00.000,subway,405,23 St (6),Manhattan,metrocard,Metrocard - Unlimited 30-Day,26.0,0.0
2022-11-28T04:00:00.000,subway,398,77 St (6),Manhattan,metrocard,Metrocard - Full Fare,3.0,0.0
2022-11-28T04:00:00.000,subway,414,"Bowling Green (4,5)",Manhattan,metrocard,Metrocard - Unlimited 30-Day,2.0,0.0
2022-11-28T20:00:00.000,subway,394,110 St (6),Manhattan,metrocard,Metrocard - Unlimited 7-Day,20.0,0.0
2022-11-28T16:00:00.000,subway,223,"Lexington Av/63 St (F,Q)",Manhattan,metrocard,Metrocard - Unlimited 7-Day,125.0,0.0
2022-11-28T16:00:00.000,subway,310,"96 St (1,2,3)",Manhattan,metrocard,Metrocard - Unlimited 30-Day,221.0,0.0
2022-11-28T00:00:00.000,subway,313,"72 St (1,2,3)",Manhattan,metrocard,Metrocard - Full Fare,26.0,3.0
2022-11-28T16:00:00.000,subway,313,"72 St (1,2,3)",Manhattan,omny,OMNY - Full Fare,858.0,19.0
2022-11-28T17:00:00.000,subway,403,33 St (6),Manhattan,metrocard,Metrocard - Full Fare,417.0,5.0
2022-11-28T15:00:00.000,subway,398,77 St (6),Manhattan,omny,OMNY - Full Fare,570.0,11.0
2022-11-28T23:00:00.000,subway,296,Marble Hill-225 St (1),Manhattan,omny,OMNY - Full Fare,4.0,0.0
2022-11-28T12:00:00.000,subway,312,79 St (1),Manhattan,metrocard,Metrocard - Fair Fare,10.0,0.0
2022-11-28T04:00:00.000,subway,403,33 St (6),Manhattan,omny,OMNY - Full Fare,5.0,0.0
2022-11-28T07:00:00.000,subway,397,"86 St (4,5,6)",Manhattan,metrocard,Metrocard - Unlimited 7-Day,71.0,0.0
2022-11-28T10:00:00.000,subway,413,"Wall St (4,5)",Manhattan,metrocard,Metrocard - Fair Fare,9.0,0.0
2022-11-28T16:00:00.000,subway,324,Houston St (1),Manhattan,metrocard,Metrocard - Unlimited 7-Day,59.0,0.0
2022-11-28T15:00:00.000,subway,405,23 St (6),Manhattan,metrocard,Metrocard - Unlimited 7-Day,127.0,0.0
2022-11-28T04:00:00.000,subway,299,Dyckman St (1),Manhattan,metrocard,Metrocard - Unlimited 7-Day,16.0,0.0
2022-11-28T07:00:00.000,subway,306,125 St (1),Manhattan,metrocard,Metrocard - Unlimited 30-Day,49.0,0.0
2022-11-28T11:00:00.000,subway,312,79 St (1),Manhattan,metrocard,Metrocard - Unlimited 7-Day,30.0,0.0
2022-11-28T06:00:00.000,subway,311,86 St (1),Manhattan,metrocard,Metrocard - Full Fare,32.0,4.0
2022-11-28T19:00:00.000,subway,407,Astor Pl (6),Manhattan,metrocard,Metrocard - Students,15.0,0.0
2022-11-28T13:00:00.000,subway,395,103 St (6),Manhattan,metrocard,Metrocard - Seniors & Disability,24.0,0.0
2022-11-28T22:00:00.000,subway,318,"34 St-Penn Station (1,2,3)",Manhattan,metrocard,Metrocard - Full Fare,187.0,3.0
2022-11-28T15:00:00.000,subway,398,77 St (6),Manhattan,metrocard,Metrocard - Unlimited 30-Day,194.0,0.0
2022-11-28T17:00:00.000,subway,395,103 St (6),Manhattan,metrocard,Metrocard - Other,41.0,0.0
2022-11-28T08:00:00.000,subway,312,79 St (1),Manhattan,metrocard,Metrocard - Seniors & Disability,30.0,2.0
2022-11-28T02:00:00.000,subway,306,125 St (1),Manhattan,metrocard,Metrocard - Full Fare,1.0,0.0
2022-11-28T05:00:00.000,subway,321,18 St (1),Manhattan,metrocard,Metrocard - Students,1.0,0.0
2022-11-28T18:00:00.000,subway,304,145 St (1),Manhattan,metrocard,Metrocard - Students,12.0,0.0
2022-11-28T18:00:00.000,subway,234,East Broadway (F),Manhattan,metrocard,Metrocard - Seniors & Disability,23.0,1.0
2022-11-28T10:00:00.000,subway,316,50 St (1),Manhattan,metrocard,Metrocard - Seniors & Disability,14.0,0.0
2022-11-28T09:00:00.000,subway,313,"72 St (1,2,3)",Manhattan,metrocard,Metrocard - Fair Fare,26.0,3.0
2022-11-28T00:00:00.000,subway,298,207 St (1),Manhattan,omny,OMNY - Full Fare,9.0,0.0
2022-11-28T05:00:00.000,subway,299,Dyckman St (1),Manhattan,metrocard,Metrocard - Other,3.0,0.0
2022-11-28T11:00:00.000,subway,324,Houston St (1),Manhattan,omny,OMNY - Seniors & Disability,1.0,0.0
2022-11-28T22:00:00.000,subway,298,207 St (1),Manhattan,metrocard,Metrocard - Unlimited 7-Day,10.0,0.0
2022-11-28T09:00:00.000,subway,298,207 St (1),Manhattan,metrocard,Metrocard - Unlimited 30-Day,33.0,0.0
2022-11-28T14:00:00.000,subway,320,23 St (1),Manhattan,metrocard,Metrocard - Unlimited 30-Day,63.0,0.0
2022-11-28T23:00:00.000,subway,225,"47-50 Sts-Rockefeller Ctr (B,D,F,M)",Manhattan,metrocard,Metrocard - Other,15.0,0.0
2022-11-28T17:00:00.000,subway,232,2 Av (F),Manhattan,metrocard,Metrocard - Students,45.0,4.0
2022-11-28T09:00:00.000,subway,326,Franklin St (1),Manhattan,metrocard,Metrocard - Unlimited 30-Day,11.0,0.0
2022-11-28T23:00:00.000,subway,307,116 St-Columbia University (1),Manhattan,metrocard,Metrocard - Full Fare,24.0,1.0
2022-11-28T10:00:00.000,subway,396,96 St (6),Manhattan,metrocard,Metrocard - Unlimited 7-Day,26.0,0.0
2022-11-28T17:00:00.000,subway,321,18 St (1),Manhattan,metrocard,Metrocard - Unlimited 7-Day,46.0,0.0
2022-11-28T20:00:00.000,subway,225,"47-50 Sts-Rockefeller Ctr (B,D,F,M)",Manhattan,metrocard,Metrocard - Unlimited 7-Day,211.0,0.0
2022-11-28T11:00:00.000,subway,397,"86 St (4,5,6)",Manhattan,omny,OMNY - Seniors & Disability,3.0,0.0
2022-11-28T05:00:00.000,subway,320,23 St (1),Manhattan,metrocard,Metrocard - Unlimited 7-Day,6.0,0.0
2022-11-28T11:00:00.000,subway,231,"Grand St (B,D)",Manhattan,metrocard,Metrocard - Unlimited 7-Day,48.0,0.0
2022-11-28T20:00:00.000,subway,314,66 St-Lincoln Center (1),Manhattan,metrocard,Metrocard - Seniors & Disability,28.0,1.0
2022-11-28T07:00:00.000,subway,414,"Bowling Green (4,5)",Manhattan,metrocard,Metrocard - Other,82.0,17.0
2022-11-28T10:00:00.000,subway,320,23 St (1),Manhattan,metrocard,Metrocard - Other,10.0,2.0
2022-11-28T16:00:00.000,subway,405,23 St (6),Manhattan,metrocard,Metrocard - Students,151.0,4.0
2022-11-28T23:00:00.000,subway,324,Houston St (1),Manhattan,metrocard,Metrocard - Full Fare,29.0,0.0
2022-11-28T17:00:00.000,subway,312,79 St (1),Manhattan,metrocard,Metrocard - Students,57.0,1.0
2022-11-28T14:00:00.000,subway,323,Christopher St-Sheridan Sq (1),Manhattan,metrocard,Metrocard - Fair Fare,7.0,0.0
2022-11-28T06:00:00.000,subway,305,137 St-City College (1),Manhattan,metrocard,Metrocard - Full Fare,83.0,0.0
2022-11-28T22:00:00.000,subway,312,79 St (1),Manhattan,metrocard,Metrocard - Full Fare,37.0,1.0
2022-11-28T08:00:00.000,subway,324,Houston St (1),Manhattan,metrocard,Metrocard - Students,9.0,0.0
2022-11-28T04:00:00.000,subway,398,77 St (6),Manhattan,metrocard,Metrocard - Seniors & Disability,3.0,0.0
2022-11-28T21:00:00.000,subway,298,207 St (1),Manhattan,metrocard,Metrocard - Full Fare,23.0,2.0
2022-11-28T06:00:00.000,subway,231,"Grand St (B,D)",Manhattan,metrocard,Metrocard - Fair Fare,9.0,1.0
2022-11-28T12:00:00.000,subway,407,Astor Pl (6),Manhattan,metrocard,Metrocard - Students,10.0,0.0
2022-11-28T16:00:00.000,subway,303,157 St (1),Manhattan,metrocard,Metrocard - Fair Fare,31.0,2.0
2022-11-28T13:00:00.000,subway,276,"5 Av/53 St (E,M)",Manhattan,metrocard,Metrocard - Seniors & Disability,33.0,1.0
2022-11-28T11:00:00.000,subway,325,Canal St (1),Manhattan,metrocard,Metrocard - Students,1.0,0.0
2022-11-28T08:00:00.000,subway,310,"96 St (1,2,3)",Manhattan,metrocard,Metrocard - Students,241.0,12.0
2022-11-28T16:00:00.000,subway,228,"23 St (F,M)",Manhattan,metrocard,Metrocard - Students,75.0,6.0
2022-11-28T06:00:00.000,subway,299,Dyckman St (1),Manhattan,metrocard,Metrocard - Unlimited 7-Day,62.0,0.0
2022-11-28T11:00:00.000,subway,394,110 St (6),Manhattan,metrocard,Metrocard - Unlimited 30-Day,27.0,0.0
2022-11-28T14:00:00.000,subway,222,Roosevelt Island (F),Manhattan,metrocard,Metrocard - Students,18.0,0.0
2022-11-28T21:00:00.000,subway,277,"7 Av (E,B,D)",Manhattan,metrocard,Metrocard - Seniors & Disability,10.0,0.0
2022-11-28T09:00:00.000,subway,222,Roosevelt Island (F),Manhattan,metrocard,Metrocard - Seniors & Disability,29.0,0.0
2022-11-28T00:00:00.000,subway,299,Dyckman St (1),Manhattan,metrocard,Metrocard - Fair Fare,1.0,0.0
2022-11-28T19:00:00.000,subway,316,50 St (1),Manhattan,metrocard,Metrocard - Fair Fare,9.0,0.0
2022-11-28T10:00:00.000,subway,405,23 St (6),Manhattan,metrocard,Metrocard - Students,17.0,1.0
2022-11-28T06:00:00.000,subway,314,66 St-Lincoln Center (1),Manhattan,metrocard,Metrocard - Unlimited 7-Day,10.0,0.0
2022-11-28T15:00:00.000,subway,296,Marble Hill-225 St (1),Manhattan,metrocard,Metrocard - Fair Fare,11.0,1.0
2022-11-28T07:00:00.000,subway,234,East Broadway (F),Manhattan,omny,OMNY - Full Fare,181.0,7.0
2022-11-28T18:00:00.000,subway,304,145 St (1),Manhattan,omny,OMNY - Full Fare,95.0,0.0
2022-11-28T12:00:00.000,subway,319,28 St (1),Manhattan,metrocard,Metrocard - Fair Fare,7.0,0.0
2022-11-28T04:00:00.000,subway,232,2 Av (F),Manhattan,metrocard,Metrocard - Unlimited 7-Day,4.0,0.0
2022-11-28T01:00:00.000,subway,312,79 St (1),Manhattan,metrocard,Metrocard - Unlimited 30-Day,4.0,0.0
2022-11-28T00:00:00.000,subway,319,28 St (1),Manhattan,omny,OMNY - Full Fare,9.0,0.0
2022-11-28T10:00:00.000,subway,318,"34 St-Penn Station (1,2,3)",Manhattan,metrocard,Metrocard - Seniors & Disability,88.0,3.0
2022-11-28T16:00:00.000,subway,222,Roosevelt Island (F),Manhattan,metrocard,Metrocard - Unlimited 7-Day,40.0,0.0
2022-11-28T00:00:00.000,subway,404,28 St (6),Manhattan,metrocard,Metrocard - Unlimited 7-Day,19.0,0.0
2022-11-28T13:00:00.000,subway,297,215 St (1),Manhattan,metrocard,Metrocard - Seniors & Disability,7.0,0.0
2022-11-28T09:00:00.000,subway,409,Spring St (6),Manhattan,metrocard,Metrocard - Seniors & Disability,7.0,0.0
2022-11-28T12:00:00.000,subway,276,"5 Av/53 St (E,M)",Manhattan,metrocard,Metrocard - Other,13.0,0.0
2022-11-28T08:00:00.000,subway,403,33 St (6),Manhattan,metrocard,Metrocard - Other,45.0,6.0
2022-11-28T23:00:00.000,subway,395,103 St (6),Manhattan,metrocard,Metrocard - Other,3.0,0.0
2022-11-28T21:00:00.000,subway,413,"Wall St (4,5)",Manhattan,metrocard,Metrocard - Fair Fare,6.0,0.0
2022-11-28T04:00:00.000,subway,297,215 St (1),Manhattan,metrocard,Metrocard - Unlimited 7-Day,1.0,0.0
2022-11-28T15:00:00.000,subway,321,18 St (1),Manhattan,metrocard,Metrocard - Fair Fare,7.0,0.0
2022-11-28T16:00:00.000,subway,325,Canal St (1),Manhattan,metrocard,Metrocard - Unlimited 7-Day,31.0,0.0
2022-11-28T01:00:00.000,subway,323,Christopher St-Sheridan Sq (1),Manhattan,metrocard,Metrocard - Other,2.0,0.0
2022-11-28T08:00:00.000,subway,307,116 St-Columbia University (1),Manhattan,metrocard,Metrocard - Seniors & Disability,10.0,1.0
2022-11-28T15:00:00.000,subway,404,28 St (6),Manhattan,metrocard,Metrocard - Unlimited 7-Day,77.0,0.0
2022-11-28T02:00:00.000,subway,318,"34 St-Penn Station (1,2,3)",Manhattan,metrocard,Metrocard - Fair Fare,6.0,0.0
2022-11-28T06:00:00.000,subway,305,137 St-City College (1),Manhattan,metrocard,Metrocard - Seniors & Disability,8.0,0.0
2022-11-28T11:00:00.000,subway,296,Marble Hill-225 St (1),Manhattan,metrocard,Metrocard - Unlimited 7-Day,23.0,0.0
2022-11-28T08:00:00.000,subway,395,103 St (6),Manhattan,metrocard,Metrocard - Full Fare,151.0,3.0
2022-11-28T05:00:00.000,subway,316,50 St (1),Manhattan,metrocard,Metrocard - Seniors & Disability,3.0,1.0
2022-11-28T12:00:00.000,subway,296,Marble Hill-225 St (1),Manhattan,metrocard,Metrocard - Other,5.0,1.0
2022-11-28T02:00:00.000,subway,300,191 St (1),Manhattan,metrocard,Metrocard - Unlimited 30-Day,1.0,0.0
2022-11-28T09:00:00.000,subway,323,Christopher St-Sheridan Sq (1),Manhattan,metrocard,Metrocard - Fair Fare,1.0,0.0
2022-11-28T07:00:00.000,subway,228,"23 St (F,M)",Manhattan,metrocard,Metrocard - Unlimited 7-Day,17.0,0.0
2022-11-28T21:00:00.000,subway,310,"96 St (1,2,3)",Manhattan,metrocard,Metrocard - Full Fare,77.0,2.0
2022-11-28T11:00:00.000,subway,409,Spring St (6),Manhattan,metrocard,Metrocard - Students,3.0,0.0
2022-11-28T18:00:00.000,subway,413,"Wall St (4,5)",Manhattan,omny,OMNY - Full Fare,488.0,1.0
2022-11-28T23:00:00.000,subway,404,28 St (6),Manhattan,metrocard,Metrocard - Full Fare,44.0,0.0
2022-11-28T21:00:00.000,subway,414,"Bowling Green (4,5)",Manhattan,metrocard,Metrocard - Unlimited 30-Day,13.0,0.0
2022-11-28T14:00:00.000,subway,298,207 St (1),Manhattan,metrocard,Metrocard - Unlimited 30-Day,30.0,0.0
2022-11-28T23:00:00.000,subway,413,"Wall St (4,5)",Manhattan,metrocard,Metrocard - Fair Fare,6.0,0.0
2022-11-28T06:00:00.000,subway,305,137 St-City College (1),Manhattan,metrocard,Metrocard - Students,17.0,0.0
2022-11-28T15:00:00.000,subway,277,"7 Av (E,B,D)",Manhattan,metrocard,Metrocard - Unlimited 30-Day,80.0,0.0
2022-11-28T04:00:00.000,subway,311,86 St (1),Manhattan,omny,OMNY - Full Fare,3.0,0.0
2022-11-28T01:00:00.000,subway,234,East Broadway (F),Manhattan,metrocard,Metrocard - Full Fare,2.0,0.0
2022-11-28T06:00:00.000,subway,312,79 St (1),Manhattan,omny,OMNY - Seniors & Disability,1.0,0.0
2022-11-28T05:00:00.000,subway,320,23 St (1),Manhattan,metrocard,Metrocard - Seniors & Disability,1.0,0.0
2022-11-28T15:00:00.000,subway,303,157 St (1),Manhattan,metrocard,Metrocard - Seniors & Disability,20.0,2.0
2022-11-28T23:00:00.000,subway,305,137 St-City College (1),Manhattan,metrocard,Metrocard - Unlimited 7-Day,6.0,0.0
2022-11-28T08:00:00.000,subway,403,33 St (6),Manhattan,metrocard,Metrocard - Unlimited 30-Day,96.0,0.0
2022-11-28T20:00:00.000,subway,232,2 Av (F),Manhattan,metrocard,Metrocard - Other,11.0,0.0
2022-11-28T01:00:00.000,subway,407,Astor Pl (6),Manhattan,metrocard,Metrocard - Unlimited 7-Day,8.0,0.0
2022-11-28T01:00:00.000,subway,316,50 St (1),Manhattan,metrocard,Metrocard - Full Fare,8.0,0.0
2022-11-28T19:00:00.000,subway,320,23 St (1),Manhattan,metrocard,Metrocard - Seniors & Disability,23.0,3.0
2022-11-28T15:00:00.000,subway,399,68 St-Hunter College (6),Manhattan,metrocard,Metrocard - Other,60.0,3.0
2022-11-28T13:00:00.000,subway,277,"7 Av (E,B,D)",Manhattan,metrocard,Metrocard - Fair Fare,8.0,0.0
2022-11-28T08:00:00.000,subway,404,28 St (6),Manhattan,omny,OMNY - Seniors & Disability,1.0,0.0
2022-11-28T02:00:00.000,subway,321,18 St (1),Manhattan,metrocard,Metrocard - Unlimited 7-Day,1.0,0.0
2022-11-28T18:00:00.000,subway,305,137 St-City College (1),Manhattan,metrocard,Metrocard - Fair Fare,18.0,0.0
2022-11-28T23:00:00.000,subway,405,23 St (6),Manhattan,omny,OMNY - Full Fare,84.0,2.0
2022-11-28T14:00:00.000,subway,307,116 St-Columbia University (1),Manhattan,metrocard,Metrocard - Fair Fare,25.0,0.0
2022-11-28T12:00:00.000,subway,232,2 Av (F),Manhattan,omny,OMNY - Full Fare,150.0,2.0
2022-11-28T15:00:00.000,subway,318,"34 St-Penn Station (1,2,3)",Manhattan,metrocard,Metrocard - Unlimited 30-Day,164.0,0.0
2022-11-28T01:00:00.000,subway,234,East Broadway (F),Manhattan,metrocard,Metrocard - Unlimited 7-Day,1.0,0.0
2022-11-28T19:00:00.000,subway,404,28 St (6),Manhattan,omny,OMNY - Full Fare,336.0,2.0
2022-11-28T17:00:00.000,subway,232,2 Av (F),Manhattan,metrocard,Metrocard - Unlimited 7-Day,99.0,0.0
2022-11-28T10:00:00.000,subway,277,"7 Av (E,B,D)",Manhattan,metrocard,Metrocard - Seniors & Disability,18.0,0.0
2022-11-28T16:00:00.000,subway,225,"47-50 Sts-Rockefeller Ctr (B,D,F,M)",Manhattan,omny,OMNY - Seniors & Disability,1.0,0.0
2022-11-28T06:00:00.000,subway,297,215 St (1),Manhattan,omny,OMNY - Full Fare,16.0,0.0
2022-11-28T20:00:00.000,subway,232,2 Av (F),Manhattan,metrocard,Metrocard - Fair Fare,11.0,0.0
2022-11-28T10:00:00.000,subway,306,125 St (1),Manhattan,omny,OMNY - Full Fare,94.0,1.0
2022-11-28T20:00:00.000,subway,310,"96 St (1,2,3)",Manhattan,metrocard,Metrocard - Unlimited 7-Day,72.0,0.0
2022-11-28T11:00:00.000,subway,299,Dyckman St (1),Manhattan,metrocard,Metrocard - Seniors & Disability,34.0,0.0
2022-11-28T11:00:00.000,subway,314,66 St-Lincoln Center (1),Manhattan,omny,OMNY - Full Fare,142.0,3.0
2022-11-28T08:00:00.000,subway,305,137 St-City College (1),Manhattan,metrocard,Metrocard - Fair Fare,54.0,0.0
2022-11-28T16:00:00.000,subway,395,103 St (6),Manhattan,metrocard,Metrocard - Unlimited 7-Day,80.0,0.0
2022-11-28T14:00:00.000,subway,404,28 St (6),Manhattan,metrocard,Metrocard - Students,73.0,0.0
2022-11-28T11:00:00.000,subway,398,77 St (6),Manhattan,metrocard,Metrocard - Fair Fare,10.0,0.0
2022-11-28T10:00:00.000,subway,398,77 St (6),Manhattan,metrocard,Metrocard - Other,24.0,0.0
2022-11-28T17:00:00.000,subway,324,Houston St (1),Manhattan,metrocard,Metrocard - Other,30.0,0.0
2022-11-28T22:00:00.000,subway,307,116 St-Columbia University (1),Manhattan,metrocard,Metrocard - Seniors & Disability,8.0,0.0
2022-11-28T06:00:00.000,subway,277,"7 Av (E,B,D)",Manhattan,metrocard,Metrocard - Other,7.0,1.0
2022-11-28T15:00:00.000,subway,396,96 St (6),Manhattan,metrocard,Metrocard - Seniors & Disability,40.0,7.0
2022-11-28T21:00:00.000,subway,306,125 St (1),Manhattan,metrocard,Metrocard - Other,14.0,0.0
2022-11-28T13:00:00.000,subway,228,"23 St (F,M)",Manhattan,metrocard,Metrocard - Unlimited 30-Day,77.0,0.0
2022-11-28T15:00:00.000,subway,228,"23 St (F,M)",Manhattan,omny,OMNY - Full Fare,419.0,4.0
2022-11-28T13:00:00.000,subway,310,"96 St (1,2,3)",Manhattan,metrocard,Metrocard - Fair Fare,40.0,1.0
2022-11-28T13:00:00.000,subway,325,Canal St (1),Manhattan,metrocard,Metrocard - Seniors & Disability,6.0,0.0
2022-11-28T17:00:00.000,subway,321,18 St (1),Manhattan,metrocard,Metrocard - Other,22.0,0.0
2022-11-28T12:00:00.000,subway,405,23 St (6),Manhattan,omny,OMNY - Full Fare,399.0,2.0
2022-11-28T07:00:00.000,subway,296,Marble Hill-225 St (1),Manhattan,metrocard,Metrocard - Seniors & Disability,6.0,2.0
2022-11-28T18:00:00.000,subway,303,157 St (1),Manhattan,omny,OMNY - Full Fare,121.0,4.0
2022-11-28T00:00:00.000,subway,320,23 St (1),Manhattan,metrocard,Metrocard - Unlimited 7-Day,13.0,0.0
2022-11-28T02:00:00.000,subway,407,Astor Pl (6),Manhattan,metrocard,Metrocard - Full Fare,5.0,0.0
2022-11-28T21:00:00.000,subway,395,103 St (6),Manhattan,metrocard,Metrocard - Fair Fare,11.0,1.0
2022-11-28T10:00:00.000,subway,323,Christopher St-Sheridan Sq (1),Manhattan,metrocard,Metrocard - Seniors & Disability,16.0,0.0
2022-11-28T22:00:00.000,subway,234,East Broadway (F),Manhattan,metrocard,Metrocard - Unlimited 7-Day,15.0,0.0
2022-11-28T06:00:00.000,subway,398,77 St (6),Manhattan,metrocard,Metrocard - Unlimited 7-Day,11.0,0.0
2022-11-28T21:00:00.000,subway,307,116 St-Columbia University (1),Manhattan,metrocard,Metrocard - Unlimited 30-Day,53.0,0.0
2022-11-28T21:00:00.000,subway,413,"Wall St (4,5)",Manhattan,omny,OMNY - Full Fare,77.0,0.0
2022-11-28T17:00:00.000,subway,296,Marble Hill-225 St (1),Manhattan,metrocard,Metrocard - Other,6.0,0.0
2022-11-28T18:00:00.000,subway,306,125 St (1),Manhattan,omny,OMNY - Seniors & Disability,1.0,0.0
2022-11-28T07:00:00.000,subway,223,"Lexington Av/63 St (F,Q)",Manhattan,metrocard,Metrocard - Unlimited 30-Day,50.0,0.0
2022-11-28T14:00:00.000,subway,316,50 St (1),Manhattan,metrocard,Metrocard - Unlimited 7-Day,100.0,0.0
2022-11-28T12:00:00.000,subway,222,Roosevelt Island (F),Manhattan,metrocard,Metrocard - Seniors & Disability,19.0,0.0
2022-11-28T07:00:00.000,subway,304,145 St (1),Manhattan,omny,OMNY - Full Fare,173.0,3.0
2022-11-28T16:00:00.000,subway,403,33 St (6),Manhattan,metrocard,Metrocard - Unlimited 7-Day,131.0,0.0
2022-11-28T18:00:00.000,subway,326,Franklin St (1),Manhattan,metrocard,Metrocard - Full Fare,79.0,0.0
2022-11-28T16:00:00.000,subway,276,"5 Av/53 St (E,M)",Manhattan,metrocard,Metrocard - Unlimited 7-Day,107.0,0.0
2022-11-28T13:00:00.000,subway,305,137 St-City College (1),Manhattan,metrocard,Metrocard - Unlimited 7-Day,48.0,0.0
2022-11-28T09:00:00.000,subway,311,86 St (1),Manhattan,omny,OMNY - Full Fare,382.0,14.0
2022-11-28T02:00:00.000,subway,405,23 St (6),Manhattan,metrocard,Metrocard - Full Fare,2.0,0.0
2022-11-28T21:00:00.000,subway,313,"72 St (1,2,3)",Manhattan,metrocard,Metrocard - Unlimited 30-Day,119.0,0.0
2022-11-28T19:00:00.000,subway,318,"34 St-Penn Station (1,2,3)",Manhattan,metrocard,Metrocard - Other,101.0,0.0
2022-11-28T20:00:00.000,subway,325,Canal St (1),Manhattan,metrocard,Metrocard - Fair Fare,3.0,0.0
2022-11-28T11:00:00.000,subway,306,125 St (1),Manhattan,metrocard,Metrocard - Unlimited 7-Day,15.0,0.0
2022-11-28T05:00:00.000,subway,397,"86 St (4,5,6)",Manhattan,metrocard,Metrocard - Full Fare,19.0,1.0
2022-11-28T06:00:00.000,subway,324,Houston St (1),Manhattan,metrocard,Metrocard - Full Fare,5.0,0.0
2022-11-28T12:00:00.000,subway,404,28 St (6),Manhattan,metrocard,Metrocard - Seniors & Disability,22.0,0.0
2022-11-28T06:00:00.000,subway,395,103 St (6),Manhattan,metrocard,Metrocard - Fair Fare,20.0,0.0
2022-11-28T16:00:00.000,subway,224,57 St (F),Manhattan,metrocard,Metrocard - Other,34.0,1.0
2022-11-28T13:00:00.000,subway,223,"Lexington Av/63 St (F,Q)",Manhattan,metrocard,Metrocard - Students,17.0,1.0
2022-11-28T07:00:00.000,subway,323,Christopher St-Sheridan Sq (1),Manhattan,omny,OMNY - Full Fare,130.0,1.0
2022-11-28T19:00:00.000,subway,314,66 St-Lincoln Center (1),Manhattan,metrocard,Metrocard - Unlimited 30-Day,94.0,0.0
2022-11-28T17:00:00.000,subway,234,East Broadway (F),Manhattan,omny,OMNY - Full Fare,263.0,2.0
2022-11-28T06:00:00.000,subway,405,23 St (6),Manhattan,metrocard,Metrocard - Unlimited 30-Day,13.0,0.0
2022-11-28T07:00:00.000,subway,297,215 St (1),Manhattan,metrocard,Metrocard - Unlimited 30-Day,25.0,0.0
2022-11-28T12:00:00.000,subway,296,Marble Hill-225 St (1),Manhattan,metrocard,Metrocard - Seniors & Disability,12.0,3.0
2022-11-28T18:00:00.000,subway,404,28 St (6),Manhattan,metrocard,Metrocard - Full Fare,182.0,1.0
2022-11-28T14:00:00.000,subway,234,East Broadway (F),Manhattan,metrocard,Metrocard - Students,161.0,0.0
2022-11-28T09:00:00.000,subway,297,215 St (1),Manhattan,metrocard,Metrocard - Full Fare,19.0,1.0
2022-11-28T13:00:00.000,subway,403,33 St (6),Manhattan,metrocard,Metrocard - Unlimited 30-Day,73.0,0.0
2022-11-28T08:00:00.000,subway,320,23 St (1),Manhattan,omny,OMNY - Full Fare,242.0,8.0
2022-11-28T19:00:00.000,subway,310,"96 St (1,2,3)",Manhattan,metrocard,Metrocard - Other,43.0,2.0
2022-11-28T20:00:00.000,subway,399,68 St-Hunter College (6),Manhattan,metrocard,Metrocard - Unlimited 30-Day,145.0,0.0
2022-11-28T07:00:00.000,subway,276,"5 Av/53 St (E,M)",Manhattan,metrocard,Metrocard - Fair Fare,1.0,0.0
2022-11-28T11:00:00.000,subway,232,2 Av (F),Manhattan,omny,OMNY - Seniors & Disability,1.0,0.0
2022-11-28T11:00:00.000,subway,299,Dyckman St (1),Manhattan,metrocard,Metrocard - Unlimited 7-Day,25.0,0.0
2022-11-28T16:00:00.000,subway,298,207 St (1),Manhattan,metrocard,Metrocard - Fair Fare,15.0,1.0
2022-11-28T10:00:00.000,subway,323,Christopher St-Sheridan Sq (1),Manhattan,metrocard,Metrocard - Unlimited 7-Day,24.0,0.0
2022-11-28T20:00:00.000,subway,314,66 St-Lincoln Center (1),Manhattan,metrocard,Metrocard - Other,22.0,0.0
2022-11-28T21:00:00.000,subway,404,28 St (6),Manhattan,metrocard,Metrocard - Other,7.0,0.0
2022-11-28T20:00:00.000,subway,311,86 St (1),Manhattan,metrocard,Metrocard - Seniors & Disability,13.0,0.0
2022-11-28T11:00:00.000,subway,409,Spring St (6),Manhattan,omny,OMNY - Full Fare,84.0,0.0
2022-11-28T09:00:00.000,subway,276,"5 Av/53 St (E,M)",Manhattan,metrocard,Metrocard - Unlimited 7-Day,21.0,0.0
2022-11-28T21:00:00.000,subway,309,103 St (1),Manhattan,omny,OMNY - Full Fare,68.0,1.0
2022-11-28T08:00:00.000,subway,324,Houston St (1),Manhattan,omny,OMNY - Full Fare,195.0,4.0
2022-11-28T23:00:00.000,subway,311,86 St (1),Manhattan,metrocard,Metrocard - Unlimited 30-Day,15.0,0.0
2022-11-28T00:00:00.000,subway,304,145 St (1),Manhattan,metrocard,Metrocard - Unlimited 30-Day,5.0,0.0
2022-11-28T05:00:00.000,subway,414,"Bowling Green (4,5)",Manhattan,metrocard,Metrocard - Seniors & Disability,4.0,2.0
2022-11-28T07:00:00.000,subway,404,28 St (6),Manhattan,metrocard,Metrocard - Unlimited 30-Day,57.0,0.0
2022-11-28T18:00:00.000,subway,325,Canal St (1),Manhattan,metrocard,Metrocard - Seniors & Disability,13.0,0.0
2022-11-28T08:00:00.000,subway,228,"23 St (F,M)",Manhattan,metrocard,Metrocard - Unlimited 30-Day,67.0,0.0
2022-11-28T19:00:00.000,subway,319,28 St (1),Manhattan,metrocard,Metrocard - Students,2.0,0.0
2022-11-28T10:00:00.000,subway,318,"34 St-Penn Station (1,2,3)",Manhattan,omny,OMNY - Seniors & Disability,1.0,1.0
2022-11-28T06:00:00.000,subway,319,28 St (1),Manhattan,omny,OMNY - Full Fare,25.0,0.0
2022-11-28T20:00:00.000,subway,394,110 St (6),Manhattan,metrocard,Metrocard - Full Fare,23.0,0.0
2022-11-28T13:00:00.000,subway,407,Astor Pl (6),Manhattan,metrocard,Metrocard - Unlimited 30-Day,38.0,0.0
2022-11-28T21:00:00.000,subway,298,207 St (1),Manhattan,omny,OMNY - Full Fare,17.0,2.0
2022-11-28T08:00:00.000,subway,307,116 St-Columbia University (1),Manhattan,metrocard,Metrocard - Unlimited 30-Day,32.0,0.0
2022-11-28T06:00:00.000,subway,316,50 St (1),Manhattan,metrocard,Metrocard - Unlimited 30-Day,13.0,0.0
2022-11-28T17:00:00.000,subway,407,Astor Pl (6),Manhattan,metrocard,Metrocard - Other,40.0,1.0
2022-11-28T15:00:00.000,subway,316,50 St (1),Manhattan,metrocard,Metrocard - Other,25.0,0.0
2022-11-28T11:00:00.000,subway,304,145 St (1),Manhattan,metrocard,Metrocard - Fair Fare,12.0,0.0
2022-11-28T16:00:00.000,subway,403,33 St (6),Manhattan,omny,OMNY - Full Fare,684.0,9.0
2022-11-28T22:00:00.000,subway,316,50 St (1),Manhattan,metrocard,Metrocard - Seniors & Disability,12.0,0.0
2022-11-28T13:00:00.000,subway,222,Roosevelt Island (F),Manhattan,omny,OMNY - Full Fare,79.0,0.0
2022-11-28T12:00:00.000,subway,225,"47-50 Sts-Rockefeller Ctr (B,D,F,M)",Manhattan,metrocard,Metrocard - Unlimited 30-Day,94.0,0.0
2022-11-28T00:00:00.000,subway,320,23 St (1),Manhattan,metrocard,Metrocard - Fair Fare,2.0,0.0
2022-11-28T20:00:00.000,subway,409,Spring St (6),Manhattan,metrocard,Metrocard - Fair Fare,6.0,0.0
2022-11-28T04:00:00.000,subway,310,"96 St (1,2,3)",Manhattan,metrocard,Metrocard - Full Fare,7.0,0.0
2022-11-28T22:00:00.000,subway,325,Canal St (1),Manhattan,metrocard,Metrocard - Unlimited 7-Day,7.0,0.0
2022-11-28T22:00:00.000,subway,299,Dyckman St (1),Manhattan,metrocard,Metrocard - Unlimited 30-Day,4.0,0.0
2022-11-28T21:00:00.000,subway,296,Marble Hill-225 St (1),Manhattan,metrocard,Metrocard - Unlimited 30-Day,4.0,0.0
2022-11-28T10:00:00.000,subway,300,191 St (1),Manhattan,metrocard,Metrocard - Full Fare,52.0,0.0
2022-11-28T23:00:00.000,subway,304,145 St (1),Manhattan,metrocard,Metrocard - Unlimited 30-Day,3.0,0.0
2022-11-28T20:00:00.000,subway,300,191 St (1),Manhattan,metrocard,Metrocard - Full Fare,19.0,1.0
2022-11-28T17:00:00.000,subway,320,23 St (1),Manhattan,omny,OMNY - Seniors & Disability,1.0,0.0
2022-11-28T13:00:00.000,subway,316,50 St (1),Manhattan,omny,OMNY - Full Fare,209.0,1.0
2022-11-28T21:00:00.000,subway,228,"23 St (F,M)",Manhattan,metrocard,Metrocard - Other,11.0,0.0
2022-11-28T22:00:00.000,subway,303,157 St (1),Manhattan,metrocard,Metrocard - Unlimited 7-Day,25.0,0.0
2022-11-28T09:00:00.000,subway,316,50 St (1),Manhattan,metrocard,Metrocard - Students,8.0,0.0
2022-11-28T22:00:00.000,subway,297,215 St (1),Manhattan,metrocard,Metrocard - Unlimited 7-Day,1.0,0.0
2022-11-28T15:00:00.000,subway,224,57 St (F),Manhattan,metrocard,Metrocard - Unlimited 7-Day,90.0,0.0
2022-11-28T03:00:00.000,subway,300,191 St (1),Manhattan,metrocard,Metrocard - Seniors & Disability,3.0,0.0
2022-11-28T11:00:00.000,subway,403,33 St (6),Manhattan,metrocard,Metrocard - Unlimited 7-Day,60.0,0.0
2022-11-28T07:00:00.000,subway,399,68 St-Hunter College (6),Manhattan,omny,OMNY - Full Fare,166.0,3.0
2022-11-28T07:00:00.000,subway,304,145 St (1),Manhattan,metrocard,Metrocard - Other,16.0,0.0
2022-11-28T21:00:00.000,subway,277,"7 Av (E,B,D)",Manhattan,metrocard,Metrocard - Full Fare,56.0,0.0
2022-11-28T18:00:00.000,subway,312,79 St (1),Manhattan,metrocard,Metrocard - Fair Fare,22.0,0.0
2022-11-28T05:00:00.000,subway,303,157 St (1),Manhattan,metrocard,Metrocard - Unlimited 7-Day,66.0,0.0
2022-11-28T02:00:00.000,subway,297,215 St (1),Manhattan,metrocard,Metrocard - Full Fare,1.0,0.0
2022-11-28T07:00:00.000,subway,404,28 St (6),Manhattan,metrocard,Metrocard - Seniors & Disability,11.0,0.0
2022-11-28T18:00:00.000,subway,396,96 St (6),Manhattan,metrocard,Metrocard - Unlimited 30-Day,142.0,0.0
2022-11-28T14:00:00.000,subway,303,157 St (1),Manhattan,metrocard,Metrocard - Full Fare,80.0,2.0
2022-11-28T09:00:00.000,subway,276,"5 Av/53 St (E,M)",Manhattan,metrocard,Metrocard - Unlimited 30-Day,5.0,0.0
2022-11-28T04:00:00.000,subway,298,207 St (1),Manhattan,metrocard,Metrocard - Full Fare,17.0,1.0
2022-11-28T00:00:00.000,subway,300,191 St (1),Manhattan,metrocard,Metrocard - Unlimited 7-Day,1.0,0.0
2022-11-28T08:00:00.000,subway,224,57 St (F),Manhattan,metrocard,Metrocard - Students,2.0,0.0
2022-11-28T13:00:00.000,subway,395,103 St (6),Manhattan,metrocard,Metrocard - Students,32.0,0.0
2022-11-28T00:00:00.000,subway,310,"96 St (1,2,3)",Manhattan,metrocard,Metrocard - Other,8.0,0.0
2022-11-28T06:00:00.000,subway,318,"34 St-Penn Station (1,2,3)",Manhattan,metrocard,Metrocard - Unlimited 7-Day,60.0,0.0
2022-11-28T10:00:00.000,subway,304,145 St (1),Manhattan,omny,OMNY - Seniors & Disability,1.0,0.0
2022-11-28T22:00:00.000,subway,314,66 St-Lincoln Center (1),Manhattan,omny,OMNY - Full Fare,189.0,4.0
2022-11-28T21:00:00.000,subway,231,"Grand St (B,D)",Manhattan,metrocard,Metrocard - Unlimited 7-Day,34.0,0.0
2022-11-28T08:00:00.000,subway,276,"5 Av/53 St (E,M)",Manhattan,metrocard,Metrocard - Students,3.0,0.0
2022-11-28T16:00:00.000,subway,314,66 St-Lincoln Center (1),Manhattan,omny,OMNY - Full Fare,450.0,22.0
2022-11-28T19:00:00.000,subway,277,"7 Av (E,B,D)",Manhattan,metrocard,Metrocard - Students,3.0,0.0
2022-11-28T22:00:00.000,subway,403,33 St (6),Manhattan,metrocard,Metrocard - Fair Fare,9.0,0.0
2022-11-28T17:00:00.000,subway,231,"Grand St (B,D)",Manhattan,metrocard,Metrocard - Students,91.0,2.0
2022-11-28T04:00:00.000,subway,223,"Lexington Av/63 St (F,Q)",Manhattan,metrocard,Metrocard - Fair Fare,2.0,1.0
2022-11-28T02:00:00.000,subway,224,57 St (F),Manhattan,metrocard,Metrocard - Unlimited 7-Day,1.0,0.0
2022-11-28T07:00:00.000,subway,319,28 St (1),Manhattan,metrocard,Metrocard - Unlimited 7-Day,20.0,0.0
2022-11-28T06:00:00.000,subway,307,116 St-Columbia University (1),Manhattan,omny,OMNY - Full Fare,22.0,1.0
2022-11-28T02:00:00.000,subway,399,68 St-Hunter College (6),Manhattan,metrocard,Metrocard - Unlimited 30-Day,1.0,0.0
2022-11-28T20:00:00.000,subway,277,"7 Av (E,B,D)",Manhattan,metrocard,Metrocard - Other,15.0,0.0
2022-11-28T17:00:00.000,subway,234,East Broadway (F),Manhattan,metrocard,Metrocard - Unlimited 7-Day,55.0,0.0
2022-11-28T15:00:00.000,subway,395,103 St (6),Manhattan,metrocard,Metrocard - Students,274.0,0.0
2022-11-28T06:00:00.000,subway,321,18 St (1),Manhattan,metrocard,Metrocard - Unlimited 30-Day,4.0,0.0
2022-11-28T09:00:00.000,subway,319,28 St (1),Manhattan,metrocard,Metrocard - Full Fare,80.0,0.0
2022-11-28T12:00:00.000,subway,228,"23 St (F,M)",Manhattan,metrocard,Metrocard - Seniors & Disability,34.0,5.0
2022-11-28T18:00:00.000,subway,234,East Broadway (F),Manhattan,metrocard,Metrocard - Fair Fare,30.0,1.0
2022-11-28T04:00:00.000,subway,396,96 St (6),Manhattan,metrocard,Metrocard - Other,1.0,0.0
2022-11-28T11:00:00.000,subway,232,2 Av (F),Manhattan,metrocard,Metrocard - Full Fare,46.0,1.0
2022-11-28T11:00:00.000,subway,310,"96 St (1,2,3)",Manhattan,omny,OMNY - Full Fare,368.0,10.0
2022-11-28T23:00:00.000,subway,399,68 St-Hunter College (6),Manhattan,metrocard,Metrocard - Full Fare,38.0,4.0
2022-11-28T19:00:00.000,subway,301,181 St (1),Manhattan,metrocard,Metrocard - Seniors & Disability,6.0,1.0
2022-11-28T18:00:00.000,subway,323,Christopher St-Sheridan Sq (1),Manhattan,metrocard,Metrocard - Unlimited 30-Day,57.0,0.0
2022-11-28T03:00:00.000,subway,277,"7 Av (E,B,D)",Manhattan,omny,OMNY - Full Fare,4.0,0.0
2022-11-28T13:00:00.000,subway,403,33 St (6),Manhattan,metrocard,Metrocard - Fair Fare,22.0,0.0
2022-11-28T12:00:00.000,subway,413,"Wall St (4,5)",Manhattan,metrocard,Metrocard - Unlimited 30-Day,42.0,0.0
2022-11-28T12:00:00.000,subway,399,68 St-Hunter College (6),Manhattan,metrocard,Metrocard - Full Fare,192.0,9.0
2022-11-28T06:00:00.000,subway,223,"Lexington Av/63 St (F,Q)",Manhattan,metrocard,Metrocard - Unlimited 7-Day,17.0,0.0
2022-11-28T22:00:00.000,subway,325,Canal St (1),Manhattan,metrocard,Metrocard - Unlimited 30-Day,5.0,0.0
2022-11-28T03:00:00.000,subway,300,191 St (1),Manhattan,metrocard,Metrocard - Unlimited 7-Day,2.0,0.0
2022-11-28T10:00:00.000,subway,312,79 St (1),Manhattan,metrocard,Metrocard - Seniors & Disability,45.0,3.0
2022-11-28T10:00:00.000,subway,228,"23 St (F,M)",Manhattan,omny,OMNY - Full Fare,215.0,7.0
2022-11-28T19:00:00.000,subway,310,"96 St (1,2,3)",Manhattan,omny,OMNY - Seniors & Disability,3.0,0.0
2022-11-28T18:00:00.000,subway,318,"34 St-Penn Station (1,2,3)",Manhattan,metrocard,Metrocard - Fair Fare,82.0,3.0
2022-11-28T07:00:00.000,subway,398,77 St (6),Manhattan,metrocard,Metrocard - Students,80.0,3.0
2022-11-28T19:00:00.000,subway,303,157 St (1),Manhattan,omny,OMNY - Seniors & Disability,1.0,0.0
2022-11-28T14:00:00.000,subway,303,157 St (1),Manhattan,metrocard,Metrocard - Other,14.0,0.0
2022-11-28T21:00:00.000,subway,405,23 St (6),Manhattan,metrocard,Metrocard - Fair Fare,21.0,0.0
2022-11-28T16:00:00.000,subway,318,"34 St-Penn Station (1,2,3)",Manhattan,metrocard,Metrocard - Students,80.0,2.0
2022-11-28T00:00:00.000,subway,314,66 St-Lincoln Center (1),Manhattan,metrocard,Metrocard - Full Fare,11.0,1.0
2022-11-28T11:00:00.000,subway,225,"47-50 Sts-Rockefeller Ctr (B,D,F,M)",Manhattan,omny,OMNY - Full Fare,276.0,3.0
2022-11-28T19:00:00.000,subway,311,86 St (1),Manhattan,omny,OMNY - Full Fare,195.0,12.0
2022-11-28T15:00:00.000,subway,323,Christopher St-Sheridan Sq (1),Manhattan,metrocard,Metrocard - Other,13.0,0.0
2022-11-28T17:00:00.000,subway,320,23 St (1),Manhattan,metrocard,Metrocard - Unlimited 7-Day,86.0,0.0
2022-11-28T08:00:00.000,subway,301,181 St (1),Manhattan,metrocard,Metrocard - Fair Fare,52.0,9.0
2022-11-28T21:00:00.000,subway,304,145 St (1),Manhattan,metrocard,Metrocard - Unlimited 7-Day,16.0,0.0
2022-11-28T13:00:00.000,subway,300,191 St (1),Manhattan,metrocard,Metrocard - Full Fare,42.0,1.0
2022-11-28T23:00:00.000,subway,299,Dyckman St (1),Manhattan,metrocard,Metrocard - Fair Fare,1.0,0.0
2022-11-28T06:00:00.000,subway,222,Roosevelt Island (F),Manhattan,metrocard,Metrocard - Unlimited 7-Day,15.0,0.0
2022-11-28T16:00:00.000,subway,297,215 St (1),Manhattan,omny,OMNY - Full Fare,35.0,0.0
2022-11-28T04:00:00.000,subway,296,Marble Hill-225 St (1),Manhattan,metrocard,Metrocard - Unlimited 30-Day,4.0,0.0
2022-11-28T11:00:00.000,subway,320,23 St (1),Manhattan,metrocard,Metrocard - Full Fare,76.0,4.0
2022-11-28T12:00:00.000,subway,299,Dyckman St (1),Manhattan,omny,OMNY - Full Fare,53.0,0.0
2022-11-28T19:00:00.000,subway,298,207 St (1),Manhattan,metrocard,Metrocard - Seniors & Disability,2.0,0.0
2022-11-28T11:00:00.000,subway,297,215 St (1),Manhattan,metrocard,Metrocard - Fair Fare,7.0,1.0
2022-11-28T22:00:00.000,subway,224,57 St (F),Manhattan,metrocard,Metrocard - Other,8.0,1.0
2022-11-28T13:00:00.000,subway,300,191 St (1),Manhattan,metrocard,Metrocard - Fair Fare,15.0,0.0
2022-11-28T08:00:00.000,subway,228,"23 St (F,M)",Manhattan,metrocard,Metrocard - Full Fare,343.0,9.0
2022-11-28T10:00:00.000,subway,314,66 St-Lincoln Center (1),Manhattan,omny,OMNY - Seniors & Disability,1.0,0.0
2022-11-28T06:00:00.000,subway,395,103 St (6),Manhattan,metrocard,Metrocard - Unlimited 30-Day,30.0,0.0
2022-11-28T18:00:00.000,subway,277,"7 Av (E,B,D)",Manhattan,omny,OMNY - Full Fare,573.0,0.0
2022-11-28T15:00:00.000,subway,407,Astor Pl (6),Manhattan,metrocard,Metrocard - Fair Fare,21.0,0.0
2022-11-28T03:00:00.000,subway,232,2 Av (F),Manhattan,metrocard,Metrocard - Other,2.0,0.0
2022-11-28T13:00:00.000,subway,405,23 St (6),Manhattan,metrocard,Metrocard - Seniors & Disability,39.0,5.0
2022-11-28T12:00:00.000,subway,312,79 St (1),Manhattan,metrocard,Metrocard - Unlimited 30-Day,43.0,0.0
2022-11-28T21:00:00.000,subway,306,125 St (1),Manhattan,metrocard,Metrocard - Unlimited 7-Day,16.0,0.0
2022-11-28T21:00:00.000,subway,299,Dyckman St (1),Manhattan,metrocard,Metrocard - Seniors & Disability,2.0,0.0
2022-11-28T04:00:00.000,subway,325,Canal St (1),Manhattan,metrocard,Metrocard - Full Fare,1.0,0.0
2022-11-28T08:00:00.000,subway,413,"Wall St (4,5)",Manhattan,metrocard,Metrocard - Unlimited 7-Day,33.0,0.0
2022-11-28T19:00:00.000,subway,321,18 St (1),Manhattan,metrocard,Metrocard - Unlimited 30-Day,35.0,0.0
2022-11-28T20:00:00.000,subway,320,23 St (1),Manhattan,metrocard,Metrocard - Fair Fare,12.0,0.0
2022-11-28T12:00:00.000,subway,324,Houston St (1),Manhattan,metrocard,Metrocard - Seniors & Disability,15.0,0.0
2022-11-28T07:00:00.000,subway,409,Spring St (6),Manhattan,metrocard,Metrocard - Unlimited 30-Day,16.0,0.0
2022-11-28T07:00:00.000,subway,413,"Wall St (4,5)",Manhattan,metrocard,Metrocard - Unlimited 30-Day,43.0,0.0
2022-11-28T09:00:00.000,subway,414,"Bowling Green (4,5)",Manhattan,metrocard,Metrocard - Students,20.0,11.0
2022-11-28T13:00:00.000,subway,323,Christopher St-Sheridan Sq (1),Manhattan,metrocard,Metrocard - Seniors & Disability,14.0,0.0
2022-11-28T09:00:00.000,subway,222,Roosevelt Island (F),Manhattan,metrocard,Metrocard - Unlimited 30-Day,109.0,0.0
2022-11-28T13:00:00.000,subway,301,181 St (1),Manhattan,metrocard,Metrocard - Students,9.0,0.0
2022-11-28T20:00:00.000,subway,300,191 St (1),Manhattan,metrocard,Metrocard - Seniors & Disability,4.0,0.0
2022-11-28T06:00:00.000,subway,222,Roosevelt Island (F),Manhattan,omny,OMNY - Full Fare,50.0,0.0
2022-11-28T16:00:00.000,subway,300,191 St (1),Manhattan,metrocard,Metrocard - Unlimited 7-Day,44.0,0.0
2022-11-28T05:00:00.000,subway,313,"72 St (1,2,3)",Manhattan,metrocard,Metrocard - Seniors & Disability,5.0,0.0
2022-11-28T12:00:00.000,subway,296,Marble Hill-225 St (1),Manhattan,metrocard,Metrocard - Students,11.0,0.0
2022-11-28T16:00:00.000,subway,413,"Wall St (4,5)",Manhattan,metrocard,Metrocard - Seniors & Disability,37.0,0.0
2022-11-28T19:00:00.000,subway,306,125 St (1),Manhattan,metrocard,Metrocard - Unlimited 7-Day,19.0,0.0
2022-11-28T14:00:00.000,subway,228,"23 St (F,M)",Manhattan,metrocard,Metrocard - Fair Fare,29.0,2.0
2022-11-28T03:00:00.000,subway,297,215 St (1),Manhattan,metrocard,Metrocard - Other,1.0,0.0
2022-11-28T08:00:00.000,subway,299,Dyckman St (1),Manhattan,metrocard,Metrocard - Full Fare,108.0,1.0
2022-11-28T22:00:00.000,subway,228,"23 St (F,M)",Manhattan,metrocard,Metrocard - Unlimited 7-Day,53.0,0.0
2022-11-28T22:00:00.000,subway,299,Dyckman St (1),Manhattan,metrocard,Metrocard - Full Fare,9.0,0.0
2022-11-28T13:00:00.000,subway,397,"86 St (4,5,6)",Manhattan,metrocard,Metrocard - Unlimited 30-Day,149.0,0.0
2022-11-28T01:00:00.000,subway,397,"86 St (4,5,6)",Manhattan,omny,OMNY - Full Fare,9.0,0.0
2022-11-28T22:00:00.000,subway,396,96 St (6),Manhattan,omny,OMNY - Full Fare,47.0,4.0
2022-11-28T18:00:00.000,subway,398,77 St (6),Manhattan,metrocard,Metrocard - Students,28.0,3.0
2022-11-28T08:00:00.000,subway,298,207 St (1),Manhattan,metrocard,Metrocard - Students,92.0,12.0
2022-11-28T10:00:00.000,subway,225,"47-50 Sts-Rockefeller Ctr (B,D,F,M)",Manhattan,metrocard,Metrocard - Students,9.0,0.0
2022-11-28T06:00:00.000,subway,319,28 St (1),Manhattan,metrocard,Metrocard - Full Fare,6.0,0.0
2022-11-28T05:00:00.000,subway,314,66 St-Lincoln Center (1),Manhattan,omny,OMNY - Full Fare,12.0,1.0
2022-11-28T04:00:00.000,subway,394,110 St (6),Manhattan,metrocard,Metrocard - Seniors & Disability,3.0,0.0
2022-11-28T04:00:00.000,subway,305,137 St-City College (1),Manhattan,metrocard,Metrocard - Unlimited 30-Day,7.0,0.0
2022-11-28T18:00:00.000,subway,222,Roosevelt Island (F),Manhattan,metrocard,Metrocard - Fair Fare,9.0,0.0
2022-11-28T18:00:00.000,subway,413,"Wall St (4,5)",Manhattan,metrocard,Metrocard - Unlimited 7-Day,77.0,0.0
2022-11-28T14:00:00.000,subway,298,207 St (1),Manhattan,metrocard,Metrocard - Full Fare,57.0,11.0
2022-11-28T16:00:00.000,subway,312,79 St (1),Manhattan,metrocard,Metrocard - Unlimited 7-Day,137.0,0.0
2022-11-28T08:00:00.000,subway,325,Canal St (1),Manhattan,omny,OMNY - Full Fare,64.0,0.0
2022-11-28T14:00:00.000,subway,224,57 St (F),Manhattan,metrocard,Metrocard - Seniors & Disability,20.0,2.0
2022-11-28T02:00:00.000,subway,307,116 St-Columbia University (1),Manhattan,metrocard,Metrocard - Full Fare,1.0,0.0
2022-11-28T06:00:00.000,subway,276,"5 Av/53 St (E,M)",Manhattan,omny,OMNY - Full Fare,14.0,5.0
2022-11-28T06:00:00.000,subway,303,157 St (1),Manhattan,metrocard,Metrocard - Fair Fare,23.0,1.0
2022-11-28T05:00:00.000,subway,399,68 St-Hunter College (6),Manhattan,metrocard,Metrocard - Full Fare,5.0,0.0
2022-11-28T06:00:00.000,subway,318,"34 St-Penn Station (1,2,3)",Manhattan,metrocard,Metrocard - Unlimited 30-Day,166.0,0.0
2022-11-28T19:00:00.000,subway,301,181 St (1),Manhattan,omny,OMNY - Full Fare,63.0,4.0
2022-11-28T01:00:00.000,subway,405,23 St (6),Manhattan,metrocard,Metrocard - Other,1.0,0.0
2022-11-28T17:00:00.000,subway,413,"Wall St (4,5)",Manhattan,metrocard,Metrocard - Fair Fare,35.0,0.0
2022-11-28T11:00:00.000,subway,414,"Bowling Green (4,5)",Manhattan,metrocard,Metrocard - Seniors & Disability,36.0,7.0
2022-11-28T18:00:00.000,subway,405,23 St (6),Manhattan,metrocard,Metrocard - Other,59.0,3.0
2022-11-28T17:00:00.000,subway,324,Houston St (1),Manhattan,metrocard,Metrocard - Fair Fare,20.0,0.0
2022-11-28T22:00:00.000,subway,305,137 St-City College (1),Manhattan,omny,OMNY - Full Fare,26.0,0.0
2022-11-28T20:00:00.000,subway,234,East Broadway (F),Manhattan,metrocard,Metrocard - Other,4.0,0.0
2022-11-28T01:00:00.000,subway,225,"47-50 Sts-Rockefeller Ctr (B,D,F,M)",Manhattan,metrocard,Metrocard - Other,9.0,0.0
2022-11-28T07:00:00.000,subway,325,Canal St (1),Manhattan,metrocard,Metrocard - Unlimited 30-Day,5.0,0.0
2022-11-28T00:00:00.000,subway,223,"Lexington Av/63 St (F,Q)",Manhattan,omny,OMNY - Full Fare,32.0,8.0
2022-11-28T12:00:00.000,subway,395,103 St (6),Manhattan,metrocard,Metrocard - Full Fare,59.0,0.0
2022-11-28T16:00:00.000,subway,223,"Lexington Av/63 St (F,Q)",Manhattan,metrocard,Metrocard - Full Fare,451.0,46.0
2022-11-28T09:00:00.000,subway,413,"Wall St (4,5)",Manhattan,metrocard,Metrocard - Other,18.0,0.0
2022-11-28T18:00:00.000,subway,404,28 St (6),Manhattan,metrocard,Metrocard - Fair Fare,16.0,0.0
2022-11-28T03:00:00.000,subway,223,"Lexington Av/63 St (F,Q)",Manhattan,metrocard,Metrocard - Seniors & Disability,1.0,0.0
2022-11-28T04:00:00.000,subway,314,66 St-Lincoln Center (1),Manhattan,metrocard,Metrocard - Unlimited 30-Day,1.0,0.0
2022-11-28T10:00:00.000,subway,397,"86 St (4,5,6)",Manhattan,metrocard,Metrocard - Fair Fare,16.0,3.0
2022-11-28T19:00:00.000,subway,413,"Wall St (4,5)",Manhattan,metrocard,Metrocard - Other,18.0,0.0
2022-11-28T17:00:00.000,subway,228,"23 St (F,M)",Manhattan,omny,OMNY - Seniors & Disability,1.0,0.0
2022-11-28T11:00:00.000,subway,228,"23 St (F,M)",Manhattan,metrocard,Metrocard - Students,8.0,2.0
2022-11-28T10:00:00.000,subway,299,Dyckman St (1),Manhattan,metrocard,Metrocard - Other,8.0,0.0
2022-11-28T13:00:00.000,subway,298,207 St (1),Manhattan,metrocard,Metrocard - Unlimited 7-Day,35.0,0.0
2022-11-28T12:00:00.000,subway,300,191 St (1),Manhattan,metrocard,Metrocard - Unlimited 30-Day,27.0,0.0
2022-11-28T00:00:00.000,subway,232,2 Av (F),Manhattan,metrocard,Metrocard - Unlimited 7-Day,13.0,0.0
2022-11-28T22:00:00.000,subway,399,68 St-Hunter College (6),Manhattan,omny,OMNY - Full Fare,118.0,4.0
2022-11-28T09:00:00.000,subway,311,86 St (1),Manhattan,metrocard,Metrocard - Other,35.0,1.0
2022-11-28T21:00:00.000,subway,222,Roosevelt Island (F),Manhattan,metrocard,Metrocard - Other,3.0,0.0
2022-11-28T00:00:00.000,subway,298,207 St (1),Manhattan,metrocard,Metrocard - Seniors & Disability,1.0,1.0
2022-11-28T18:00:00.000,subway,321,18 St (1),Manhattan,metrocard,Metrocard - Full Fare,93.0,1.0
2022-11-28T05:00:00.000,subway,300,191 St (1),Manhattan,metrocard,Metrocard - Students,4.0,0.0
2022-11-28T08:00:00.000,subway,323,Christopher St-Sheridan Sq (1),Manhattan,metrocard,Metrocard - Full Fare,81.0,0.0
2022-11-28T03:00:00.000,subway,301,181 St (1),Manhattan,metrocard,Metrocard - Full Fare,8.0,0.0
2022-11-28T23:00:00.000,subway,318,"34 St-Penn Station (1,2,3)",Manhattan,metrocard,Metrocard - Unlimited 7-Day,81.0,0.0
2022-11-28T06:00:00.000,subway,232,2 Av (F),Manhattan,metrocard,Metrocard - Full Fare,27.0,0.0
2022-11-28T14:00:00.000,subway,277,"7 Av (E,B,D)",Manhattan,omny,OMNY - Full Fare,225.0,0.0
2022-11-28T12:00:00.000,subway,398,77 St (6),Manhattan,omny,OMNY - Full Fare,300.0,6.0
2022-11-28T02:00:00.000,subway,231,"Grand St (B,D)",Manhattan,omny,OMNY - Full Fare,6.0,0.0
2022-11-28T21:00:00.000,subway,395,103 St (6),Manhattan,omny,OMNY - Full Fare,35.0,0.0
2022-11-28T17:00:00.000,subway,276,"5 Av/53 St (E,M)",Manhattan,metrocard,Metrocard - Seniors & Disability,48.0,1.0
2022-11-28T04:00:00.000,subway,224,57 St (F),Manhattan,omny,OMNY - Full Fare,4.0,0.0
2022-11-28T23:00:00.000,subway,319,28 St (1),Manhattan,metrocard,Metrocard - Other,1.0,0.0
2022-11-28T07:00:00.000,subway,403,33 St (6),Manhattan,metrocard,Metrocard - Seniors & Disability,16.0,1.0
2022-11-28T11:00:00.000,subway,320,23 St (1),Manhattan,metrocard,Metrocard - Students,3.0,0.0
2022-11-28T14:00:00.000,subway,409,Spring St (6),Manhattan,metrocard,Metrocard - Other,19.0,0.0
2022-11-28T08:00:00.000,subway,399,68 St-Hunter College (6),Manhattan,metrocard,Metrocard - Students,19.0,2.0
2022-11-28T06:00:00.000,subway,318,"34 St-Penn Station (1,2,3)",Manhattan,metrocard,Metrocard - Seniors & Disability,63.0,2.0
2022-11-28T07:00:00.000,subway,277,"7 Av (E,B,D)",Manhattan,metrocard,Metrocard - Students,10.0,0.0
2022-11-28T13:00:00.000,subway,307,116 St-Columbia University (1),Manhattan,metrocard,Metrocard - Other,13.0,0.0
2022-11-28T07:00:00.000,subway,395,103 St (6),Manhattan,omny,OMNY - Full Fare,180.0,3.0
2022-11-28T16:00:00.000,subway,310,"96 St (1,2,3)",Manhattan,metrocard,Metrocard - Full Fare,485.0,36.0
2022-11-28T14:00:00.000,subway,303,157 St (1),Manhattan,metrocard,Metrocard - Unlimited 30-Day,48.0,0.0
2022-11-28T02:00:00.000,subway,404,28 St (6),Manhattan,metrocard,Metrocard - Fair Fare,2.0,0.0
2022-11-28T18:00:00.000,subway,407,Astor Pl (6),Manhattan,metrocard,Metrocard - Seniors & Disability,22.0,0.0
2022-11-28T18:00:00.000,subway,325,Canal St (1),Manhattan,metrocard,Metrocard - Unlimited 30-Day,46.0,0.0
2022-11-28T22:00:00.000,subway,325,Canal St (1),Manhattan,metrocard,Metrocard - Full Fare,12.0,0.0
2022-11-28T15:00:00.000,subway,232,2 Av (F),Manhattan,metrocard,Metrocard - Other,19.0,0.0
2022-11-28T15:00:00.000,subway,310,"96 St (1,2,3)",Manhattan,metrocard,Metrocard - Students,225.0,34.0
2022-11-28T01:00:00.000,subway,306,125 St (1),Manhattan,metrocard,Metrocard - Other,6.0,0.0
2022-11-28T05:00:00.000,subway,299,Dyckman St (1),Manhattan,metrocard,Metrocard - Unlimited 30-Day,16.0,0.0
2022-11-28T18:00:00.000,subway,228,"23 St (F,M)",Manhattan,omny,OMNY - Full Fare,908.0,13.0
2022-11-28T08:00:00.000,subway,397,"86 St (4,5,6)",Manhattan,metrocard,Metrocard - Other,131.0,4.0
2022-11-28T01:00:00.000,subway,395,103 St (6),Manhattan,metrocard,Metrocard - Other,1.0,0.0
2022-11-28T04:00:00.000,subway,301,181 St (1),Manhattan,metrocard,Metrocard - Seniors & Disability,5.0,0.0
2022-11-28T17:00:00.000,subway,305,137 St-City College (1),Manhattan,metrocard,Metrocard - Full Fare,138.0,1.0
2022-11-28T14:00:00.000,subway,231,"Grand St (B,D)",Manhattan,metrocard,Metrocard - Full Fare,241.0,2.0
2022-11-28T02:00:00.000,subway,316,50 St (1),Manhattan,metrocard,Metrocard - Unlimited 7-Day,2.0,0.0
2022-11-28T16:00:00.000,subway,225,"47-50 Sts-Rockefeller Ctr (B,D,F,M)",Manhattan,metrocard,Metrocard - Unlimited 7-Day,378.0,0.0
2022-11-28T21:00:00.000,subway,231,"Grand St (B,D)",Manhattan,metrocard,Metrocard - Seniors & Disability,9.0,0.0
2022-11-28T11:00:00.000,subway,321,18 St (1),Manhattan,metrocard,Metrocard - Other,2.0,0.0
2022-11-28T12:00:00.000,subway,310,"96 St (1,2,3)",Manhattan,metrocard,Metrocard - Unlimited 30-Day,118.0,0.0
2022-11-28T08:00:00.000,subway,225,"47-50 Sts-Rockefeller Ctr (B,D,F,M)",Manhattan,metrocard,Metrocard - Full Fare,64.0,2.0
2022-11-28T03:00:00.000,subway,396,96 St (6),Manhattan,omny,OMNY - Full Fare,1.0,0.0
2022-11-28T09:00:00.000,subway,321,18 St (1),Manhattan,metrocard,Metrocard - Other,13.0,0.0
2022-11-28T20:00:00.000,subway,305,137 St-City College (1),Manhattan,metrocard,Metrocard - Unlimited 7-Day,25.0,0.0
2022-11-28T18:00:00.000,subway,307,116 St-Columbia University (1),Manhattan,metrocard,Metrocard - Full Fare,167.0,1.0
2022-11-28T20:00:00.000,subway,321,18 St (1),Manhattan,omny,OMNY - Full Fare,113.0,0.0
2022-11-28T18:00:00.000,subway,399,68 St-Hunter College (6),Manhattan,metrocard,Metrocard - Fair Fare,88.0,0.0
2022-11-28T18:00:00.000,subway,409,Spring St (6),Manhattan,metrocard,Metrocard - Full Fare,87.0,0.0
2022-11-28T13:00:00.000,subway,326,Franklin St (1),Manhattan,metrocard,Metrocard - Seniors & Disability,7.0,0.0
2022-11-28T16:00:00.000,subway,405,23 St (6),Manhattan,metrocard,Metrocard - Fair Fare,87.0,2.0
2022-11-28T06:00:00.000,subway,314,66 St-Lincoln Center (1),Manhattan,metrocard,Metrocard - Unlimited 30-Day,14.0,0.0
2022-11-28T05:00:00.000,subway,316,50 St (1),Manhattan,metrocard,Metrocard - Other,7.0,0.0
2022-11-28T08:00:00.000,subway,223,"Lexington Av/63 St (F,Q)",Manhattan,omny,OMNY - Seniors & Disability,1.0,0.0
2022-11-28T17:00:00.000,subway,319,28 St (1),Manhattan,omny,OMNY - Full Fare,561.0,0.0
2022-11-28T13:00:00.000,subway,325,Canal St (1),Manhattan,metrocard,Metrocard - Unlimited 30-Day,16.0,0.0
2022-11-28T11:00:00.000,subway,306,125 St (1),Manhattan,metrocard,Metrocard - Students,6.0,0.0
2022-11-28T12:00:00.000,subway,399,68 St-Hunter College (6),Manhattan,metrocard,Metrocard - Unlimited 7-Day,69.0,0.0
2022-11-28T04:00:00.000,subway,414,"Bowling Green (4,5)",Manhattan,metrocard,Metrocard - Fair Fare,1.0,1.0
2022-11-28T09:00:00.000,subway,277,"7 Av (E,B,D)",Manhattan,omny,OMNY - Full Fare,151.0,1.0
2022-11-28T14:00:00.000,subway,225,"47-50 Sts-Rockefeller Ctr (B,D,F,M)",Manhattan,metrocard,Metrocard - Fair Fare,43.0,0.0
2022-11-28T08:00:00.000,subway,316,50 St (1),Manhattan,omny,OMNY - Full Fare,257.0,3.0
2022-11-28T00:00:00.000,subway,312,79 St (1),Manhattan,metrocard,Metrocard - Unlimited 7-Day,10.0,0.0
2022-11-28T03:00:00.000,subway,405,23 St (6),Manhattan,metrocard,Metrocard - Unlimited 7-Day,2.0,0.0
2022-11-28T10:00:00.000,subway,414,"Bowling Green (4,5)",Manhattan,metrocard,Metrocard - Full Fare,105.0,29.0
2022-11-28T20:00:00.000,subway,222,Roosevelt Island (F),Manhattan,metrocard,Metrocard - Other,2.0,0.0
2022-11-28T22:00:00.000,subway,301,181 St (1),Manhattan,metrocard,Metrocard - Full Fare,14.0,2.0
2022-11-28T18:00:00.000,subway,297,215 St (1),Manhattan,metrocard,Metrocard - Other,7.0,0.0
2022-11-28T20:00:00.000,subway,396,96 St (6),Manhattan,metrocard,Metrocard - Students,9.0,0.0
2022-11-28T11:00:00.000,subway,318,"34 St-Penn Station (1,2,3)",Manhattan,metrocard,Metrocard - Full Fare,518.0,8.0
2022-11-28T06:00:00.000,subway,413,"Wall St (4,5)",Manhattan,metrocard,Metrocard - Fair Fare,1.0,0.0
2022-11-28T18:00:00.000,subway,311,86 St (1),Manhattan,metrocard,Metrocard - Full Fare,164.0,21.0
2022-11-28T23:00:00.000,subway,225,"47-50 Sts-Rockefeller Ctr (B,D,F,M)",Manhattan,metrocard,Metrocard - Unlimited 30-Day,65.0,0.0
2022-11-28T18:00:00.000,subway,394,110 St (6),Manhattan,metrocard,Metrocard - Other,12.0,0.0
2022-11-28T07:00:00.000,subway,307,116 St-Columbia University (1),Manhattan,metrocard,Metrocard - Students,56.0,0.0
2022-11-28T13:00:00.000,subway,300,191 St (1),Manhattan,metrocard,Metrocard - Unlimited 7-Day,34.0,0.0
2022-11-28T13:00:00.000,subway,234,East Broadway (F),Manhattan,metrocard,Metrocard - Seniors & Disability,30.0,0.0
2022-11-28T08:00:00.000,subway,310,"96 St (1,2,3)",Manhattan,metrocard,Metrocard - Fair Fare,53.0,1.0
2022-11-28T14:00:00.000,subway,276,"5 Av/53 St (E,M)",Manhattan,metrocard,Metrocard - Full Fare,238.0,1.0
2022-11-28T17:00:00.000,subway,300,191 St (1),Manhattan,metrocard,Metrocard - Students,18.0,0.0
2022-11-28T00:00:00.000,subway,398,77 St (6),Manhattan,metrocard,Metrocard - Full Fare,10.0,0.0
2022-11-28T08:00:00.000,subway,414,"Bowling Green (4,5)",Manhattan,metrocard,Metrocard - Unlimited 30-Day,86.0,0.0
2022-11-28T05:00:00.000,subway,296,Marble Hill-225 St (1),Manhattan,omny,OMNY - Full Fare,46.0,1.0
2022-11-28T15:00:00.000,subway,296,Marble Hill-225 St (1),Manhattan,metrocard,Metrocard - Full Fare,43.0,4.0
2022-11-28T08:00:00.000,subway,398,77 St (6),Manhattan,metrocard,Metrocard - Unlimited 30-Day,154.0,0.0
2022-11-28T06:00:00.000,subway,312,79 St (1),Manhattan,metrocard,Metrocard - Other,8.0,0.0
2022-11-28T23:00:00.000,subway,413,"Wall St (4,5)",Manhattan,metrocard,Metrocard - Unlimited 7-Day,27.0,0.0
2022-11-28T00:00:00.000,subway,305,137 St-City College (1),Manhattan,metrocard,Metrocard - Unlimited 7-Day,6.0,0.0
2022-11-28T02:00:00.000,subway,300,191 St (1),Manhattan,metrocard,Metrocard - Full Fare,2.0,0.0
2022-11-28T17:00:00.000,subway,314,66 St-Lincoln Center (1),Manhattan,metrocard,Metrocard - Seniors & Disability,45.0,5.0
2022-11-28T20:00:00.000,subway,397,"86 St (4,5,6)",Manhattan,metrocard,Metrocard - Seniors & Disability,36.0,5.0
2022-11-28T18:00:00.000,subway,323,Christopher St-Sheridan Sq (1),Manhattan,omny,OMNY - Full Fare,256.0,0.0
2022-11-28T05:00:00.000,subway,394,110 St (6),Manhattan,metrocard,Metrocard - Full Fare,38.0,0.0
2022-11-28T01:00:00.000,subway,409,Spring St (6),Manhattan,omny,OMNY - Full Fare,10.0,0.0
2022-11-28T11:00:00.000,subway,222,Roosevelt Island (F),Manhattan,metrocard,Metrocard - Fair Fare,4.0,0.0
2022-11-28T19:00:00.000,subway,277,"7 Av (E,B,D)",Manhattan,metrocard,Metrocard - Unlimited 30-Day,62.0,0.0
2022-11-28T22:00:00.000,subway,310,"96 St (1,2,3)",Manhattan,metrocard,Metrocard - Seniors & Disability,10.0,1.0
2022-11-28T21:00:00.000,subway,234,East Broadway (F),Manhattan,metrocard,Metrocard - Other,8.0,0.0
2022-11-28T18:00:00.000,subway,301,181 St (1),Manhattan,metrocard,Metrocard - Unlimited 30-Day,27.0,0.0
2022-11-28T05:00:00.000,subway,298,207 St (1),Manhattan,metrocard,Metrocard - Unlimited 30-Day,17.0,0.0
2022-11-28T11:00:00.000,subway,304,145 St (1),Manhattan,metrocard,Metrocard - Unlimited 30-Day,41.0,0.0
2022-11-28T20:00:00.000,subway,405,23 St (6),Manhattan,metrocard,Metrocard - Students,17.0,0.0
2022-11-28T17:00:00.000,subway,413,"Wall St (4,5)",Manhattan,metrocard,Metrocard - Students,32.0,0.0
2022-11-28T01:00:00.000,subway,232,2 Av (F),Manhattan,metrocard,Metrocard - Full Fare,5.0,0.0
2022-11-28T10:00:00.000,subway,311,86 St (1),Manhattan,metrocard,Metrocard - Other,23.0,0.0
2022-11-28T21:00:00.000,subway,320,23 St (1),Manhattan,metrocard,Metrocard - Other,16.0,0.0
2022-11-28T13:00:00.000,subway,396,96 St (6),Manhattan,metrocard,Metrocard - Full Fare,128.0,11.0
2022-11-28T14:00:00.000,subway,396,96 St (6),Manhattan,metrocard,Metrocard - Unlimited 7-Day,62.0,0.0
2022-11-28T11:00:00.000,subway,321,18 St (1),Manhattan,metrocard,Metrocard - Seniors & Disability,8.0,0.0
2022-11-28T07:00:00.000,subway,397,"86 St (4,5,6)",Manhattan,omny,OMNY - Seniors & Disability,1.0,0.0
2022-11-28T08:00:00.000,subway,225,"47-50 Sts-Rockefeller Ctr (B,D,F,M)",Manhattan,metrocard,Metrocard - Other,8.0,1.0
2022-11-28T19:00:00.000,subway,396,96 St (6),Manhattan,metrocard,Metrocard - Fair Fare,19.0,0.0
2022-11-28T08:00:00.000,subway,320,23 St (1),Manhattan,metrocard,Metrocard - Students,31.0,4.0
2022-11-28T11:00:00.000,subway,409,Spring St (6),Manhattan,metrocard,Metrocard - Unlimited 7-Day,31.0,0.0
2022-11-28T15:00:00.000,subway,403,33 St (6),Manhattan,omny,OMNY - Seniors & Disability,1.0,0.0
2022-11-28T02:00:00.000,subway,318,"34 St-Penn Station (1,2,3)",Manhattan,metrocard,Metrocard - Other,8.0,0.0
2022-11-28T12:00:00.000,subway,277,"7 Av (E,B,D)",Manhattan,metrocard,Metrocard - Unlimited 7-Day,44.0,0.0
2022-11-28T08:00:00.000,subway,296,Marble Hill-225 St (1),Manhattan,omny,OMNY - Full Fare,116.0,4.0
2022-11-28T20:00:00.000,subway,316,50 St (1),Manhattan,metrocard,Metrocard - Full Fare,112.0,0.0
2022-11-28T22:00:00.000,subway,316,50 St (1),Manhattan,metrocard,Metrocard - Unlimited 7-Day,107.0,0.0
2022-11-28T13:00:00.000,subway,409,Spring St (6),Manhattan,metrocard,Metrocard - Seniors & Disability,14.0,0.0
2022-11-28T23:00:00.000,subway,324,Houston St (1),Manhattan,metrocard,Metrocard - Unlimited 30-Day,11.0,0.0
2022-11-28T15:00:00.000,subway,398,77 St (6),Manhattan,metrocard,Metrocard - Full Fare,502.0,9.0
2022-11-28T10:00:00.000,subway,277,"7 Av (E,B,D)",Manhattan,metrocard,Metrocard - Unlimited 7-Day,37.0,0.0
2022-11-28T22:00:00.000,subway,306,125 St (1),Manhattan,metrocard,Metrocard - Unlimited 30-Day,12.0,0.0
2022-11-28T04:00:00.000,subway,298,207 St (1),Manhattan,omny,OMNY - Full Fare,10.0,3.0
2022-11-28T13:00:00.000,subway,222,Roosevelt Island (F),Manhattan,metrocard,Metrocard - Fair Fare,5.0,0.0
2022-11-28T10:00:00.000,subway,321,18 St (1),Manhattan,metrocard,Metrocard - Fair Fare,2.0,0.0
2022-11-28T03:00:00.000,subway,305,137 St-City College (1),Manhattan,metrocard,Metrocard - Other,1.0,0.0
2022-11-28T18:00:00.000,subway,398,77 St (6),Manhattan,metrocard,Metrocard - Other,60.0,4.0
2022-11-28T21:00:00.000,subway,397,"86 St (4,5,6)",Manhattan,metrocard,Metrocard - Seniors & Disability,23.0,0.0
2022-11-28T11:00:00.000,subway,414,"Bowling Green (4,5)",Manhattan,omny,OMNY - Full Fare,167.0,33.0
2022-11-28T11:00:00.000,subway,404,28 St (6),Manhattan,metrocard,Metrocard - Fair Fare,16.0,0.0
2022-11-28T16:00:00.000,subway,394,110 St (6),Manhattan,metrocard,Metrocard - Seniors & Disability,17.0,1.0
2022-11-28T09:00:00.000,subway,312,79 St (1),Manhattan,omny,OMNY - Full Fare,281.0,10.0
2022-11-28T16:00:00.000,subway,313,"72 St (1,2,3)",Manhattan,metrocard,Metrocard - Unlimited 7-Day,272.0,0.0
2022-11-28T17:00:00.000,subway,305,137 St-City College (1),Manhattan,metrocard,Metrocard - Students,27.0,0.0
2022-11-28T06:00:00.000,subway,324,Houston St (1),Manhattan,metrocard,Metrocard - Other,2.0,0.0
2022-11-28T00:00:00.000,subway,321,18 St (1),Manhattan,metrocard,Metrocard - Fair Fare,1.0,0.0
2022-11-28T06:00:00.000,subway,320,23 St (1),Manhattan,metrocard,Metrocard - Unlimited 30-Day,10.0,0.0
2022-11-28T09:00:00.000,subway,398,77 St (6),Manhattan,metrocard,Metrocard - Seniors & Disability,37.0,4.0
2022-11-28T07:00:00.000,subway,318,"34 St-Penn Station (1,2,3)",Manhattan,metrocard,Metrocard - Fair Fare,24.0,0.0
2022-11-28T20:00:00.000,subway,404,28 St (6),Manhattan,metrocard,Metrocard - Students,8.0,0.0
2022-11-28T11:00:00.000,subway,404,28 St (6),Manhattan,metrocard,Metrocard - Unlimited 7-Day,25.0,0.0
2022-11-28T17:00:00.000,subway,225,"47-50 Sts-Rockefeller Ctr (B,D,F,M)",Manhattan,metrocard,Metrocard - Seniors & Disability,322.0,3.0
2022-11-28T17:00:00.000,subway,395,103 St (6),Manhattan,metrocard,Metrocard - Seniors & Disability,17.0,0.0
2022-11-28T08:00:00.000,subway,304,145 St (1),Manhattan,metrocard,Metrocard - Seniors & Disability,25.0,0.0
2022-11-28T12:00:00.000,subway,396,96 St (6),Manhattan,metrocard,Metrocard - Seniors & Disability,36.0,7.0
2022-11-28T06:00:00.000,subway,405,23 St (6),Manhattan,metrocard,Metrocard - Other,8.0,3.0
2022-11-28T03:00:00.000,subway,297,215 St (1),Manhattan,metrocard,Metrocard - Unlimited 30-Day,1.0,0.0
2022-11-28T17:00:00.000,subway,297,215 St (1),Manhattan,metrocard,Metrocard - Seniors & Disability,1.0,0.0
2022-11-28T07:00:00.000,subway,323,Christopher St-Sheridan Sq (1),Manhattan,metrocard,Metrocard - Full Fare,29.0,1.0
2022-11-28T01:00:00.000,subway,311,86 St (1),Manhattan,metrocard,Metrocard - Fair Fare,1.0,0.0
2022-11-28T19:00:00.000,subway,405,23 St (6),Manhattan,metrocard,Metrocard - Unlimited 7-Day,75.0,0.0
2022-11-28T04:00:00.000,subway,228,"23 St (F,M)",Manhattan,metrocard,Metrocard - Other,1.0,0.0
2022-11-28T06:00:00.000,subway,299,Dyckman St (1),Manhattan,metrocard,Metrocard - Fair Fare,19.0,0.0
2022-11-28T10:00:00.000,subway,231,"Grand St (B,D)",Manhattan,metrocard,Metrocard - Other,7.0,0.0
2022-11-28T15:00:00.000,subway,321,18 St (1),Manhattan,omny,OMNY - Full Fare,146.0,0.0
2022-11-28T01:00:00.000,subway,316,50 St (1),Manhattan,metrocard,Metrocard - Fair Fare,1.0,0.0
2022-11-28T07:00:00.000,subway,303,157 St (1),Manhattan,omny,OMNY - Full Fare,200.0,5.0
2022-11-28T06:00:00.000,subway,296,Marble Hill-225 St (1),Manhattan,metrocard,Metrocard - Unlimited 7-Day,37.0,0.0
2022-11-28T18:00:00.000,subway,312,79 St (1),Manhattan,metrocard,Metrocard - Full Fare,155.0,14.0
2022-11-28T10:00:00.000,subway,299,Dyckman St (1),Manhattan,metrocard,Metrocard - Students,8.0,0.0
2022-11-28T20:00:00.000,subway,298,207 St (1),Manhattan,metrocard,Metrocard - Unlimited 30-Day,22.0,0.0
2022-11-28T07:00:00.000,subway,413,"Wall St (4,5)",Manhattan,metrocard,Metrocard - Full Fare,54.0,7.0
2022-11-28T22:00:00.000,subway,413,"Wall St (4,5)",Manhattan,metrocard,Metrocard - Other,9.0,0.0
2022-11-28T14:00:00.000,subway,306,125 St (1),Manhattan,metrocard,Metrocard - Seniors & Disability,20.0,0.0
2022-11-28T11:00:00.000,subway,397,"86 St (4,5,6)",Manhattan,omny,OMNY - Full Fare,358.0,10.0
2022-11-28T06:00:00.000,subway,414,"Bowling Green (4,5)",Manhattan,metrocard,Metrocard - Unlimited 7-Day,49.0,0.0
2022-11-28T07:00:00.000,subway,409,Spring St (6),Manhattan,metrocard,Metrocard - Students,22.0,0.0
2022-11-28T11:00:00.000,subway,232,2 Av (F),Manhattan,metrocard,Metrocard - Seniors & Disability,21.0,1.0
2022-11-28T19:00:00.000,subway,414,"Bowling Green (4,5)",Manhattan,metrocard,Metrocard - Fair Fare,23.0,3.0
2022-11-28T09:00:00.000,subway,232,2 Av (F),Manhattan,metrocard,Metrocard - Unlimited 30-Day,36.0,0.0
2022-11-28T22:00:00.000,subway,306,125 St (1),Manhattan,metrocard,Metrocard - Full Fare,26.0,0.0
2022-11-28T21:00:00.000,subway,394,110 St (6),Manhattan,omny,OMNY - Full Fare,23.0,0.0
2022-11-28T07:00:00.000,subway,225,"47-50 Sts-Rockefeller Ctr (B,D,F,M)",Manhattan,metrocard,Metrocard - Full Fare,50.0,9.0
2022-11-28T16:00:00.000,subway,228,"23 St (F,M)",Manhattan,metrocard,Metrocard - Other,61.0,0.0
2022-11-28T23:00:00.000,subway,311,86 St (1),Manhattan,metrocard,Metrocard - Unlimited 7-Day,29.0,0.0
2022-11-28T05:00:00.000,subway,407,Astor Pl (6),Manhattan,metrocard,Metrocard - Seniors & Disability,2.0,0.0
2022-11-28T13:00:00.000,subway,316,50 St (1),Manhattan,metrocard,Metrocard - Fair Fare,13.0,0.0
2022-11-28T21:00:00.000,subway,316,50 St (1),Manhattan,metrocard,Metrocard - Unlimited 30-Day,67.0,0.0
2022-11-28T20:00:00.000,subway,404,28 St (6),Manhattan,metrocard,Metrocard - Unlimited 30-Day,56.0,0.0
2022-11-28T10:00:00.000,subway,307,116 St-Columbia University (1),Manhattan,metrocard,Metrocard - Other,8.0,0.0
2022-11-28T13:00:00.000,subway,314,66 St-Lincoln Center (1),Manhattan,metrocard,Metrocard - Students,99.0,4.0
2022-11-28T22:00:00.000,subway,297,215 St (1),Manhattan,metrocard,Metrocard - Fair Fare,1.0,0.0
2022-11-28T19:00:00.000,subway,403,33 St (6),Manhattan,omny,OMNY - Full Fare,425.0,5.0
2022-11-28T02:00:00.000,subway,403,33 St (6),Manhattan,metrocard,Metrocard - Other,1.0,0.0
2022-11-28T08:00:00.000,subway,276,"5 Av/53 St (E,M)",Manhattan,metrocard,Metrocard - Other,2.0,0.0
2022-11-28T06:00:00.000,subway,395,103 St (6),Manhattan,metrocard,Metrocard - Seniors & Disability,7.0,0.0
2022-11-28T17:00:00.000,subway,306,125 St (1),Manhattan,metrocard,Metrocard - Other,16.0,1.0
2022-11-28T10:00:00.000,subway,319,28 St (1),Manhattan,metrocard,Metrocard - Other,15.0,0.0
2022-11-28T17:00:00.000,subway,299,Dyckman St (1),Manhattan,metrocard,Metrocard - Other,18.0,0.0
2022-11-28T01:00:00.000,subway,414,"Bowling Green (4,5)",Manhattan,metrocard,Metrocard - Unlimited 7-Day,1.0,0.0
2022-11-28T10:00:00.000,subway,407,Astor Pl (6),Manhattan,metrocard,Metrocard - Unlimited 30-Day,33.0,0.0
2022-11-28T13:00:00.000,subway,326,Franklin St (1),Manhattan,metrocard,Metrocard - Full Fare,39.0,0.0
2022-11-28T19:00:00.000,subway,296,Marble Hill-225 St (1),Manhattan,metrocard,Metrocard - Fair Fare,4.0,0.0
2022-11-28T02:00:00.000,subway,323,Christopher St-Sheridan Sq (1),Manhattan,metrocard,Metrocard - Unlimited 30-Day,7.0,0.0
2022-11-28T14:00:00.000,subway,395,103 St (6),Manhattan,metrocard,Metrocard - Unlimited 30-Day,61.0,0.0
2022-11-28T10:00:00.000,subway,326,Franklin St (1),Manhattan,metrocard,Metrocard - Unlimited 7-Day,4.0,0.0
2022-11-28T01:00:00.000,subway,277,"7 Av (E,B,D)",Manhattan,metrocard,Metrocard - Full Fare,2.0,0.0
2022-11-28T04:00:00.000,subway,395,103 St (6),Manhattan,omny,OMNY - Full Fare,11.0,0.0
2022-11-28T14:00:00.000,subway,223,"Lexington Av/63 St (F,Q)",Manhattan,omny,OMNY - Seniors & Disability,3.0,1.0
2022-11-28T23:00:00.000,subway,316,50 St (1),Manhattan,metrocard,Metrocard - Full Fare,47.0,1.0
2022-11-28T21:00:00.000,subway,395,103 St (6),Manhattan,metrocard,Metrocard - Other,3.0,0.0
2022-11-28T18:00:00.000,subway,304,145 St (1),Manhattan,metrocard,Metrocard - Full Fare,36.0,3.0
2022-11-28T12:00:00.000,subway,326,Franklin St (1),Manhattan,metrocard,Metrocard - Unlimited 30-Day,7.0,0.0
2022-11-28T19:00:00.000,subway,316,50 St (1),Manhattan,metrocard,Metrocard - Unlimited 7-Day,92.0,0.0
2022-11-28T21:00:00.000,subway,276,"5 Av/53 St (E,M)",Manhattan,metrocard,Metrocard - Fair Fare,3.0,0.0
2022-11-28T05:00:00.000,subway,304,145 St (1),Manhattan,metrocard,Metrocard - Seniors & Disability,7.0,0.0
2022-11-28T19:00:00.000,subway,303,157 St (1),Manhattan,metrocard,Metrocard - Seniors & Disability,5.0,0.0
2022-11-28T11:00:00.000,subway,397,"86 St (4,5,6)",Manhattan,metrocard,Metrocard - Full Fare,207.0,10.0
2022-11-28T03:00:00.000,subway,407,Astor Pl (6),Manhattan,metrocard,Metrocard - Other,2.0,0.0
2022-11-28T06:00:00.000,subway,321,18 St (1),Manhattan,metrocard,Metrocard - Unlimited 7-Day,1.0,0.0
2022-11-28T12:00:00.000,subway,298,207 St (1),Manhattan,metrocard,Metrocard - Seniors & Disability,12.0,2.0
2022-11-28T14:00:00.000,subway,224,57 St (F),Manhattan,metrocard,Metrocard - Students,8.0,0.0
2022-11-28T18:00:00.000,subway,396,96 St (6),Manhattan,metrocard,Metrocard - Full Fare,165.0,9.0
2022-11-28T23:00:00.000,subway,407,Astor Pl (6),Manhattan,omny,OMNY - Full Fare,68.0,0.0
2022-11-28T13:00:00.000,subway,324,Houston St (1),Manhattan,omny,OMNY - Full Fare,140.0,0.0
2022-11-28T04:00:00.000,subway,404,28 St (6),Manhattan,metrocard,Metrocard - Other,2.0,0.0
2022-11-28T03:00:00.000,subway,223,"Lexington Av/63 St (F,Q)",Manhattan,metrocard,Metrocard - Other,2.0,0.0
2022-11-28T11:00:00.000,subway,234,East Broadway (F),Manhattan,omny,OMNY - Full Fare,138.0,1.0
2022-11-28T01:00:00.000,subway,314,66 St-Lincoln Center (1),Manhattan,metrocard,Metrocard - Unlimited 7-Day,4.0,0.0
2022-11-28T21:00:00.000,subway,316,50 St (1),Manhattan,metrocard,Metrocard - Fair Fare,13.0,1.0
2022-11-28T03:00:00.000,subway,306,125 St (1),Manhattan,metrocard,Metrocard - Unlimited 30-Day,5.0,0.0
2022-11-28T10:00:00.000,subway,305,137 St-City College (1),Manhattan,omny,OMNY - Full Fare,173.0,1.0
2022-11-28T10:00:00.000,subway,299,Dyckman St (1),Manhattan,metrocard,Metrocard - Unlimited 30-Day,17.0,0.0
2022-11-28T06:00:00.000,subway,300,191 St (1),Manhattan,metrocard,Metrocard - Full Fare,100.0,0.0
2022-11-28T02:00:00.000,subway,319,28 St (1),Manhattan,metrocard,Metrocard - Fair Fare,1.0,0.0
2022-11-28T18:00:00.000,subway,232,2 Av (F),Manhattan,metrocard,Metrocard - Fair Fare,7.0,0.0
2022-11-28T11:00:00.000,subway,305,137 St-City College (1),Manhattan,metrocard,Metrocard - Unlimited 30-Day,53.0,0.0
2022-11-28T23:00:00.000,subway,298,207 St (1),Manhattan,metrocard,Metrocard - Seniors & Disability,1.0,0.0
2022-11-28T09:00:00.000,subway,307,116 St-Columbia University (1),Manhattan,metrocard,Metrocard - Students,2.0,0.0
2022-11-28T13:00:00.000,subway,414,"Bowling Green (4,5)",Manhattan,metrocard,Metrocard - Students,26.0,2.0
2022-11-28T09:00:00.000,subway,314,66 St-Lincoln Center (1),Manhattan,metrocard,Metrocard - Full Fare,90.0,1.0
2022-11-28T21:00:00.000,subway,324,Houston St (1),Manhattan,metrocard,Metrocard - Other,10.0,0.0
2022-11-28T11:00:00.000,subway,405,23 St (6),Manhattan,metrocard,Metrocard - Other,27.0,1.0
2022-11-28T17:00:00.000,subway,395,103 St (6),Manhattan,metrocard,Metrocard - Fair Fare,32.0,0.0
2022-11-28T14:00:00.000,subway,394,110 St (6),Manhattan,metrocard,Metrocard - Students,79.0,2.0
2022-11-28T22:00:00.000,subway,414,"Bowling Green (4,5)",Manhattan,metrocard,Metrocard - Seniors & Disability,9.0,0.0
2022-11-28T00:00:00.000,subway,399,68 St-Hunter College (6),Manhattan,metrocard,Metrocard - Fair Fare,4.0,0.0
2022-11-28T21:00:00.000,subway,321,18 St (1),Manhattan,metrocard,Metrocard - Fair Fare,6.0,0.0
2022-11-28T00:00:00.000,subway,298,207 St (1),Manhattan,metrocard,Metrocard - Other,5.0,0.0
2022-11-28T17:00:00.000,subway,303,157 St (1),Manhattan,metrocard,Metrocard - Full Fare,79.0,10.0
2022-11-28T16:00:00.000,subway,228,"23 St (F,M)",Manhattan,metrocard,Metrocard - Unlimited 30-Day,172.0,0.0
2022-11-28T08:00:00.000,subway,405,23 St (6),Manhattan,omny,OMNY - Full Fare,582.0,32.0
2022-11-28T09:00:00.000,subway,307,116 St-Columbia University (1),Manhattan,metrocard,Metrocard - Fair Fare,9.0,0.0
2022-11-28T00:00:00.000,subway,320,23 St (1),Manhattan,metrocard,Metrocard - Full Fare,10.0,0.0
2022-11-28T11:00:00.000,subway,316,50 St (1),Manhattan,metrocard,Metrocard - Unlimited 30-Day,33.0,0.0
2022-11-28T20:00:00.000,subway,397,"86 St (4,5,6)",Manhattan,metrocard,Metrocard - Fair Fare,35.0,2.0
2022-11-28T19:00:00.000,subway,407,Astor Pl (6),Manhattan,metrocard,Metrocard - Unlimited 7-Day,32.0,0.0
2022-11-28T12:00:00.000,subway,228,"23 St (F,M)",Manhattan,metrocard,Metrocard - Full Fare,138.0,7.0
2022-11-28T01:00:00.000,subway,231,"Grand St (B,D)",Manhattan,metrocard,Metrocard - Seniors & Disability,1.0,0.0
2022-11-28T07:00:00.000,subway,312,79 St (1),Manhattan,metrocard,Metrocard - Full Fare,91.0,0.0
2022-11-28T07:00:00.000,subway,299,Dyckman St (1),Manhattan,omny,OMNY - Full Fare,139.0,0.0
2022-11-28T22:00:00.000,subway,225,"47-50 Sts-Rockefeller Ctr (B,D,F,M)",Manhattan,omny,OMNY - Seniors & Disability,1.0,0.0
2022-11-28T01:00:00.000,subway,397,"86 St (4,5,6)",Manhattan,metrocard,Metrocard - Full Fare,13.0,1.0
2022-11-28T15:00:00.000,subway,304,145 St (1),Manhattan,metrocard,Metrocard - Full Fare,64.0,4.0
2022-11-28T14:00:00.000,subway,306,125 St (1),Manhattan,omny,OMNY - Full Fare,121.0,3.0
2022-11-28T13:00:00.000,subway,321,18 St (1),Manhattan,metrocard,Metrocard - Seniors & Disability,16.0,0.0
2022-11-28T08:00:00.000,subway,323,Christopher St-Sheridan Sq (1),Manhattan,metrocard,Metrocard - Students,20.0,1.0
2022-11-28T07:00:00.000,subway,296,Marble Hill-225 St (1),Manhattan,metrocard,Metrocard - Students,94.0,4.0
2022-11-28T05:00:00.000,subway,306,125 St (1),Manhattan,metrocard,Metrocard - Fair Fare,5.0,0.0
2022-11-28T16:00:00.000,subway,396,96 St (6),Manhattan,metrocard,Metrocard - Fair Fare,48.0,4.0
2022-11-28T18:00:00.000,subway,326,Franklin St (1),Manhattan,metrocard,Metrocard - Other,15.0,0.0
2022-11-28T12:00:00.000,subway,314,66 St-Lincoln Center (1),Manhattan,metrocard,Metrocard - Fair Fare,13.0,1.0
2022-11-28T09:00:00.000,subway,405,23 St (6),Manhattan,metrocard,Metrocard - Seniors & Disability,32.0,5.0
2022-11-28T15:00:00.000,subway,318,"34 St-Penn Station (1,2,3)",Manhattan,metrocard,Metrocard - Other,107.0,0.0
2022-11-28T08:00:00.000,subway,311,86 St (1),Manhattan,metrocard,Metrocard - Seniors & Disability,68.0,5.0
2022-11-28T00:00:00.000,subway,310,"96 St (1,2,3)",Manhattan,omny,OMNY - Full Fare,27.0,1.0
2022-11-28T12:00:00.000,subway,305,137 St-City College (1),Manhattan,metrocard,Metrocard - Fair Fare,26.0,0.0
2022-11-28T14:00:00.000,subway,398,77 St (6),Manhattan,metrocard,Metrocard - Other,29.0,1.0
2022-11-28T08:00:00.000,subway,297,215 St (1),Manhattan,omny,OMNY - Seniors & Disability,1.0,0.0
2022-11-28T12:00:00.000,subway,316,50 St (1),Manhattan,metrocard,Metrocard - Unlimited 7-Day,71.0,0.0
2022-11-28T16:00:00.000,subway,404,28 St (6),Manhattan,metrocard,Metrocard - Seniors & Disability,34.0,1.0
2022-11-28T09:00:00.000,subway,320,23 St (1),Manhattan,metrocard,Metrocard - Unlimited 30-Day,27.0,0.0
2022-11-28T02:00:00.000,subway,224,57 St (F),Manhattan,metrocard,Metrocard - Other,1.0,0.0
2022-11-28T08:00:00.000,subway,324,Houston St (1),Manhattan,metrocard,Metrocard - Unlimited 30-Day,31.0,0.0
2022-11-28T02:00:00.000,subway,234,East Broadway (F),Manhattan,metrocard,Metrocard - Other,2.0,0.0
2022-11-28T20:00:00.000,subway,396,96 St (6),Manhattan,omny,OMNY - Seniors & Disability,1.0,0.0
2022-11-28T10:00:00.000,subway,222,Roosevelt Island (F),Manhattan,metrocard,Metrocard - Full Fare,47.0,1.0
2022-11-28T00:00:00.000,subway,409,Spring St (6),Manhattan,metrocard,Metrocard - Full Fare,16.0,0.0
2022-11-28T03:00:00.000,subway,404,28 St (6),Manhattan,metrocard,Metrocard - Unlimited 30-Day,1.0,0.0
2022-11-28T09:00:00.000,subway,407,Astor Pl (6),Manhattan,metrocard,Metrocard - Unlimited 7-Day,24.0,0.0
2022-11-28T22:00:00.000,subway,318,"34 St-Penn Station (1,2,3)",Manhattan,metrocard,Metrocard - Fair Fare,41.0,0.0
2022-11-28T21:00:00.000,subway,311,86 St (1),Manhattan,metrocard,Metrocard - Fair Fare,10.0,0.0
2022-11-28T06:00:00.000,subway,222,Roosevelt Island (F),Manhattan,metrocard,Metrocard - Other,6.0,0.0
2022-11-28T03:00:00.000,subway,395,103 St (6),Manhattan,metrocard,Metrocard - Fair Fare,1.0,0.0
2022-11-28T17:00:00.000,subway,319,28 St (1),Manhattan,omny,OMNY - Seniors & Disability,2.0,0.0
2022-11-28T14:00:00.000,subway,305,137 St-City College (1),Manhattan,metrocard,Metrocard - Other,24.0,0.0
2022-11-28T03:00:00.000,subway,225,"47-50 Sts-Rockefeller Ctr (B,D,F,M)",Manhattan,metrocard,Metrocard - Unlimited 30-Day,3.0,0.0
2022-11-28T06:00:00.000,subway,307,116 St-Columbia University (1),Manhattan,metrocard,Metrocard - Unlimited 7-Day,3.0,0.0
2022-11-28T12:00:00.000,subway,312,79 St (1),Manhattan,metrocard,Metrocard - Students,7.0,0.0
2022-11-28T18:00:00.000,subway,276,"5 Av/53 St (E,M)",Manhattan,metrocard,Metrocard - Unlimited 30-Day,187.0,0.0
2022-11-28T23:00:00.000,subway,301,181 St (1),Manhattan,metrocard,Metrocard - Seniors & Disability,2.0,0.0
2022-11-28T04:00:00.000,subway,231,"Grand St (B,D)",Manhattan,metrocard,Metrocard - Seniors & Disability,1.0,0.0
2022-11-28T21:00:00.000,subway,325,Canal St (1),Manhattan,metrocard,Metrocard - Other,1.0,0.0
2022-11-28T00:00:00.000,subway,399,68 St-Hunter College (6),Manhattan,metrocard,Metrocard - Unlimited 7-Day,10.0,0.0
2022-11-28T14:00:00.000,subway,413,"Wall St (4,5)",Manhattan,metrocard,Metrocard - Students,75.0,0.0
2022-11-28T21:00:00.000,subway,297,215 St (1),Manhattan,omny,OMNY - Full Fare,5.0,0.0
2022-11-28T06:00:00.000,subway,323,Christopher St-Sheridan Sq (1),Manhattan,metrocard,Metrocard - Unlimited 7-Day,4.0,0.0
2022-11-28T23:00:00.000,subway,325,Canal St (1),Manhattan,metrocard,Metrocard - Other,3.0,0.0
2022-11-28T13:00:00.000,subway,314,66 St-Lincoln Center (1),Manhattan,metrocard,Metrocard - Unlimited 7-Day,41.0,0.0
2022-11-28T19:00:00.000,subway,299,Dyckman St (1),Manhattan,metrocard,Metrocard - Full Fare,20.0,3.0
2022-11-28T02:00:00.000,subway,301,181 St (1),Manhattan,omny,OMNY - Full Fare,4.0,0.0
2022-11-28T09:00:00.000,subway,409,Spring St (6),Manhattan,metrocard,Metrocard - Fair Fare,1.0,0.0
2022-11-28T11:00:00.000,subway,222,Roosevelt Island (F),Manhattan,metrocard,Metrocard - Full Fare,60.0,7.0
2022-11-28T22:00:00.000,subway,320,23 St (1),Manhattan,metrocard,Metrocard - Unlimited 7-Day,37.0,0.0
2022-11-28T02:00:00.000,subway,403,33 St (6),Manhattan,metrocard,Metrocard - Unlimited 30-Day,4.0,0.0
2022-11-28T14:00:00.000,subway,325,Canal St (1),Manhattan,omny,OMNY - Full Fare,74.0,0.0
2022-11-28T10:00:00.000,subway,234,East Broadway (F),Manhattan,metrocard,Metrocard - Full Fare,73.0,0.0
2022-11-28T17:00:00.000,subway,309,103 St (1),Manhattan,omny,OMNY - Full Fare,247.0,0.0
2022-11-28T03:00:00.000,subway,398,77 St (6),Manhattan,metrocard,Metrocard - Unlimited 7-Day,4.0,0.0
2022-11-28T15:00:00.000,subway,234,East Broadway (F),Manhattan,metrocard,Metrocard - Unlimited 30-Day,87.0,0.0
2022-11-28T19:00:00.000,subway,312,79 St (1),Manhattan,omny,OMNY - Full Fare,228.0,10.0
2022-11-28T20:00:00.000,subway,414,"Bowling Green (4,5)",Manhattan,metrocard,Metrocard - Other,36.0,0.0
2022-11-28T03:00:00.000,subway,323,Christopher St-Sheridan Sq (1),Manhattan,omny,OMNY - Full Fare,5.0,0.0
2022-11-28T13:00:00.000,subway,323,Christopher St-Sheridan Sq (1),Manhattan,metrocard,Metrocard - Students,1.0,0.0
2022-11-28T10:00:00.000,subway,313,"72 St (1,2,3)",Manhattan,metrocard,Metrocard - Students,18.0,0.0
2022-11-28T13:00:00.000,subway,312,79 St (1),Manhattan,metrocard,Metrocard - Full Fare,81.0,2.0
2022-11-28T13:00:00.000,subway,232,2 Av (F),Manhattan,metrocard,Metrocard - Students,38.0,0.0
2022-11-28T12:00:00.000,subway,223,"Lexington Av/63 St (F,Q)",Manhattan,metrocard,Metrocard - Unlimited 30-Day,53.0,0.0
2022-11-28T07:00:00.000,subway,398,77 St (6),Manhattan,metrocard,Metrocard - Fair Fare,13.0,0.0
2022-11-28T05:00:00.000,subway,325,Canal St (1),Manhattan,metrocard,Metrocard - Unlimited 7-Day,1.0,0.0
2022-11-28T11:00:00.000,subway,398,77 St (6),Manhattan,metrocard,Metrocard - Students,7.0,0.0
2022-11-28T15:00:00.000,subway,306,125 St (1),Manhattan,metrocard,Metrocard - Full Fare,88.0,6.0
2022-11-28T03:00:00.000,subway,395,103 St (6),Manhattan,metrocard,Metrocard - Unlimited 7-Day,2.0,0.0
2022-11-28T10:00:00.000,subway,231,"Grand St (B,D)",Manhattan,metrocard,Metrocard - Seniors & Disability,98.0,6.0
2022-11-28T17:00:00.000,subway,316,50 St (1),Manhattan,metrocard,Metrocard - Seniors & Disability,62.0,1.0
2022-11-28T08:00:00.000,subway,307,116 St-Columbia University (1),Manhattan,metrocard,Metrocard - Unlimited 7-Day,10.0,0.0
2022-11-28T17:00:00.000,subway,222,Roosevelt Island (F),Manhattan,omny,OMNY - Full Fare,124.0,4.0
2022-11-28T03:00:00.000,subway,394,110 St (6),Manhattan,metrocard,Metrocard - Other,4.0,0.0
2022-11-28T19:00:00.000,subway,314,66 St-Lincoln Center (1),Manhattan,metrocard,Metrocard - Full Fare,131.0,12.0
2022-11-28T03:00:00.000,subway,310,"96 St (1,2,3)",Manhattan,metrocard,Metrocard - Unlimited 7-Day,1.0,0.0
2022-11-28T22:00:00.000,subway,323,Christopher St-Sheridan Sq (1),Manhattan,metrocard,Metrocard - Full Fare,27.0,0.0
2022-11-28T07:00:00.000,subway,312,79 St (1),Manhattan,metrocard,Metrocard - Unlimited 30-Day,39.0,0.0
2022-11-28T07:00:00.000,subway,228,"23 St (F,M)",Manhattan,metrocard,Metrocard - Other,24.0,0.0
2022-11-28T07:00:00.000,subway,320,23 St (1),Manhattan,metrocard,Metrocard - Fair Fare,4.0,0.0
2022-11-28T15:00:00.000,subway,326,Franklin St (1),Manhattan,metrocard,Metrocard - Unlimited 7-Day,45.0,0.0
2022-11-28T18:00:00.000,subway,303,157 St (1),Manhattan,metrocard,Metrocard - Unlimited 7-Day,41.0,0.0
2022-11-28T13:00:00.000,subway,395,103 St (6),Manhattan,metrocard,Metrocard - Unlimited 7-Day,50.0,0.0
2022-11-28T04:00:00.000,subway,312,79 St (1),Manhattan,omny,OMNY - Full Fare,1.0,0.0
2022-11-28T01:00:00.000,subway,232,2 Av (F),Manhattan,metrocard,Metrocard - Fair Fare,1.0,0.0
2022-11-28T10:00:00.000,subway,405,23 St (6),Manhattan,metrocard,Metrocard - Unlimited 30-Day,65.0,0.0
2022-11-28T15:00:00.000,subway,319,28 St (1),Manhattan,metrocard,Metrocard - Students,18.0,0.0
2022-11-28T20:00:00.000,subway,399,68 St-Hunter College (6),Manhattan,omny,OMNY - Seniors & Disability,1.0,0.0
2022-11-28T02:00:00.000,subway,319,28 St (1),Manhattan,omny,OMNY - Full Fare,2.0,0.0
2022-11-28T04:00:00.000,subway,316,50 St (1),Manhattan,metrocard,Metrocard - Unlimited 30-Day,2.0,0.0
2022-11-28T08:00:00.000,subway,316,50 St (1),Manhattan,metrocard,Metrocard - Fair Fare,5.0,0.0
2022-11-28T11:00:00.000,subway,318,"34 St-Penn Station (1,2,3)",Manhattan,metrocard,Metrocard - Unlimited 7-Day,160.0,0.0
2022-11-28T06:00:00.000,subway,222,Roosevelt Island (F),Manhattan,metrocard,Metrocard - Unlimited 30-Day,37.0,0.0
2022-11-28T17:00:00.000,subway,313,"72 St (1,2,3)",Manhattan,omny,OMNY - Seniors & Disability,3.0,0.0
2022-11-28T09:00:00.000,subway,300,191 St (1),Manhattan,omny,OMNY - Full Fare,116.0,1.0
2022-11-28T12:00:00.000,subway,231,"Grand St (B,D)",Manhattan,metrocard,Metrocard - Other,21.0,0.0
2022-11-28T11:00:00.000,subway,298,207 St (1),Manhattan,omny,OMNY - Seniors & Disability,1.0,1.0
2022-11-28T13:00:00.000,subway,307,116 St-Columbia University (1),Manhattan,metrocard,Metrocard - Seniors & Disability,22.0,1.0
2022-11-28T19:00:00.000,subway,300,191 St (1),Manhattan,omny,OMNY - Full Fare,34.0,0.0
2022-11-28T23:00:00.000,subway,231,"Grand St (B,D)",Manhattan,metrocard,Metrocard - Fair Fare,5.0,0.0
2022-11-28T09:00:00.000,subway,296,Marble Hill-225 St (1),Manhattan,metrocard,Metrocard - Unlimited 30-Day,21.0,0.0
2022-11-28T03:00:00.000,subway,311,86 St (1),Manhattan,metrocard,Metrocard - Seniors & Disability,1.0,0.0
2022-11-28T10:00:00.000,subway,224,57 St (F),Manhattan,omny,OMNY - Full Fare,73.0,2.0
2022-11-28T23:00:00.000,subway,325,Canal St (1),Manhattan,metrocard,Metrocard - Seniors & Disability,1.0,0.0
2022-11-28T05:00:00.000,subway,324,Houston St (1),Manhattan,metrocard,Metrocard - Students,1.0,0.0
2022-11-28T22:00:00.000,subway,407,Astor Pl (6),Manhattan,metrocard,Metrocard - Fair Fare,12.0,0.0
2022-11-28T16:00:00.000,subway,398,77 St (6),Manhattan,metrocard,Metrocard - Unlimited 7-Day,266.0,0.0
2022-11-28T22:00:00.000,subway,276,"5 Av/53 St (E,M)",Manhattan,metrocard,Metrocard - Seniors & Disability,4.0,0.0
2022-11-28T19:00:00.000,subway,395,103 St (6),Manhattan,metrocard,Metrocard - Students,18.0,0.0
2022-11-28T14:00:00.000,subway,404,28 St (6),Manhattan,omny,OMNY - Full Fare,259.0,2.0
2022-11-28T06:00:00.000,subway,397,"86 St (4,5,6)",Manhattan,metrocard,Metrocard - Seniors & Disability,23.0,8.0
2022-11-28T14:00:00.000,subway,318,"34 St-Penn Station (1,2,3)",Manhattan,omny,OMNY - Full Fare,718.0,6.0
2022-11-28T22:00:00.000,subway,297,215 St (1),Manhattan,metrocard,Metrocard - Full Fare,5.0,0.0
2022-11-28T01:00:00.000,subway,222,Roosevelt Island (F),Manhattan,omny,OMNY - Full Fare,1.0,0.0
2022-11-28T16:00:00.000,subway,307,116 St-Columbia University (1),Manhattan,metrocard,Metrocard - Students,25.0,0.0
2022-11-28T07:00:00.000,subway,399,68 St-Hunter College (6),Manhattan,metrocard,Metrocard - Unlimited 30-Day,46.0,0.0
2022-11-28T17:00:00.000,subway,314,66 St-Lincoln Center (1),Manhattan,metrocard,Metrocard - Fair Fare,34.0,5.0
2022-11-28T12:00:00.000,subway,224,57 St (F),Manhattan,omny,OMNY - Full Fare,144.0,4.0
2022-11-28T21:00:00.000,subway,223,"Lexington Av/63 St (F,Q)",Manhattan,metrocard,Metrocard - Unlimited 7-Day,44.0,0.0
2022-11-28T14:00:00.000,subway,301,181 St (1),Manhattan,metrocard,Metrocard - Fair Fare,37.0,7.0
2022-11-28T11:00:00.000,subway,325,Canal St (1),Manhattan,metrocard,Metrocard - Full Fare,22.0,0.0
2022-11-28T19:00:00.000,subway,413,"Wall St (4,5)",Manhattan,metrocard,Metrocard - Seniors & Disability,16.0,0.0
2022-11-28T00:00:00.000,subway,224,57 St (F),Manhattan,metrocard,Metrocard - Full Fare,11.0,0.0
2022-11-28T08:00:00.000,subway,311,86 St (1),Manhattan,metrocard,Metrocard - Unlimited 30-Day,137.0,0.0
2022-11-28T18:00:00.000,subway,403,33 St (6),Manhattan,metrocard,Metrocard - Fair Fare,38.0,1.0
2022-11-28T03:00:00.000,subway,303,157 St (1),Manhattan,metrocard,Metrocard - Unlimited 7-Day,4.0,0.0
2022-11-28T19:00:00.000,subway,394,110 St (6),Manhattan,metrocard,Metrocard - Students,7.0,0.0
2022-11-28T08:00:00.000,subway,319,28 St (1),Manhattan,metrocard,Metrocard - Other,11.0,0.0
2022-11-28T11:00:00.000,subway,399,68 St-Hunter College (6),Manhattan,omny,OMNY - Full Fare,273.0,4.0
2022-11-28T08:00:00.000,subway,300,191 St (1),Manhattan,metrocard,Metrocard - Other,22.0,0.0
2022-11-28T22:00:00.000,subway,396,96 St (6),Manhattan,metrocard,Metrocard - Unlimited 30-Day,20.0,0.0
2022-11-28T09:00:00.000,subway,403,33 St (6),Manhattan,metrocard,Metrocard - Fair Fare,9.0,0.0
2022-11-28T09:00:00.000,subway,414,"Bowling Green (4,5)",Manhattan,metrocard,Metrocard - Fair Fare,15.0,2.0
2022-11-28T01:00:00.000,subway,313,"72 St (1,2,3)",Manhattan,metrocard,Metrocard - Other,1.0,0.0
2022-11-28T11:00:00.000,subway,407,Astor Pl (6),Manhattan,omny,OMNY - Full Fare,157.0,7.0
2022-11-28T15:00:00.000,subway,299,Dyckman St (1),Manhattan,metrocard,Metrocard - Unlimited 30-Day,32.0,0.0
2022-11-28T07:00:00.000,subway,225,"47-50 Sts-Rockefeller Ctr (B,D,F,M)",Manhattan,omny,OMNY - Full Fare,54.0,3.0
2022-11-28T12:00:00.000,subway,318,"34 St-Penn Station (1,2,3)",Manhattan,metrocard,Metrocard - Students,22.0,0.0
2022-11-28T22:00:00.000,subway,404,28 St (6),Manhattan,metrocard,Metrocard - Unlimited 7-Day,56.0,0.0
2022-11-28T09:00:00.000,subway,395,103 St (6),Manhattan,metrocard,Metrocard - Students,28.0,0.0
2022-11-28T21:00:00.000,subway,395,103 St (6),Manhattan,metrocard,Metrocard - Seniors & Disability,1.0,0.0
2022-11-28T13:00:00.000,subway,326,Franklin St (1),Manhattan,metrocard,Metrocard - Other,8.0,0.0
2022-11-28T12:00:00.000,subway,414,"Bowling Green (4,5)",Manhattan,metrocard,Metrocard - Unlimited 7-Day,112.0,0.0
2022-11-28T22:00:00.000,subway,409,Spring St (6),Manhattan,metrocard,Metrocard - Unlimited 30-Day,16.0,0.0
2022-11-28T03:00:00.000,subway,222,Roosevelt Island (F),Manhattan,metrocard,Metrocard - Fair Fare,1.0,0.0
2022-11-28T13:00:00.000,subway,277,"7 Av (E,B,D)",Manhattan,metrocard,Metrocard - Other,11.0,0.0
2022-11-28T00:00:00.000,subway,313,"72 St (1,2,3)",Manhattan,metrocard,Metrocard - Fair Fare,7.0,0.0
2022-11-28T19:00:00.000,subway,224,57 St (F),Manhattan,omny,OMNY - Seniors & Disability,1.0,0.0
2022-11-28T10:00:00.000,subway,232,2 Av (F),Manhattan,metrocard,Metrocard - Other,21.0,0.0
2022-11-28T07:00:00.000,subway,320,23 St (1),Manhattan,metrocard,Metrocard - Full Fare,36.0,5.0
2022-11-28T20:00:00.000,subway,326,Franklin St (1),Manhattan,metrocard,Metrocard - Fair Fare,2.0,0.0
2022-11-28T10:00:00.000,subway,234,East Broadway (F),Manhattan,metrocard,Metrocard - Unlimited 7-Day,38.0,0.0
2022-11-28T15:00:00.000,subway,223,"Lexington Av/63 St (F,Q)",Manhattan,metrocard,Metrocard - Seniors & Disability,63.0,12.0
2022-11-28T01:00:00.000,subway,231,"Grand St (B,D)",Manhattan,metrocard,Metrocard - Full Fare,2.0,0.0
2022-11-28T12:00:00.000,subway,224,57 St (F),Manhattan,metrocard,Metrocard - Seniors & Disability,19.0,3.0
2022-11-28T04:00:00.000,subway,300,191 St (1),Manhattan,metrocard,Metrocard - Fair Fare,6.0,0.0
2022-11-28T14:00:00.000,subway,323,Christopher St-Sheridan Sq (1),Manhattan,metrocard,Metrocard - Unlimited 30-Day,43.0,0.0
2022-11-28T20:00:00.000,subway,403,33 St (6),Manhattan,metrocard,Metrocard - Unlimited 30-Day,83.0,0.0
2022-11-28T09:00:00.000,subway,296,Marble Hill-225 St (1),Manhattan,metrocard,Metrocard - Other,14.0,0.0
2022-11-28T21:00:00.000,subway,326,Franklin St (1),Manhattan,metrocard,Metrocard - Fair Fare,2.0,0.0
2022-11-28T15:00:00.000,subway,231,"Grand St (B,D)",Manhattan,omny,OMNY - Seniors & Disability,1.0,1.0
2022-11-28T20:00:00.000,subway,304,145 St (1),Manhattan,metrocard,Metrocard - Seniors & Disability,6.0,0.0
2022-11-28T22:00:00.000,subway,234,East Broadway (F),Manhattan,metrocard,Metrocard - Fair Fare,5.0,0.0
2022-11-28T18:00:00.000,subway,223,"Lexington Av/63 St (F,Q)",Manhattan,metrocard,Metrocard - Students,50.0,8.0
2022-11-28T20:00:00.000,subway,326,Franklin St (1),Manhattan,metrocard,Metrocard - Unlimited 7-Day,5.0,0.0
2022-11-28T01:00:00.000,subway,311,86 St (1),Manhattan,metrocard,Metrocard - Unlimited 30-Day,3.0,0.0
2022-11-28T11:00:00.000,subway,409,Spring St (6),Manhattan,metrocard,Metrocard - Unlimited 30-Day,21.0,0.0
2022-11-28T16:00:00.000,subway,326,Franklin St (1),Manhattan,metrocard,Metrocard - Seniors & Disability,22.0,0.0
2022-11-28T12:00:00.000,subway,321,18 St (1),Manhattan,metrocard,Metrocard - Students,8.0,0.0
2022-11-28T19:00:00.000,subway,223,"Lexington Av/63 St (F,Q)",Manhattan,metrocard,Metrocard - Fair Fare,28.0,6.0
2022-11-28T19:00:00.000,subway,222,Roosevelt Island (F),Manhattan,omny,OMNY - Seniors & Disability,1.0,0.0
2022-11-28T10:00:00.000,subway,398,77 St (6),Manhattan,omny,OMNY - Seniors & Disability,2.0,0.0
2022-11-28T01:00:00.000,subway,307,116 St-Columbia University (1),Manhattan,omny,OMNY - Full Fare,9.0,1.0
2022-11-28T04:00:00.000,subway,394,110 St (6),Manhattan,metrocard,Metrocard - Other,3.0,0.0
2022-11-28T10:00:00.000,subway,395,103 St (6),Manhattan,metrocard,Metrocard - Unlimited 30-Day,35.0,0.0
2022-11-28T23:00:00.000,subway,277,"7 Av (E,B,D)",Manhattan,metrocard,Metrocard - Unlimited 7-Day,48.0,0.0
2022-11-28T11:00:00.000,subway,407,Astor Pl (6),Manhattan,metrocard,Metrocard - Fair Fare,4.0,0.0
2022-11-28T03:00:00.000,subway,299,Dyckman St (1),Manhattan,metrocard,Metrocard - Full Fare,4.0,0.0
2022-11-28T16:00:00.000,subway,318,"34 St-Penn Station (1,2,3)",Manhattan,omny,OMNY - Seniors & Disability,3.0,0.0
2022-11-28T06:00:00.000,subway,396,96 St (6),Manhattan,metrocard,Metrocard - Seniors & Disability,6.0,2.0
2022-11-28T14:00:00.000,subway,303,157 St (1),Manhattan,metrocard,Metrocard - Students,29.0,0.0
2022-11-28T05:00:00.000,subway,232,2 Av (F),Manhattan,metrocard,Metrocard - Other,8.0,0.0
2022-11-28T06:00:00.000,subway,313,"72 St (1,2,3)",Manhattan,metrocard,Metrocard - Fair Fare,4.0,0.0
2022-11-28T17:00:00.000,subway,225,"47-50 Sts-Rockefeller Ctr (B,D,F,M)",Manhattan,metrocard,Metrocard - Fair Fare,167.0,0.0
2022-11-28T17:00:00.000,subway,312,79 St (1),Manhattan,metrocard,Metrocard - Other,26.0,1.0
2022-11-28T22:00:00.000,subway,303,157 St (1),Manhattan,omny,OMNY - Full Fare,23.0,0.0
2022-11-28T21:00:00.000,subway,313,"72 St (1,2,3)",Manhattan,omny,OMNY - Full Fare,339.0,2.0
2022-11-28T21:00:00.000,subway,319,28 St (1),Manhattan,metrocard,Metrocard - Full Fare,58.0,0.0
2022-11-28T21:00:00.000,subway,403,33 St (6),Manhattan,metrocard,Metrocard - Unlimited 7-Day,55.0,0.0
2022-11-28T01:00:00.000,subway,398,77 St (6),Manhattan,metrocard,Metrocard - Unlimited 30-Day,3.0,0.0
2022-11-28T06:00:00.000,subway,407,Astor Pl (6),Manhattan,omny,OMNY - Full Fare,64.0,2.0
2022-11-28T02:00:00.000,subway,304,145 St (1),Manhattan,metrocard,Metrocard - Unlimited 7-Day,1.0,0.0
2022-11-28T09:00:00.000,subway,399,68 St-Hunter College (6),Manhattan,metrocard,Metrocard - Seniors & Disability,22.0,2.0
2022-11-28T10:00:00.000,subway,404,28 St (6),Manhattan,metrocard,Metrocard - Students,4.0,0.0
2022-11-28T16:00:00.000,subway,319,28 St (1),Manhattan,omny,OMNY - Seniors & Disability,1.0,0.0
2022-11-28T11:00:00.000,subway,300,191 St (1),Manhattan,metrocard,Metrocard - Other,7.0,0.0
2022-11-28T21:00:00.000,subway,305,137 St-City College (1),Manhattan,metrocard,Metrocard - Other,8.0,0.0
2022-11-28T12:00:00.000,subway,234,East Broadway (F),Manhattan,metrocard,Metrocard - Unlimited 30-Day,52.0,0.0
2022-11-28T11:00:00.000,subway,307,116 St-Columbia University (1),Manhattan,metrocard,Metrocard - Unlimited 30-Day,35.0,0.0
2022-11-28T20:00:00.000,subway,316,50 St (1),Manhattan,metrocard,Metrocard - Other,27.0,0.0
2022-11-28T06:00:00.000,subway,297,215 St (1),Manhattan,metrocard,Metrocard - Seniors & Disability,1.0,0.0
2022-11-28T19:00:00.000,subway,405,23 St (6),Manhattan,metrocard,Metrocard - Full Fare,212.0,4.0
2022-11-28T12:00:00.000,subway,305,137 St-City College (1),Manhattan,metrocard,Metrocard - Full Fare,79.0,1.0
2022-11-28T21:00:00.000,subway,404,28 St (6),Manhattan,omny,OMNY - Seniors & Disability,1.0,0.0
2022-11-28T16:00:00.000,subway,231,"Grand St (B,D)",Manhattan,omny,OMNY - Full Fare,368.0,2.0
2022-11-28T16:00:00.000,subway,232,2 Av (F),Manhattan,metrocard,Metrocard - Full Fare,182.0,5.0
2022-11-28T22:00:00.000,subway,299,Dyckman St (1),Manhattan,omny,OMNY - Full Fare,14.0,0.0
2022-11-28T22:00:00.000,subway,223,"Lexington Av/63 St (F,Q)",Manhattan,metrocard,Metrocard - Seniors & Disability,9.0,0.0
2022-11-28T09:00:00.000,subway,313,"72 St (1,2,3)",Manhattan,metrocard,Metrocard - Seniors & Disability,103.0,3.0
2022-11-28T13:00:00.000,subway,298,207 St (1),Manhattan,metrocard,Metrocard - Fair Fare,25.0,7.0
2022-11-28T11:00:00.000,subway,303,157 St (1),Manhattan,metrocard,Metrocard - Other,15.0,0.0
2022-11-28T23:00:00.000,subway,404,28 St (6),Manhattan,metrocard,Metrocard - Fair Fare,8.0,0.0
2022-11-28T07:00:00.000,subway,319,28 St (1),Manhattan,metrocard,Metrocard - Seniors & Disability,7.0,1.0
2022-11-28T05:00:00.000,subway,301,181 St (1),Manhattan,metrocard,Metrocard - Full Fare,68.0,7.0
2022-11-28T13:00:00.000,subway,276,"5 Av/53 St (E,M)",Manhattan,metrocard,Metrocard - Unlimited 30-Day,44.0,0.0
2022-11-28T22:00:00.000,subway,314,66 St-Lincoln Center (1),Manhattan,metrocard,Metrocard - Full Fare,88.0,4.0
2022-11-28T18:00:00.000,subway,228,"23 St (F,M)",Manhattan,metrocard,Metrocard - Fair Fare,31.0,1.0
2022-11-28T16:00:00.000,subway,311,86 St (1),Manhattan,metrocard,Metrocard - Unlimited 30-Day,138.0,0.0
2022-11-28T18:00:00.000,subway,309,103 St (1),Manhattan,omny,OMNY - Seniors & Disability,1.0,0.0
2022-11-28T13:00:00.000,subway,320,23 St (1),Manhattan,omny,OMNY - Full Fare,121.0,5.0
2022-11-28T08:00:00.000,subway,403,33 St (6),Manhattan,metrocard,Metrocard - Students,36.0,2.0
2022-11-28T03:00:00.000,subway,414,"Bowling Green (4,5)",Manhattan,metrocard,Metrocard - Other,1.0,0.0
2022-11-28T15:00:00.000,subway,311,86 St (1),Manhattan,omny,OMNY - Full Fare,315.0,25.0
2022-11-28T19:00:00.000,subway,304,145 St (1),Manhattan,metrocard,Metrocard - Unlimited 7-Day,32.0,0.0
2022-11-28T11:00:00.000,subway,301,181 St (1),Manhattan,metrocard,Metrocard - Unlimited 7-Day,47.0,0.0
2022-11-28T05:00:00.000,subway,301,181 St (1),Manhattan,omny,OMNY - Full Fare,58.0,6.0
2022-11-28T18:00:00.000,subway,396,96 St (6),Manhattan,omny,OMNY - Full Fare,345.0,14.0
2022-11-28T05:00:00.000,subway,396,96 St (6),Manhattan,metrocard,Metrocard - Students,2.0,0.0
2022-11-28T10:00:00.000,subway,228,"23 St (F,M)",Manhattan,metrocard,Metrocard - Unlimited 7-Day,66.0,0.0
2022-11-28T01:00:00.000,subway,304,145 St (1),Manhattan,omny,OMNY - Full Fare,2.0,0.0
2022-11-28T02:00:00.000,subway,308,Cathedral Pkwy (110 St) (1),Manhattan,metrocard,Metrocard - Other,1.0,0.0
2022-05-31T20:00:00.000,subway,396,96 St (6),Manhattan,metrocard,Metrocard - Other,15.0,1.0
2022-05-31T04:00:00.000,subway,404,28 St (6),Manhattan,metrocard,Metrocard - Full Fare,2.0,0.0
2022-11-28T13:00:00.000,subway,613,"Lexington Av (N,R,W)/59 St (4,5,6)",Manhattan,metrocard,Metrocard - Seniors & Disability,93.0,17.0
2022-11-28T17:00:00.000,subway,618,"14 St (A,C,E)/8 Av (L)",Manhattan,omny,OMNY - Seniors & Disability,2.0,0.0
2022-05-31T10:00:00.000,subway,404,28 St (6),Manhattan,metrocard,Metrocard - Full Fare,111.0,0.0
2022-11-28T20:00:00.000,subway,9,"57 St-7 Av (N,Q,R,W)",Manhattan,metrocard,Metrocard - Unlimited 7-Day,84.0,0.0
2022-05-31T13:00:00.000,subway,397,"86 St (4,5,6)",Manhattan,metrocard,Metrocard - Other,50.0,6.0
2022-11-28T16:00:00.000,subway,619,"Broadway-Lafayette St (B,D,F,M)/Bleecker St (6)",Manhattan,metrocard,Metrocard - Unlimited 30-Day,231.0,0.0
2022-11-28T15:00:00.000,subway,477,72 St (Q),Manhattan,metrocard,Metrocard - Full Fare,465.0,7.0
2022-11-28T19:00:00.000,subway,609,"Bryant Pk (B,D,F,M)/5 Av (7)",Manhattan,metrocard,Metrocard - Other,136.0,0.0
2022-05-31T06:00:00.000,subway,404,28 St (6),Manhattan,metrocard,Metrocard - Students,2.0,0.0
2022-05-31T06:00:00.000,subway,398,77 St (6),Manhattan,metrocard,Metrocard - Unlimited 30-Day,36.0,0.0
2022-11-28T11:00:00.000,subway,601,"14 St (F,M,1,2,3)/6 Av (L)",Manhattan,metrocard,Metrocard - Other,27.0,0.0
2022-11-28T09:00:00.000,subway,619,"Broadway-Lafayette St (B,D,F,M)/Bleecker St (6)",Manhattan,metrocard,Metrocard - Students,27.0,0.0
2022-11-28T23:00:00.000,subway,477,72 St (Q),Manhattan,metrocard,Metrocard - Unlimited 30-Day,26.0,0.0
2022-11-28T08:00:00.000,subway,611,"Times Sq-42 St (N,Q,R,W,S,1,2,3,7)/42 St (A,C,E)",Manhattan,metrocard,Metrocard - Seniors & Disability,228.0,6.0
2022-11-28T13:00:00.000,subway,9,"57 St-7 Av (N,Q,R,W)",Manhattan,omny,OMNY - Seniors & Disability,1.0,0.0
2022-11-28T19:00:00.000,subway,607,"34 St-Herald Sq (B,D,F,M,N,Q,R,W)",Manhattan,metrocard,Metrocard - Unlimited 30-Day,536.0,0.0
2022-05-31T09:00:00.000,subway,396,96 St (6),Manhattan,metrocard,Metrocard - Unlimited 30-Day,59.0,0.0
2022-11-28T05:00:00.000,subway,477,72 St (Q),Manhattan,metrocard,Metrocard - Unlimited 30-Day,9.0,0.0
2022-11-28T12:00:00.000,subway,9,"57 St-7 Av (N,Q,R,W)",Manhattan,metrocard,Metrocard - Seniors & Disability,41.0,2.0
2022-11-28T09:00:00.000,subway,607,"34 St-Herald Sq (B,D,F,M,N,Q,R,W)",Manhattan,omny,OMNY - Full Fare,1248.0,35.0
2022-05-31T14:00:00.000,subway,399,68 St-Hunter College (6),Manhattan,metrocard,Metrocard - Fair Fare,43.0,0.0
2022-11-28T17:00:00.000,subway,8,"5 Av/59 St (N,R,W)",Manhattan,metrocard,Metrocard - Students,17.0,0.0
2022-11-28T01:00:00.000,subway,477,72 St (Q),Manhattan,metrocard,Metrocard - Other,2.0,0.0
2022-05-31T20:00:00.000,subway,394,110 St (6),Manhattan,metrocard,Metrocard - Seniors & Disability,4.0,0.0
2022-05-31T07:00:00.000,subway,397,"86 St (4,5,6)",Manhattan,metrocard,Metrocard - Other,95.0,3.0
2022-11-28T03:00:00.000,subway,601,"14 St (F,M,1,2,3)/6 Av (L)",Manhattan,metrocard,Metrocard - Unlimited 30-Day,2.0,0.0
2022-05-31T09:00:00.000,subway,398,77 St (6),Manhattan,metrocard,Metrocard - Other,44.0,1.0
2022-05-31T14:00:00.000,subway,403,33 St (6),Manhattan,metrocard,Metrocard - Fair Fare,30.0,2.0
2022-05-31T02:00:00.000,subway,404,28 St (6),Manhattan,metrocard,Metrocard - Unlimited 30-Day,5.0,0.0
2022-11-28T07:00:00.000,subway,614,"59 St-Columbus Circle (A,B,C,D,1)",Manhattan,metrocard,Metrocard - Seniors & Disability,30.0,2.0
2022-11-28T08:00:00.000,subway,605,"168 St (A,C,1)",Manhattan,metrocard,Metrocard - Other,43.0,1.0
2022-11-28T13:00:00.000,subway,308,Cathedral Pkwy (110 St) (1),Manhattan,metrocard,Metrocard - Unlimited 30-Day,47.0,0.0
2022-11-28T09:00:00.000,subway,614,"59 St-Columbus Circle (A,B,C,D,1)",Manhattan,metrocard,Metrocard - Seniors & Disability,68.0,8.0
2022-11-28T15:00:00.000,subway,605,"168 St (A,C,1)",Manhattan,metrocard,Metrocard - Unlimited 7-Day,106.0,0.0
2022-11-28T05:00:00.000,subway,611,"Times Sq-42 St (N,Q,R,W,S,1,2,3,7)/42 St (A,C,E)",Manhattan,metrocard,Metrocard - Other,132.0,2.0
2022-11-28T18:00:00.000,subway,471,34 St-Hudson Yards (7),Manhattan,metrocard,Metrocard - Full Fare,357.0,1.0
2022-11-28T20:00:00.000,subway,602,"14 St-Union Sq (L,N,Q,R,W,4,5,6)",Manhattan,metrocard,Metrocard - Students,57.0,0.0
2022-11-28T07:00:00.000,subway,477,72 St (Q),Manhattan,omny,OMNY - Seniors & Disability,1.0,0.0
2022-05-31T15:00:00.000,subway,397,"86 St (4,5,6)",Manhattan,metrocard,Metrocard - Fair Fare,71.0,3.0
2022-11-28T00:00:00.000,subway,607,"34 St-Herald Sq (B,D,F,M,N,Q,R,W)",Manhattan,omny,OMNY - Full Fare,169.0,1.0
2022-11-28T15:00:00.000,subway,308,Cathedral Pkwy (110 St) (1),Manhattan,metrocard,Metrocard - Seniors & Disability,40.0,4.0
2022-05-31T16:00:00.000,subway,399,68 St-Hunter College (6),Manhattan,metrocard,Metrocard - Unlimited 30-Day,238.0,0.0
2022-05-31T06:00:00.000,subway,399,68 St-Hunter College (6),Manhattan,metrocard,Metrocard - Seniors & Disability,3.0,0.0
2022-11-28T21:00:00.000,subway,8,"5 Av/59 St (N,R,W)",Manhattan,metrocard,Metrocard - Other,13.0,0.0
2022-11-28T19:00:00.000,subway,605,"168 St (A,C,1)",Manhattan,metrocard,Metrocard - Other,30.0,0.0
2022-11-28T13:00:00.000,subway,610,"Grand Central-42 St (S,4,5,6,7)",Manhattan,metrocard,Metrocard - Fair Fare,81.0,0.0
2022-11-28T19:00:00.000,subway,610,"Grand Central-42 St (S,4,5,6,7)",Manhattan,omny,OMNY - Full Fare,2375.0,12.0
2022-11-28T13:00:00.000,subway,9,"57 St-7 Av (N,Q,R,W)",Manhattan,metrocard,Metrocard - Students,26.0,1.0
2022-11-28T15:00:00.000,subway,602,"14 St-Union Sq (L,N,Q,R,W,4,5,6)",Manhattan,metrocard,Metrocard - Students,1194.0,9.0
2022-11-28T15:00:00.000,subway,475,96 St (Q),Manhattan,omny,OMNY - Seniors & Disability,1.0,0.0
2022-11-28T02:00:00.000,subway,613,"Lexington Av (N,R,W)/59 St (4,5,6)",Manhattan,metrocard,Metrocard - Unlimited 30-Day,1.0,0.0
2022-05-31T21:00:00.000,subway,403,33 St (6),Manhattan,metrocard,Metrocard - Fair Fare,16.0,0.0
2022-05-31T12:00:00.000,subway,397,"86 St (4,5,6)",Manhattan,metrocard,Metrocard - Full Fare,265.0,22.0
2022-11-28T09:00:00.000,subway,471,34 St-Hudson Yards (7),Manhattan,metrocard,Metrocard - Students,6.0,0.0
2022-11-28T03:00:00.000,subway,614,"59 St-Columbus Circle (A,B,C,D,1)",Manhattan,metrocard,Metrocard - Unlimited 7-Day,7.0,0.0
2022-05-31T15:00:00.000,subway,397,"86 St (4,5,6)",Manhattan,omny,OMNY - Full Fare,767.0,20.0
2022-11-28T10:00:00.000,subway,477,72 St (Q),Manhattan,metrocard,Metrocard - Students,6.0,0.0
2022-11-28T18:00:00.000,subway,476,86 St (Q),Manhattan,metrocard,Metrocard - Unlimited 7-Day,62.0,0.0
2022-11-28T10:00:00.000,subway,607,"34 St-Herald Sq (B,D,F,M,N,Q,R,W)",Manhattan,metrocard,Metrocard - Students,18.0,0.0
2022-05-31T11:00:00.000,subway,395,103 St (6),Manhattan,metrocard,Metrocard - Unlimited 7-Day,44.0,0.0
2022-11-28T23:00:00.000,subway,605,"168 St (A,C,1)",Manhattan,metrocard,Metrocard - Unlimited 7-Day,27.0,0.0
2022-11-28T21:00:00.000,subway,309,103 St (1),Manhattan,metrocard,Metrocard - Unlimited 7-Day,29.0,0.0
2022-11-28T07:00:00.000,subway,476,86 St (Q),Manhattan,metrocard,Metrocard - Fair Fare,5.0,0.0
2022-11-28T23:00:00.000,subway,619,"Broadway-Lafayette St (B,D,F,M)/Bleecker St (6)",Manhattan,metrocard,Metrocard - Full Fare,52.0,0.0
2022-05-31T16:00:00.000,subway,395,103 St (6),Manhattan,metrocard,Metrocard - Students,126.0,2.0
2022-11-28T13:00:00.000,subway,601,"14 St (F,M,1,2,3)/6 Av (L)",Manhattan,omny,OMNY - Full Fare,501.0,14.0
2022-05-31T22:00:00.000,subway,397,"86 St (4,5,6)",Manhattan,metrocard,Metrocard - Unlimited 7-Day,105.0,0.0
2022-11-28T21:00:00.000,subway,611,"Times Sq-42 St (N,Q,R,W,S,1,2,3,7)/42 St (A,C,E)",Manhattan,metrocard,Metrocard - Students,4.0,0.0
2022-11-28T05:00:00.000,subway,613,"Lexington Av (N,R,W)/59 St (4,5,6)",Manhattan,metrocard,Metrocard - Unlimited 7-Day,20.0,0.0
2022-11-28T10:00:00.000,subway,611,"Times Sq-42 St (N,Q,R,W,S,1,2,3,7)/42 St (A,C,E)",Manhattan,metrocard,Metrocard - Unlimited 30-Day,275.0,0.0
2022-11-28T19:00:00.000,subway,9,"57 St-7 Av (N,Q,R,W)",Manhattan,omny,OMNY - Seniors & Disability,1.0,0.0
2022-11-28T20:00:00.000,subway,607,"34 St-Herald Sq (B,D,F,M,N,Q,R,W)",Manhattan,metrocard,Metrocard - Full Fare,578.0,4.0
2022-11-28T23:00:00.000,subway,471,34 St-Hudson Yards (7),Manhattan,metrocard,Metrocard - Unlimited 30-Day,25.0,0.0
2022-11-28T15:00:00.000,subway,605,"168 St (A,C,1)",Manhattan,metrocard,Metrocard - Students,68.0,1.0
2022-11-28T23:00:00.000,subway,8,"5 Av/59 St (N,R,W)",Manhattan,metrocard,Metrocard - Fair Fare,3.0,0.0
2022-05-31T07:00:00.000,subway,404,28 St (6),Manhattan,metrocard,Metrocard - Unlimited 7-Day,28.0,0.0
2022-11-28T13:00:00.000,subway,610,"Grand Central-42 St (S,4,5,6,7)",Manhattan,metrocard,Metrocard - Full Fare,893.0,5.0
2022-11-28T20:00:00.000,subway,614,"59 St-Columbus Circle (A,B,C,D,1)",Manhattan,metrocard,Metrocard - Unlimited 30-Day,313.0,0.0
2022-05-31T01:00:00.000,subway,398,77 St (6),Manhattan,omny,OMNY - Full Fare,4.0,0.0
2022-05-31T02:00:00.000,subway,398,77 St (6),Manhattan,metrocard,Metrocard - Unlimited 30-Day,1.0,0.0
2022-11-28T08:00:00.000,subway,610,"Grand Central-42 St (S,4,5,6,7)",Manhattan,metrocard,Metrocard - Unlimited 30-Day,442.0,0.0
2022-11-28T06:00:00.000,subway,601,"14 St (F,M,1,2,3)/6 Av (L)",Manhattan,metrocard,Metrocard - Unlimited 7-Day,29.0,0.0
2022-11-28T22:00:00.000,subway,619,"Broadway-Lafayette St (B,D,F,M)/Bleecker St (6)",Manhattan,metrocard,Metrocard - Unlimited 30-Day,37.0,0.0
2022-11-28T18:00:00.000,subway,471,34 St-Hudson Yards (7),Manhattan,omny,OMNY - Full Fare,837.0,1.0
2022-11-28T19:00:00.000,subway,476,86 St (Q),Manhattan,metrocard,Metrocard - Full Fare,119.0,1.0
2022-05-31T08:00:00.000,subway,398,77 St (6),Manhattan,metrocard,Metrocard - Unlimited 7-Day,48.0,0.0
2022-11-28T07:00:00.000,subway,309,103 St (1),Manhattan,metrocard,Metrocard - Unlimited 7-Day,58.0,0.0
2022-11-28T18:00:00.000,subway,477,72 St (Q),Manhattan,metrocard,Metrocard - Unlimited 7-Day,87.0,0.0
2022-11-28T00:00:00.000,subway,309,103 St (1),Manhattan,metrocard,Metrocard - Other,3.0,0.0
2022-11-28T19:00:00.000,subway,607,"34 St-Herald Sq (B,D,F,M,N,Q,R,W)",Manhattan,metrocard,Metrocard - Fair Fare,131.0,0.0
2022-11-28T07:00:00.000,subway,471,34 St-Hudson Yards (7),Manhattan,metrocard,Metrocard - Students,14.0,0.0
2022-11-28T00:00:00.000,subway,605,"168 St (A,C,1)",Manhattan,metrocard,Metrocard - Full Fare,14.0,1.0
2022-11-28T14:00:00.000,subway,618,"14 St (A,C,E)/8 Av (L)",Manhattan,metrocard,Metrocard - Fair Fare,34.0,0.0
2022-05-31T15:00:00.000,subway,394,110 St (6),Manhattan,metrocard,Metrocard - Unlimited 30-Day,114.0,0.0
2022-11-28T05:00:00.000,subway,602,"14 St-Union Sq (L,N,Q,R,W,4,5,6)",Manhattan,omny,OMNY - Seniors & Disability,1.0,0.0
2022-11-28T16:00:00.000,subway,611,"Times Sq-42 St (N,Q,R,W,S,1,2,3,7)/42 St (A,C,E)",Manhattan,omny,OMNY - Other,1.0,0.0
2022-11-28T13:00:00.000,subway,475,96 St (Q),Manhattan,metrocard,Metrocard - Students,21.0,2.0
2022-05-31T06:00:00.000,subway,399,68 St-Hunter College (6),Manhattan,omny,OMNY - Full Fare,36.0,0.0
2022-11-28T05:00:00.000,subway,477,72 St (Q),Manhattan,metrocard,Metrocard - Full Fare,9.0,0.0
2022-11-28T05:00:00.000,subway,602,"14 St-Union Sq (L,N,Q,R,W,4,5,6)",Manhattan,metrocard,Metrocard - Unlimited 7-Day,12.0,0.0
2022-05-31T07:00:00.000,subway,405,23 St (6),Manhattan,metrocard,Metrocard - Full Fare,136.0,31.0
2022-11-28T08:00:00.000,subway,476,86 St (Q),Manhattan,omny,OMNY - Seniors & Disability,2.0,0.0
2022-11-28T04:00:00.000,subway,612,"Lexington Av-53 St (E,M)/51 St (6)",Manhattan,omny,OMNY - Full Fare,6.0,0.0
2022-11-28T08:00:00.000,subway,477,72 St (Q),Manhattan,metrocard,Metrocard - Unlimited 7-Day,36.0,0.0
2022-11-28T05:00:00.000,subway,609,"Bryant Pk (B,D,F,M)/5 Av (7)",Manhattan,metrocard,Metrocard - Students,1.0,0.0
2022-11-28T11:00:00.000,subway,614,"59 St-Columbus Circle (A,B,C,D,1)",Manhattan,omny,OMNY - Full Fare,672.0,12.0
2022-05-31T17:00:00.000,subway,403,33 St (6),Manhattan,omny,OMNY - Full Fare,866.0,9.0
2022-11-28T14:00:00.000,subway,471,34 St-Hudson Yards (7),Manhattan,metrocard,Metrocard - Unlimited 7-Day,147.0,0.0
2022-11-28T06:00:00.000,subway,619,"Broadway-Lafayette St (B,D,F,M)/Bleecker St (6)",Manhattan,metrocard,Metrocard - Fair Fare,3.0,0.0
2022-11-28T23:00:00.000,subway,477,72 St (Q),Manhattan,omny,OMNY - Seniors & Disability,1.0,0.0
2022-05-31T11:00:00.000,subway,396,96 St (6),Manhattan,metrocard,Metrocard - Fair Fare,10.0,1.0
2022-05-31T12:00:00.000,subway,398,77 St (6),Manhattan,metrocard,Metrocard - Other,24.0,0.0
2022-11-28T09:00:00.000,subway,309,103 St (1),Manhattan,metrocard,Metrocard - Full Fare,104.0,0.0
2022-05-31T15:00:00.000,subway,397,"86 St (4,5,6)",Manhattan,metrocard,Metrocard - Full Fare,771.0,49.0
2022-05-31T03:00:00.000,subway,395,103 St (6),Manhattan,omny,OMNY - Full Fare,2.0,0.0
2022-11-28T20:00:00.000,subway,614,"59 St-Columbus Circle (A,B,C,D,1)",Manhattan,metrocard,Metrocard - Fair Fare,79.0,0.0
2022-05-31T15:00:00.000,subway,404,28 St (6),Manhattan,omny,OMNY - Full Fare,283.0,0.0
2022-05-31T13:00:00.000,subway,395,103 St (6),Manhattan,omny,OMNY - Full Fare,108.0,2.0
2022-11-28T20:00:00.000,subway,602,"14 St-Union Sq (L,N,Q,R,W,4,5,6)",Manhattan,metrocard,Metrocard - Unlimited 30-Day,380.0,0.0
2022-11-28T08:00:00.000,subway,307,116 St-Columbia University (1),Manhattan,omny,OMNY - Full Fare,162.0,2.0
2022-11-28T05:00:00.000,subway,613,"Lexington Av (N,R,W)/59 St (4,5,6)",Manhattan,metrocard,Metrocard - Unlimited 30-Day,18.0,0.0
2022-11-28T07:00:00.000,subway,477,72 St (Q),Manhattan,metrocard,Metrocard - Students,121.0,0.0
2022-05-31T11:00:00.000,subway,398,77 St (6),Manhattan,omny,OMNY - Full Fare,178.0,6.0
2022-05-31T17:00:00.000,subway,399,68 St-Hunter College (6),Manhattan,metrocard,Metrocard - Students,47.0,7.0
2022-11-28T07:00:00.000,subway,9,"57 St-7 Av (N,Q,R,W)",Manhattan,metrocard,Metrocard - Fair Fare,7.0,1.0
2022-05-31T08:00:00.000,subway,398,77 St (6),Manhattan,metrocard,Metrocard - Fair Fare,8.0,1.0
2022-11-28T14:00:00.000,subway,9,"57 St-7 Av (N,Q,R,W)",Manhattan,metrocard,Metrocard - Unlimited 30-Day,136.0,0.0
2022-11-28T17:00:00.000,subway,601,"14 St (F,M,1,2,3)/6 Av (L)",Manhattan,metrocard,Metrocard - Other,146.0,1.0
2022-11-28T15:00:00.000,subway,612,"Lexington Av-53 St (E,M)/51 St (6)",Manhattan,omny,OMNY - Full Fare,999.0,11.0
2022-05-31T19:00:00.000,subway,398,77 St (6),Manhattan,metrocard,Metrocard - Seniors & Disability,35.0,3.0
2022-11-28T13:00:00.000,subway,610,"Grand Central-42 St (S,4,5,6,7)",Manhattan,metrocard,Metrocard - Unlimited 30-Day,232.0,0.0
2022-11-28T02:00:00.000,subway,612,"Lexington Av-53 St (E,M)/51 St (6)",Manhattan,metrocard,Metrocard - Full Fare,5.0,0.0
2022-05-31T00:00:00.000,subway,394,110 St (6),Manhattan,metrocard,Metrocard - Unlimited 30-Day,3.0,0.0
2022-11-28T01:00:00.000,subway,9,"57 St-7 Av (N,Q,R,W)",Manhattan,metrocard,Metrocard - Unlimited 7-Day,4.0,0.0
2022-05-31T07:00:00.000,subway,399,68 St-Hunter College (6),Manhattan,metrocard,Metrocard - Students,40.0,11.0
2022-11-28T17:00:00.000,subway,475,96 St (Q),Manhattan,metrocard,Metrocard - Seniors & Disability,44.0,6.0
2022-05-31T02:00:00.000,subway,403,33 St (6),Manhattan,metrocard,Metrocard - Unlimited 7-Day,1.0,0.0
2022-11-28T15:00:00.000,subway,609,"Bryant Pk (B,D,F,M)/5 Av (7)",Manhattan,metrocard,Metrocard - Unlimited 30-Day,244.0,0.0
2022-11-28T02:00:00.000,subway,611,"Times Sq-42 St (N,Q,R,W,S,1,2,3,7)/42 St (A,C,E)",Manhattan,metrocard,Metrocard - Fair Fare,4.0,0.0
2022-11-28T02:00:00.000,subway,609,"Bryant Pk (B,D,F,M)/5 Av (7)",Manhattan,metrocard,Metrocard - Unlimited 7-Day,4.0,0.0
2022-11-28T13:00:00.000,subway,610,"Grand Central-42 St (S,4,5,6,7)",Manhattan,omny,OMNY - Seniors & Disability,2.0,0.0
2022-05-31T09:00:00.000,subway,397,"86 St (4,5,6)",Manhattan,metrocard,Metrocard - Unlimited 7-Day,72.0,0.0
2022-11-28T03:00:00.000,subway,609,"Bryant Pk (B,D,F,M)/5 Av (7)",Manhattan,metrocard,Metrocard - Other,3.0,0.0
2022-05-31T20:00:00.000,subway,398,77 St (6),Manhattan,metrocard,Metrocard - Unlimited 30-Day,104.0,0.0
2022-11-28T20:00:00.000,subway,611,"Times Sq-42 St (N,Q,R,W,S,1,2,3,7)/42 St (A,C,E)",Manhattan,metrocard,Metrocard - Unlimited 30-Day,489.0,0.0
2022-11-28T03:00:00.000,subway,618,"14 St (A,C,E)/8 Av (L)",Manhattan,metrocard,Metrocard - Seniors & Disability,1.0,0.0
2022-05-31T03:00:00.000,subway,399,68 St-Hunter College (6),Manhattan,metrocard,Metrocard - Other,3.0,0.0
2022-11-28T22:00:00.000,subway,308,Cathedral Pkwy (110 St) (1),Manhattan,metrocard,Metrocard - Other,2.0,0.0
2022-05-31T23:00:00.000,subway,399,68 St-Hunter College (6),Manhattan,metrocard,Metrocard - Seniors & Disability,9.0,4.0
2022-11-28T17:00:00.000,subway,612,"Lexington Av-53 St (E,M)/51 St (6)",Manhattan,metrocard,Metrocard - Other,296.0,4.0
2022-11-28T04:00:00.000,subway,605,"168 St (A,C,1)",Manhattan,omny,OMNY - Full Fare,23.0,0.0
2022-05-31T03:00:00.000,subway,396,96 St (6),Manhattan,metrocard,Metrocard - Other,4.0,0.0
2022-11-28T06:00:00.000,subway,613,"Lexington Av (N,R,W)/59 St (4,5,6)",Manhattan,metrocard,Metrocard - Fair Fare,6.0,0.0
2022-05-31T18:00:00.000,subway,403,33 St (6),Manhattan,metrocard,Metrocard - Students,19.0,1.0
2022-11-28T14:00:00.000,subway,8,"5 Av/59 St (N,R,W)",Manhattan,metrocard,Metrocard - Unlimited 30-Day,51.0,0.0
2022-05-31T09:00:00.000,subway,399,68 St-Hunter College (6),Manhattan,metrocard,Metrocard - Full Fare,104.0,4.0
2022-11-28T22:00:00.000,subway,601,"14 St (F,M,1,2,3)/6 Av (L)",Manhattan,metrocard,Metrocard - Seniors & Disability,17.0,0.0
2022-05-31T01:00:00.000,subway,395,103 St (6),Manhattan,metrocard,Metrocard - Full Fare,2.0,0.0
2022-11-28T07:00:00.000,subway,607,"34 St-Herald Sq (B,D,F,M,N,Q,R,W)",Manhattan,metrocard,Metrocard - Full Fare,1154.0,30.0
2022-11-28T23:00:00.000,subway,609,"Bryant Pk (B,D,F,M)/5 Av (7)",Manhattan,metrocard,Metrocard - Unlimited 7-Day,85.0,0.0
2022-11-28T21:00:00.000,subway,476,86 St (Q),Manhattan,metrocard,Metrocard - Fair Fare,10.0,0.0
2022-11-28T20:00:00.000,subway,607,"34 St-Herald Sq (B,D,F,M,N,Q,R,W)",Manhattan,omny,OMNY - Full Fare,1433.0,8.0
2022-11-28T05:00:00.000,subway,475,96 St (Q),Manhattan,metrocard,Metrocard - Other,13.0,0.0
2022-05-31T23:00:00.000,subway,399,68 St-Hunter College (6),Manhattan,metrocard,Metrocard - Fair Fare,11.0,0.0
2022-05-31T22:00:00.000,subway,394,110 St (6),Manhattan,metrocard,Metrocard - Other,6.0,0.0
2022-11-28T02:00:00.000,subway,610,"Grand Central-42 St (S,4,5,6,7)",Manhattan,metrocard,Metrocard - Full Fare,14.0,0.0
2022-11-28T08:00:00.000,subway,612,"Lexington Av-53 St (E,M)/51 St (6)",Manhattan,metrocard,Metrocard - Students,59.0,1.0
2022-11-28T21:00:00.000,subway,308,Cathedral Pkwy (110 St) (1),Manhattan,metrocard,Metrocard - Unlimited 7-Day,21.0,0.0
2022-11-28T22:00:00.000,subway,476,86 St (Q),Manhattan,metrocard,Metrocard - Fair Fare,5.0,0.0
2022-11-28T02:00:00.000,subway,610,"Grand Central-42 St (S,4,5,6,7)",Manhattan,metrocard,Metrocard - Unlimited 30-Day,2.0,0.0
2022-11-28T23:00:00.000,subway,610,"Grand Central-42 St (S,4,5,6,7)",Manhattan,metrocard,Metrocard - Unlimited 7-Day,185.0,0.0
2022-11-28T09:00:00.000,subway,477,72 St (Q),Manhattan,omny,OMNY - Full Fare,485.0,11.0
2022-11-28T21:00:00.000,subway,610,"Grand Central-42 St (S,4,5,6,7)",Manhattan,metrocard,Metrocard - Unlimited 7-Day,203.0,0.0
2022-11-28T07:00:00.000,subway,602,"14 St-Union Sq (L,N,Q,R,W,4,5,6)",Manhattan,metrocard,Metrocard - Seniors & Disability,45.0,14.0
2022-11-28T21:00:00.000,subway,619,"Broadway-Lafayette St (B,D,F,M)/Bleecker St (6)",Manhattan,metrocard,Metrocard - Fair Fare,11.0,0.0
2022-05-31T13:00:00.000,subway,399,68 St-Hunter College (6),Manhattan,metrocard,Metrocard - Other,19.0,0.0
2022-11-28T04:00:00.000,subway,614,"59 St-Columbus Circle (A,B,C,D,1)",Manhattan,metrocard,Metrocard - Other,5.0,0.0
2022-11-28T05:00:00.000,subway,602,"14 St-Union Sq (L,N,Q,R,W,4,5,6)",Manhattan,metrocard,Metrocard - Full Fare,31.0,6.0
2022-11-28T15:00:00.000,subway,605,"168 St (A,C,1)",Manhattan,metrocard,Metrocard - Full Fare,267.0,4.0
2022-11-28T15:00:00.000,subway,8,"5 Av/59 St (N,R,W)",Manhattan,metrocard,Metrocard - Full Fare,284.0,12.0
2022-11-28T11:00:00.000,subway,308,Cathedral Pkwy (110 St) (1),Manhattan,metrocard,Metrocard - Students,2.0,0.0
2022-11-28T05:00:00.000,subway,614,"59 St-Columbus Circle (A,B,C,D,1)",Manhattan,metrocard,Metrocard - Unlimited 30-Day,25.0,0.0
2022-11-28T19:00:00.000,subway,605,"168 St (A,C,1)",Manhattan,metrocard,Metrocard - Seniors & Disability,21.0,1.0
2022-11-28T10:00:00.000,subway,610,"Grand Central-42 St (S,4,5,6,7)",Manhattan,metrocard,Metrocard - Other,101.0,1.0
2022-11-28T16:00:00.000,subway,614,"59 St-Columbus Circle (A,B,C,D,1)",Manhattan,metrocard,Metrocard - Unlimited 7-Day,443.0,0.0
2022-11-28T14:00:00.000,subway,471,34 St-Hudson Yards (7),Manhattan,metrocard,Metrocard - Fair Fare,17.0,0.0
2022-11-28T13:00:00.000,subway,619,"Broadway-Lafayette St (B,D,F,M)/Bleecker St (6)",Manhattan,metrocard,Metrocard - Unlimited 7-Day,111.0,0.0
2022-05-31T22:00:00.000,subway,395,103 St (6),Manhattan,metrocard,Metrocard - Unlimited 30-Day,13.0,0.0
2022-05-31T16:00:00.000,subway,394,110 St (6),Manhattan,metrocard,Metrocard - Other,17.0,0.0
2022-11-28T17:00:00.000,subway,612,"Lexington Av-53 St (E,M)/51 St (6)",Manhattan,metrocard,Metrocard - Full Fare,1612.0,8.0
2022-05-31T16:00:00.000,subway,403,33 St (6),Manhattan,metrocard,Metrocard - Other,74.0,0.0
2022-11-28T14:00:00.000,subway,605,"168 St (A,C,1)",Manhattan,metrocard,Metrocard - Unlimited 30-Day,116.0,0.0
2022-11-28T11:00:00.000,subway,619,"Broadway-Lafayette St (B,D,F,M)/Bleecker St (6)",Manhattan,metrocard,Metrocard - Seniors & Disability,22.0,1.0
2022-11-28T04:00:00.000,subway,619,"Broadway-Lafayette St (B,D,F,M)/Bleecker St (6)",Manhattan,omny,OMNY - Seniors & Disability,1.0,0.0
2022-05-31T05:00:00.000,subway,396,96 St (6),Manhattan,metrocard,Metrocard - Fair Fare,3.0,0.0
2022-11-28T14:00:00.000,subway,309,103 St (1),Manhattan,metrocard,Metrocard - Fair Fare,20.0,0.0
2022-05-31T11:00:00.000,subway,395,103 St (6),Manhattan,metrocard,Metrocard - Full Fare,86.0,1.0
2022-05-31T22:00:00.000,subway,398,77 St (6),Manhattan,metrocard,Metrocard - Fair Fare,5.0,0.0
2022-11-28T09:00:00.000,subway,309,103 St (1),Manhattan,metrocard,Metrocard - Seniors & Disability,57.0,1.0
2022-11-28T03:00:00.000,subway,601,"14 St (F,M,1,2,3)/6 Av (L)",Manhattan,metrocard,Metrocard - Full Fare,1.0,0.0
2022-11-28T05:00:00.000,subway,601,"14 St (F,M,1,2,3)/6 Av (L)",Manhattan,metrocard,Metrocard - Fair Fare,1.0,0.0
2022-11-28T08:00:00.000,subway,613,"Lexington Av (N,R,W)/59 St (4,5,6)",Manhattan,metrocard,Metrocard - Students,56.0,21.0
2022-11-28T07:00:00.000,subway,9,"57 St-7 Av (N,Q,R,W)",Manhattan,omny,OMNY - Seniors & Disability,2.0,0.0
2022-05-31T21:00:00.000,subway,399,68 St-Hunter College (6),Manhattan,omny,OMNY - Full Fare,81.0,2.0
2022-05-31T21:00:00.000,subway,395,103 St (6),Manhattan,metrocard,Metrocard - Fair Fare,6.0,0.0
2022-11-28T23:00:00.000,subway,477,72 St (Q),Manhattan,metrocard,Metrocard - Fair Fare,7.0,0.0
2022-11-28T22:00:00.000,subway,9,"57 St-7 Av (N,Q,R,W)",Manhattan,metrocard,Metrocard - Full Fare,119.0,3.0
2022-11-28T18:00:00.000,subway,619,"Broadway-Lafayette St (B,D,F,M)/Bleecker St (6)",Manhattan,omny,OMNY - Seniors & Disability,1.0,0.0
2022-11-28T00:00:00.000,subway,477,72 St (Q),Manhattan,metrocard,Metrocard - Seniors & Disability,1.0,0.0
2022-11-28T00:00:00.000,subway,9,"57 St-7 Av (N,Q,R,W)",Manhattan,metrocard,Metrocard - Other,2.0,0.0
2022-05-31T14:00:00.000,subway,396,96 St (6),Manhattan,metrocard,Metrocard - Unlimited 30-Day,95.0,0.0
2022-11-28T05:00:00.000,subway,476,86 St (Q),Manhattan,metrocard,Metrocard - Unlimited 30-Day,9.0,0.0
2022-11-28T07:00:00.000,subway,609,"Bryant Pk (B,D,F,M)/5 Av (7)",Manhattan,metrocard,Metrocard - Seniors & Disability,8.0,3.0
2022-05-31T08:00:00.000,subway,397,"86 St (4,5,6)",Manhattan,metrocard,Metrocard - Students,94.0,4.0
2022-05-31T08:00:00.000,subway,404,28 St (6),Manhattan,metrocard,Metrocard - Students,17.0,0.0
2022-11-28T22:00:00.000,subway,602,"14 St-Union Sq (L,N,Q,R,W,4,5,6)",Manhattan,metrocard,Metrocard - Full Fare,274.0,3.0
2022-11-28T09:00:00.000,subway,476,86 St (Q),Manhattan,omny,OMNY - Full Fare,628.0,8.0
2022-11-28T18:00:00.000,subway,607,"34 St-Herald Sq (B,D,F,M,N,Q,R,W)",Manhattan,metrocard,Metrocard - Other,303.0,0.0
2022-11-28T09:00:00.000,subway,612,"Lexington Av-53 St (E,M)/51 St (6)",Manhattan,metrocard,Metrocard - Fair Fare,14.0,0.0
2022-11-28T14:00:00.000,subway,614,"59 St-Columbus Circle (A,B,C,D,1)",Manhattan,metrocard,Metrocard - Other,123.0,1.0
2022-05-31T00:00:00.000,subway,403,33 St (6),Manhattan,metrocard,Metrocard - Fair Fare,4.0,0.0
2022-11-28T17:00:00.000,subway,614,"59 St-Columbus Circle (A,B,C,D,1)",Manhattan,metrocard,Metrocard - Students,206.0,5.0
2022-11-28T16:00:00.000,subway,611,"Times Sq-42 St (N,Q,R,W,S,1,2,3,7)/42 St (A,C,E)",Manhattan,omny,OMNY - Full Fare,2802.0,38.0
2022-11-28T12:00:00.000,subway,602,"14 St-Union Sq (L,N,Q,R,W,4,5,6)",Manhattan,metrocard,Metrocard - Other,109.0,1.0
2022-11-28T16:00:00.000,subway,607,"34 St-Herald Sq (B,D,F,M,N,Q,R,W)",Manhattan,omny,OMNY - Seniors & Disability,5.0,0.0
2022-11-28T20:00:00.000,subway,475,96 St (Q),Manhattan,metrocard,Metrocard - Other,17.0,0.0
2022-11-28T17:00:00.000,subway,614,"59 St-Columbus Circle (A,B,C,D,1)",Manhattan,omny,OMNY - Seniors & Disability,2.0,0.0
2022-11-28T06:00:00.000,subway,471,34 St-Hudson Yards (7),Manhattan,metrocard,Metrocard - Unlimited 30-Day,21.0,0.0
2022-05-31T14:00:00.000,subway,403,33 St (6),Manhattan,metrocard,Metrocard - Unlimited 7-Day,119.0,0.0
2022-11-28T13:00:00.000,subway,601,"14 St (F,M,1,2,3)/6 Av (L)",Manhattan,metrocard,Metrocard - Full Fare,222.0,3.0
2022-11-28T01:00:00.000,subway,607,"34 St-Herald Sq (B,D,F,M,N,Q,R,W)",Manhattan,metrocard,Metrocard - Fair Fare,5.0,0.0
2022-11-28T04:00:00.000,subway,475,96 St (Q),Manhattan,metrocard,Metrocard - Full Fare,10.0,2.0
2022-11-28T01:00:00.000,subway,601,"14 St (F,M,1,2,3)/6 Av (L)",Manhattan,metrocard,Metrocard - Unlimited 30-Day,6.0,0.0
2022-11-28T10:00:00.000,subway,610,"Grand Central-42 St (S,4,5,6,7)",Manhattan,metrocard,Metrocard - Seniors & Disability,141.0,5.0
2022-11-28T09:00:00.000,subway,605,"168 St (A,C,1)",Manhattan,omny,OMNY - Full Fare,263.0,3.0
2022-11-28T17:00:00.000,subway,611,"Times Sq-42 St (N,Q,R,W,S,1,2,3,7)/42 St (A,C,E)",Manhattan,metrocard,Metrocard - Fair Fare,234.0,3.0
2022-05-31T18:00:00.000,subway,404,28 St (6),Manhattan,metrocard,Metrocard - Students,22.0,0.0
2022-11-28T19:00:00.000,subway,607,"34 St-Herald Sq (B,D,F,M,N,Q,R,W)",Manhattan,metrocard,Metrocard - Seniors & Disability,112.0,2.0
2022-05-31T15:00:00.000,subway,405,23 St (6),Manhattan,metrocard,Metrocard - Fair Fare,27.0,1.0
2022-11-28T06:00:00.000,subway,471,34 St-Hudson Yards (7),Manhattan,metrocard,Metrocard - Seniors & Disability,1.0,0.0
2022-11-28T02:00:00.000,subway,619,"Broadway-Lafayette St (B,D,F,M)/Bleecker St (6)",Manhattan,metrocard,Metrocard - Unlimited 7-Day,6.0,0.0
2022-11-28T14:00:00.000,subway,609,"Bryant Pk (B,D,F,M)/5 Av (7)",Manhattan,metrocard,Metrocard - Other,50.0,0.0
2022-05-31T12:00:00.000,subway,395,103 St (6),Manhattan,metrocard,Metrocard - Fair Fare,26.0,1.0
2022-11-28T22:00:00.000,subway,614,"59 St-Columbus Circle (A,B,C,D,1)",Manhattan,metrocard,Metrocard - Students,2.0,0.0
2022-11-28T00:00:00.000,subway,602,"14 St-Union Sq (L,N,Q,R,W,4,5,6)",Manhattan,omny,OMNY - Full Fare,136.0,0.0
2022-05-31T20:00:00.000,subway,397,"86 St (4,5,6)",Manhattan,metrocard,Metrocard - Unlimited 7-Day,146.0,0.0
2022-05-31T03:00:00.000,subway,404,28 St (6),Manhattan,omny,OMNY - Full Fare,2.0,0.0
2022-11-28T01:00:00.000,subway,471,34 St-Hudson Yards (7),Manhattan,omny,OMNY - Full Fare,8.0,0.0
2022-11-28T00:00:00.000,subway,610,"Grand Central-42 St (S,4,5,6,7)",Manhattan,omny,OMNY - Full Fare,82.0,0.0
2022-11-28T16:00:00.000,subway,9,"57 St-7 Av (N,Q,R,W)",Manhattan,metrocard,Metrocard - Seniors & Disability,92.0,8.0
2022-11-28T05:00:00.000,subway,309,103 St (1),Manhattan,metrocard,Metrocard - Unlimited 30-Day,9.0,0.0
2022-05-31T20:00:00.000,subway,397,"86 St (4,5,6)",Manhattan,metrocard,Metrocard - Unlimited 30-Day,139.0,0.0
2022-11-28T20:00:00.000,subway,477,72 St (Q),Manhattan,metrocard,Metrocard - Unlimited 30-Day,104.0,0.0
2022-11-28T03:00:00.000,subway,8,"5 Av/59 St (N,R,W)",Manhattan,metrocard,Metrocard - Full Fare,4.0,0.0
2022-05-31T15:00:00.000,subway,395,103 St (6),Manhattan,metrocard,Metrocard - Unlimited 30-Day,107.0,0.0
2022-11-28T20:00:00.000,subway,619,"Broadway-Lafayette St (B,D,F,M)/Bleecker St (6)",Manhattan,metrocard,Metrocard - Students,15.0,1.0
2022-11-28T10:00:00.000,subway,477,72 St (Q),Manhattan,metrocard,Metrocard - Seniors & Disability,67.0,2.0
2022-11-28T04:00:00.000,subway,619,"Broadway-Lafayette St (B,D,F,M)/Bleecker St (6)",Manhattan,omny,OMNY - Full Fare,9.0,0.0
2022-11-28T18:00:00.000,subway,605,"168 St (A,C,1)",Manhattan,metrocard,Metrocard - Unlimited 7-Day,73.0,0.0
2022-05-31T12:00:00.000,subway,397,"86 St (4,5,6)",Manhattan,metrocard,Metrocard - Seniors & Disability,91.0,8.0
2022-11-28T14:00:00.000,subway,607,"34 St-Herald Sq (B,D,F,M,N,Q,R,W)",Manhattan,metrocard,Metrocard - Seniors & Disability,215.0,5.0
2022-11-28T08:00:00.000,subway,477,72 St (Q),Manhattan,metrocard,Metrocard - Seniors & Disability,52.0,2.0
2022-11-28T13:00:00.000,subway,602,"14 St-Union Sq (L,N,Q,R,W,4,5,6)",Manhattan,omny,OMNY - Full Fare,1063.0,21.0
2022-11-28T03:00:00.000,subway,9,"57 St-7 Av (N,Q,R,W)",Manhattan,metrocard,Metrocard - Full Fare,4.0,0.0
2022-05-31T05:00:00.000,subway,396,96 St (6),Manhattan,metrocard,Metrocard - Unlimited 7-Day,16.0,0.0
2022-11-28T11:00:00.000,subway,618,"14 St (A,C,E)/8 Av (L)",Manhattan,metrocard,Metrocard - Full Fare,114.0,1.0
2022-11-28T13:00:00.000,subway,307,116 St-Columbia University (1),Manhattan,omny,OMNY - Full Fare,335.0,1.0
2022-11-28T00:00:00.000,subway,605,"168 St (A,C,1)",Manhattan,metrocard,Metrocard - Unlimited 7-Day,5.0,0.0
2022-05-31T06:00:00.000,subway,403,33 St (6),Manhattan,metrocard,Metrocard - Other,15.0,2.0
2022-05-31T00:00:00.000,subway,398,77 St (6),Manhattan,metrocard,Metrocard - Other,4.0,0.0
2022-11-28T14:00:00.000,subway,601,"14 St (F,M,1,2,3)/6 Av (L)",Manhattan,metrocard,Metrocard - Unlimited 30-Day,149.0,0.0
2022-11-28T16:00:00.000,subway,308,Cathedral Pkwy (110 St) (1),Manhattan,metrocard,Metrocard - Students,35.0,4.0
2022-11-28T17:00:00.000,subway,8,"5 Av/59 St (N,R,W)",Manhattan,metrocard,Metrocard - Seniors & Disability,44.0,4.0
2022-05-31T09:00:00.000,subway,395,103 St (6),Manhattan,metrocard,Metrocard - Seniors & Disability,28.0,1.0
2022-11-28T22:00:00.000,subway,309,103 St (1),Manhattan,metrocard,Metrocard - Full Fare,19.0,0.0
2022-11-28T15:00:00.000,subway,618,"14 St (A,C,E)/8 Av (L)",Manhattan,omny,OMNY - Full Fare,1011.0,4.0
2022-11-28T20:00:00.000,subway,610,"Grand Central-42 St (S,4,5,6,7)",Manhattan,metrocard,Metrocard - Other,152.0,1.0
2022-11-28T00:00:00.000,subway,618,"14 St (A,C,E)/8 Av (L)",Manhattan,omny,OMNY - Full Fare,104.0,1.0
2022-11-28T21:00:00.000,subway,611,"Times Sq-42 St (N,Q,R,W,S,1,2,3,7)/42 St (A,C,E)",Manhattan,metrocard,Metrocard - Seniors & Disability,82.0,0.0
2022-11-28T02:00:00.000,subway,618,"14 St (A,C,E)/8 Av (L)",Manhattan,metrocard,Metrocard - Other,3.0,0.0
2022-11-28T16:00:00.000,subway,475,96 St (Q),Manhattan,metrocard,Metrocard - Fair Fare,36.0,0.0
2022-11-28T01:00:00.000,subway,611,"Times Sq-42 St (N,Q,R,W,S,1,2,3,7)/42 St (A,C,E)",Manhattan,omny,OMNY - Full Fare,214.0,0.0
2022-11-28T12:00:00.000,subway,609,"Bryant Pk (B,D,F,M)/5 Av (7)",Manhattan,metrocard,Metrocard - Full Fare,248.0,4.0
2022-11-28T02:00:00.000,subway,609,"Bryant Pk (B,D,F,M)/5 Av (7)",Manhattan,metrocard,Metrocard - Full Fare,7.0,1.0
2022-11-28T04:00:00.000,subway,602,"14 St-Union Sq (L,N,Q,R,W,4,5,6)",Manhattan,metrocard,Metrocard - Full Fare,16.0,0.0
2022-05-31T19:00:00.000,subway,398,77 St (6),Manhattan,metrocard,Metrocard - Other,29.0,2.0
2022-05-31T22:00:00.000,subway,404,28 St (6),Manhattan,metrocard,Metrocard - Other,8.0,0.0
2022-11-28T12:00:00.000,subway,471,34 St-Hudson Yards (7),Manhattan,metrocard,Metrocard - Students,4.0,0.0
2022-11-28T12:00:00.000,subway,605,"168 St (A,C,1)",Manhattan,omny,OMNY - Seniors & Disability,1.0,0.0
2022-05-31T08:00:00.000,subway,396,96 St (6),Manhattan,metrocard,Metrocard - Seniors & Disability,30.0,3.0
2022-11-28T15:00:00.000,subway,605,"168 St (A,C,1)",Manhattan,metrocard,Metrocard - Fair Fare,57.0,1.0
2022-11-28T06:00:00.000,subway,601,"14 St (F,M,1,2,3)/6 Av (L)",Manhattan,metrocard,Metrocard - Other,24.0,0.0
2022-05-31T15:00:00.000,subway,396,96 St (6),Manhattan,omny,OMNY - Full Fare,273.0,6.0
2022-11-28T23:00:00.000,subway,309,103 St (1),Manhattan,metrocard,Metrocard - Other,3.0,0.0
2022-05-31T01:00:00.000,subway,394,110 St (6),Manhattan,metrocard,Metrocard - Other,3.0,0.0
2022-11-28T23:00:00.000,subway,612,"Lexington Av-53 St (E,M)/51 St (6)",Manhattan,metrocard,Metrocard - Unlimited 30-Day,72.0,0.0
2022-11-28T00:00:00.000,subway,611,"Times Sq-42 St (N,Q,R,W,S,1,2,3,7)/42 St (A,C,E)",Manhattan,metrocard,Metrocard - Other,47.0,0.0
2022-11-28T15:00:00.000,subway,308,Cathedral Pkwy (110 St) (1),Manhattan,omny,OMNY - Seniors & Disability,2.0,0.0
2022-11-28T09:00:00.000,subway,613,"Lexington Av (N,R,W)/59 St (4,5,6)",Manhattan,metrocard,Metrocard - Students,11.0,7.0
2022-11-28T18:00:00.000,subway,601,"14 St (F,M,1,2,3)/6 Av (L)",Manhattan,metrocard,Metrocard - Fair Fare,36.0,1.0
2022-05-31T23:00:00.000,subway,404,28 St (6),Manhattan,metrocard,Metrocard - Full Fare,38.0,0.0
2022-11-28T05:00:00.000,subway,619,"Broadway-Lafayette St (B,D,F,M)/Bleecker St (6)",Manhattan,metrocard,Metrocard - Students,2.0,0.0
2022-05-31T04:00:00.000,subway,394,110 St (6),Manhattan,omny,OMNY - Full Fare,7.0,0.0
2022-11-28T11:00:00.000,subway,614,"59 St-Columbus Circle (A,B,C,D,1)",Manhattan,metrocard,Metrocard - Full Fare,319.0,8.0
2022-05-31T15:00:00.000,subway,398,77 St (6),Manhattan,metrocard,Metrocard - Fair Fare,52.0,1.0
2022-05-31T22:00:00.000,subway,403,33 St (6),Manhattan,metrocard,Metrocard - Seniors & Disability,4.0,0.0
2022-11-28T16:00:00.000,subway,9,"57 St-7 Av (N,Q,R,W)",Manhattan,metrocard,Metrocard - Other,106.0,2.0
2022-11-28T11:00:00.000,subway,471,34 St-Hudson Yards (7),Manhattan,metrocard,Metrocard - Seniors & Disability,15.0,0.0
2022-11-28T11:00:00.000,subway,9,"57 St-7 Av (N,Q,R,W)",Manhattan,omny,OMNY - Full Fare,230.0,6.0
2022-05-31T12:00:00.000,subway,404,28 St (6),Manhattan,metrocard,Metrocard - Unlimited 7-Day,26.0,0.0
2022-05-31T13:00:00.000,subway,394,110 St (6),Manhattan,omny,OMNY - Full Fare,61.0,0.0
2022-05-31T06:00:00.000,subway,405,23 St (6),Manhattan,metrocard,Metrocard - Fair Fare,3.0,0.0
2022-11-28T19:00:00.000,subway,619,"Broadway-Lafayette St (B,D,F,M)/Bleecker St (6)",Manhattan,metrocard,Metrocard - Full Fare,258.0,1.0
2022-11-28T13:00:00.000,subway,477,72 St (Q),Manhattan,metrocard,Metrocard - Fair Fare,15.0,1.0
2022-05-31T08:00:00.000,subway,404,28 St (6),Manhattan,metrocard,Metrocard - Full Fare,153.0,3.0
2022-05-31T07:00:00.000,subway,394,110 St (6),Manhattan,metrocard,Metrocard - Seniors & Disability,19.0,1.0
2022-11-28T18:00:00.000,subway,307,116 St-Columbia University (1),Manhattan,omny,OMNY - Full Fare,724.0,3.0
2022-05-31T11:00:00.000,subway,398,77 St (6),Manhattan,metrocard,Metrocard - Students,18.0,2.0
2022-05-31T21:00:00.000,subway,395,103 St (6),Manhattan,metrocard,Metrocard - Full Fare,32.0,0.0
2022-11-28T15:00:00.000,subway,9,"57 St-7 Av (N,Q,R,W)",Manhattan,metrocard,Metrocard - Full Fare,378.0,8.0
2022-05-31T12:00:00.000,subway,398,77 St (6),Manhattan,metrocard,Metrocard - Full Fare,204.0,3.0
2022-11-28T01:00:00.000,subway,475,96 St (Q),Manhattan,metrocard,Metrocard - Other,4.0,0.0
2022-05-31T06:00:00.000,subway,396,96 St (6),Manhattan,metrocard,Metrocard - Students,10.0,0.0
2022-11-28T14:00:00.000,subway,605,"168 St (A,C,1)",Manhattan,omny,OMNY - Full Fare,399.0,2.0
2022-11-28T14:00:00.000,subway,476,86 St (Q),Manhattan,metrocard,Metrocard - Unlimited 7-Day,63.0,0.0
2022-11-28T13:00:00.000,subway,8,"5 Av/59 St (N,R,W)",Manhattan,metrocard,Metrocard - Students,8.0,0.0
2022-11-28T11:00:00.000,subway,602,"14 St-Union Sq (L,N,Q,R,W,4,5,6)",Manhattan,metrocard,Metrocard - Students,46.0,1.0
2022-11-28T10:00:00.000,subway,8,"5 Av/59 St (N,R,W)",Manhattan,metrocard,Metrocard - Fair Fare,8.0,0.0
2022-05-31T06:00:00.000,subway,394,110 St (6),Manhattan,metrocard,Metrocard - Students,12.0,0.0
2022-05-31T14:00:00.000,subway,396,96 St (6),Manhattan,metrocard,Metrocard - Full Fare,184.0,9.0
2022-05-31T12:00:00.000,subway,398,77 St (6),Manhattan,metrocard,Metrocard - Seniors & Disability,54.0,6.0
2022-11-28T04:00:00.000,subway,611,"Times Sq-42 St (N,Q,R,W,S,1,2,3,7)/42 St (A,C,E)",Manhattan,metrocard,Metrocard - Seniors & Disability,9.0,0.0
2022-11-28T04:00:00.000,subway,471,34 St-Hudson Yards (7),Manhattan,metrocard,Metrocard - Unlimited 7-Day,1.0,0.0
2022-05-31T23:00:00.000,subway,403,33 St (6),Manhattan,metrocard,Metrocard - Unlimited 7-Day,47.0,0.0
2022-11-28T08:00:00.000,subway,607,"34 St-Herald Sq (B,D,F,M,N,Q,R,W)",Manhattan,metrocard,Metrocard - Fair Fare,28.0,0.0
2022-05-31T16:00:00.000,subway,395,103 St (6),Manhattan,metrocard,Metrocard - Seniors & Disability,23.0,1.0
2022-11-28T20:00:00.000,subway,609,"Bryant Pk (B,D,F,M)/5 Av (7)",Manhattan,metrocard,Metrocard - Students,23.0,0.0
2022-11-28T12:00:00.000,subway,308,Cathedral Pkwy (110 St) (1),Manhattan,metrocard,Metrocard - Full Fare,58.0,2.0
2022-11-28T04:00:00.000,subway,613,"Lexington Av (N,R,W)/59 St (4,5,6)",Manhattan,omny,OMNY - Full Fare,6.0,4.0
2022-05-31T11:00:00.000,subway,397,"86 St (4,5,6)",Manhattan,omny,OMNY - Full Fare,321.0,11.0
2022-11-28T11:00:00.000,subway,619,"Broadway-Lafayette St (B,D,F,M)/Bleecker St (6)",Manhattan,metrocard,Metrocard - Fair Fare,18.0,1.0
2022-05-31T22:00:00.000,subway,396,96 St (6),Manhattan,metrocard,Metrocard - Unlimited 7-Day,30.0,0.0
2022-11-28T23:00:00.000,subway,601,"14 St (F,M,1,2,3)/6 Av (L)",Manhattan,omny,OMNY - Full Fare,183.0,1.0
2022-11-28T18:00:00.000,subway,471,34 St-Hudson Yards (7),Manhattan,metrocard,Metrocard - Unlimited 30-Day,121.0,0.0
2022-11-28T05:00:00.000,subway,601,"14 St (F,M,1,2,3)/6 Av (L)",Manhattan,metrocard,Metrocard - Unlimited 30-Day,5.0,0.0
2022-05-31T05:00:00.000,subway,397,"86 St (4,5,6)",Manhattan,metrocard,Metrocard - Unlimited 30-Day,19.0,0.0
2022-11-28T16:00:00.000,subway,613,"Lexington Av (N,R,W)/59 St (4,5,6)",Manhattan,metrocard,Metrocard - Other,122.0,3.0
2022-11-28T08:00:00.000,subway,476,86 St (Q),Manhattan,metrocard,Metrocard - Students,80.0,0.0
2022-11-28T04:00:00.000,subway,618,"14 St (A,C,E)/8 Av (L)",Manhattan,metrocard,Metrocard - Unlimited 30-Day,1.0,0.0
2022-11-28T20:00:00.000,subway,618,"14 St (A,C,E)/8 Av (L)",Manhattan,metrocard,Metrocard - Students,10.0,0.0
2022-11-28T00:00:00.000,subway,9,"57 St-7 Av (N,Q,R,W)",Manhattan,omny,OMNY - Full Fare,34.0,0.0
2022-11-28T07:00:00.000,subway,611,"Times Sq-42 St (N,Q,R,W,S,1,2,3,7)/42 St (A,C,E)",Manhattan,metrocard,Metrocard - Fair Fare,85.0,2.0
2022-11-28T17:00:00.000,subway,8,"5 Av/59 St (N,R,W)",Manhattan,metrocard,Metrocard - Other,61.0,0.0
2022-11-28T23:00:00.000,subway,605,"168 St (A,C,1)",Manhattan,metrocard,Metrocard - Other,11.0,0.0
2022-05-31T19:00:00.000,subway,403,33 St (6),Manhattan,metrocard,Metrocard - Unlimited 30-Day,109.0,0.0
2022-11-28T20:00:00.000,subway,609,"Bryant Pk (B,D,F,M)/5 Av (7)",Manhattan,omny,OMNY - Full Fare,828.0,1.0
2022-11-28T05:00:00.000,subway,471,34 St-Hudson Yards (7),Manhattan,metrocard,Metrocard - Full Fare,11.0,0.0
2022-05-31T11:00:00.000,subway,403,33 St (6),Manhattan,metrocard,Metrocard - Students,14.0,0.0
2022-11-28T16:00:00.000,subway,471,34 St-Hudson Yards (7),Manhattan,metrocard,Metrocard - Other,66.0,0.0
2022-11-28T14:00:00.000,subway,475,96 St (Q),Manhattan,omny,OMNY - Full Fare,218.0,14.0
2022-05-31T22:00:00.000,subway,399,68 St-Hunter College (6),Manhattan,metrocard,Metrocard - Other,4.0,0.0
2022-11-28T03:00:00.000,subway,477,72 St (Q),Manhattan,metrocard,Metrocard - Unlimited 30-Day,1.0,0.0
2022-11-28T22:00:00.000,subway,612,"Lexington Av-53 St (E,M)/51 St (6)",Manhattan,metrocard,Metrocard - Other,17.0,0.0
2022-11-28T19:00:00.000,subway,609,"Bryant Pk (B,D,F,M)/5 Av (7)",Manhattan,metrocard,Metrocard - Fair Fare,69.0,0.0
2022-11-28T15:00:00.000,subway,477,72 St (Q),Manhattan,omny,OMNY - Seniors & Disability,2.0,0.0
2022-11-28T15:00:00.000,subway,475,96 St (Q),Manhattan,omny,OMNY - Full Fare,310.0,15.0
2022-05-31T12:00:00.000,subway,396,96 St (6),Manhattan,metrocard,Metrocard - Students,16.0,2.0
2022-11-28T14:00:00.000,subway,471,34 St-Hudson Yards (7),Manhattan,metrocard,Metrocard - Other,31.0,0.0
2022-11-28T17:00:00.000,subway,308,Cathedral Pkwy (110 St) (1),Manhattan,metrocard,Metrocard - Unlimited 30-Day,100.0,0.0
2022-11-28T07:00:00.000,subway,609,"Bryant Pk (B,D,F,M)/5 Av (7)",Manhattan,metrocard,Metrocard - Full Fare,94.0,26.0
2022-11-28T01:00:00.000,subway,611,"Times Sq-42 St (N,Q,R,W,S,1,2,3,7)/42 St (A,C,E)",Manhattan,metrocard,Metrocard - Full Fare,95.0,0.0
2022-11-28T13:00:00.000,subway,614,"59 St-Columbus Circle (A,B,C,D,1)",Manhattan,metrocard,Metrocard - Unlimited 7-Day,215.0,0.0
2022-05-31T23:00:00.000,subway,404,28 St (6),Manhattan,metrocard,Metrocard - Unlimited 30-Day,45.0,0.0
2022-11-28T05:00:00.000,subway,609,"Bryant Pk (B,D,F,M)/5 Av (7)",Manhattan,omny,OMNY - Full Fare,18.0,9.0
2022-11-28T11:00:00.000,subway,619,"Broadway-Lafayette St (B,D,F,M)/Bleecker St (6)",Manhattan,omny,OMNY - Full Fare,313.0,0.0
2022-05-31T11:00:00.000,subway,394,110 St (6),Manhattan,metrocard,Metrocard - Full Fare,54.0,1.0
2022-05-31T20:00:00.000,subway,395,103 St (6),Manhattan,metrocard,Metrocard - Unlimited 7-Day,29.0,0.0
2022-11-28T09:00:00.000,subway,610,"Grand Central-42 St (S,4,5,6,7)",Manhattan,metrocard,Metrocard - Fair Fare,20.0,0.0
2022-11-28T00:00:00.000,subway,9,"57 St-7 Av (N,Q,R,W)",Manhattan,metrocard,Metrocard - Full Fare,13.0,0.0
2022-05-31T06:00:00.000,subway,394,110 St (6),Manhattan,metrocard,Metrocard - Unlimited 30-Day,46.0,0.0
2022-11-28T21:00:00.000,subway,9,"57 St-7 Av (N,Q,R,W)",Manhattan,metrocard,Metrocard - Unlimited 30-Day,112.0,0.0
2022-05-31T18:00:00.000,subway,396,96 St (6),Manhattan,metrocard,Metrocard - Students,45.0,6.0
2022-11-28T18:00:00.000,subway,610,"Grand Central-42 St (S,4,5,6,7)",Manhattan,metrocard,Metrocard - Students,95.0,1.0
2022-11-28T11:00:00.000,subway,471,34 St-Hudson Yards (7),Manhattan,metrocard,Metrocard - Unlimited 7-Day,112.0,0.0
2022-11-28T13:00:00.000,subway,601,"14 St (F,M,1,2,3)/6 Av (L)",Manhattan,metrocard,Metrocard - Seniors & Disability,87.0,6.0
2022-11-28T08:00:00.000,subway,614,"59 St-Columbus Circle (A,B,C,D,1)",Manhattan,metrocard,Metrocard - Unlimited 30-Day,235.0,0.0
2022-05-31T19:00:00.000,subway,404,28 St (6),Manhattan,metrocard,Metrocard - Unlimited 7-Day,66.0,0.0
2022-05-31T13:00:00.000,subway,405,23 St (6),Manhattan,metrocard,Metrocard - Fair Fare,22.0,1.0
2022-11-28T14:00:00.000,subway,609,"Bryant Pk (B,D,F,M)/5 Av (7)",Manhattan,metrocard,Metrocard - Fair Fare,54.0,1.0
2022-11-28T21:00:00.000,subway,602,"14 St-Union Sq (L,N,Q,R,W,4,5,6)",Manhattan,metrocard,Metrocard - Fair Fare,69.0,0.0
2022-11-28T17:00:00.000,subway,9,"57 St-7 Av (N,Q,R,W)",Manhattan,metrocard,Metrocard - Students,58.0,1.0
2022-05-31T17:00:00.000,subway,397,"86 St (4,5,6)",Manhattan,metrocard,Metrocard - Other,134.0,4.0
2022-05-31T07:00:00.000,subway,394,110 St (6),Manhattan,metrocard,Metrocard - Unlimited 7-Day,55.0,0.0
2022-11-28T11:00:00.000,subway,609,"Bryant Pk (B,D,F,M)/5 Av (7)",Manhattan,omny,OMNY - Full Fare,327.0,9.0
2022-11-28T00:00:00.000,subway,613,"Lexington Av (N,R,W)/59 St (4,5,6)",Manhattan,metrocard,Metrocard - Unlimited 7-Day,35.0,0.0
2022-11-28T11:00:00.000,subway,471,34 St-Hudson Yards (7),Manhattan,metrocard,Metrocard - Full Fare,102.0,0.0
2022-05-31T21:00:00.000,subway,398,77 St (6),Manhattan,metrocard,Metrocard - Unlimited 7-Day,73.0,0.0
2022-11-28T21:00:00.000,subway,610,"Grand Central-42 St (S,4,5,6,7)",Manhattan,metrocard,Metrocard - Seniors & Disability,46.0,3.0
2022-11-28T04:00:00.000,subway,605,"168 St (A,C,1)",Manhattan,metrocard,Metrocard - Full Fare,34.0,2.0
2022-11-28T21:00:00.000,subway,613,"Lexington Av (N,R,W)/59 St (4,5,6)",Manhattan,omny,OMNY - Full Fare,303.0,17.0
2022-05-31T10:00:00.000,subway,399,68 St-Hunter College (6),Manhattan,metrocard,Metrocard - Unlimited 7-Day,37.0,0.0
2022-11-28T05:00:00.000,subway,475,96 St (Q),Manhattan,metrocard,Metrocard - Unlimited 7-Day,10.0,0.0
2022-11-28T15:00:00.000,subway,601,"14 St (F,M,1,2,3)/6 Av (L)",Manhattan,metrocard,Metrocard - Unlimited 7-Day,222.0,0.0
2022-11-28T13:00:00.000,subway,618,"14 St (A,C,E)/8 Av (L)",Manhattan,omny,OMNY - Other,1.0,0.0
2022-05-31T02:00:00.000,subway,397,"86 St (4,5,6)",Manhattan,omny,OMNY - Full Fare,5.0,0.0
2022-11-28T11:00:00.000,subway,607,"34 St-Herald Sq (B,D,F,M,N,Q,R,W)",Manhattan,metrocard,Metrocard - Full Fare,599.0,7.0
2022-11-28T17:00:00.000,subway,618,"14 St (A,C,E)/8 Av (L)",Manhattan,metrocard,Metrocard - Unlimited 30-Day,289.0,0.0
2022-11-28T00:00:00.000,subway,476,86 St (Q),Manhattan,metrocard,Metrocard - Unlimited 7-Day,5.0,0.0
2022-11-28T21:00:00.000,subway,614,"59 St-Columbus Circle (A,B,C,D,1)",Manhattan,omny,OMNY - Full Fare,765.0,9.0
2022-11-28T01:00:00.000,subway,618,"14 St (A,C,E)/8 Av (L)",Manhattan,metrocard,Metrocard - Fair Fare,1.0,0.0
2022-11-28T11:00:00.000,subway,605,"168 St (A,C,1)",Manhattan,metrocard,Metrocard - Students,15.0,0.0
2022-11-28T12:00:00.000,subway,619,"Broadway-Lafayette St (B,D,F,M)/Bleecker St (6)",Manhattan,omny,OMNY - Seniors & Disability,2.0,0.0
2022-11-28T14:00:00.000,subway,476,86 St (Q),Manhattan,metrocard,Metrocard - Full Fare,144.0,1.0
2022-11-28T20:00:00.000,subway,609,"Bryant Pk (B,D,F,M)/5 Av (7)",Manhattan,metrocard,Metrocard - Seniors & Disability,27.0,0.0
2022-05-31T11:00:00.000,subway,399,68 St-Hunter College (6),Manhattan,metrocard,Metrocard - Unlimited 30-Day,57.0,0.0
2022-05-31T20:00:00.000,subway,395,103 St (6),Manhattan,metrocard,Metrocard - Other,9.0,0.0
2022-11-28T17:00:00.000,subway,610,"Grand Central-42 St (S,4,5,6,7)",Manhattan,metrocard,Metrocard - Full Fare,2983.0,22.0
2022-11-28T22:00:00.000,subway,476,86 St (Q),Manhattan,omny,OMNY - Full Fare,90.0,0.0
2022-11-28T10:00:00.000,subway,601,"14 St (F,M,1,2,3)/6 Av (L)",Manhattan,metrocard,Metrocard - Fair Fare,19.0,2.0
2022-11-28T10:00:00.000,subway,9,"57 St-7 Av (N,Q,R,W)",Manhattan,metrocard,Metrocard - Unlimited 30-Day,82.0,0.0
2022-11-28T00:00:00.000,subway,8,"5 Av/59 St (N,R,W)",Manhattan,metrocard,Metrocard - Unlimited 7-Day,1.0,0.0
2022-05-31T19:00:00.000,subway,394,110 St (6),Manhattan,metrocard,Metrocard - Unlimited 30-Day,34.0,0.0
2022-11-28T10:00:00.000,subway,619,"Broadway-Lafayette St (B,D,F,M)/Bleecker St (6)",Manhattan,omny,OMNY - Seniors & Disability,1.0,0.0
2022-05-31T22:00:00.000,subway,396,96 St (6),Manhattan,metrocard,Metrocard - Fair Fare,7.0,2.0
2022-11-28T06:00:00.000,subway,611,"Times Sq-42 St (N,Q,R,W,S,1,2,3,7)/42 St (A,C,E)",Manhattan,metrocard,Metrocard - Unlimited 30-Day,388.0,0.0
2022-11-28T03:00:00.000,subway,471,34 St-Hudson Yards (7),Manhattan,metrocard,Metrocard - Unlimited 30-Day,5.0,0.0
2022-11-28T22:00:00.000,subway,471,34 St-Hudson Yards (7),Manhattan,omny,OMNY - Full Fare,152.0,2.0
2022-05-31T21:00:00.000,subway,403,33 St (6),Manhattan,metrocard,Metrocard - Unlimited 7-Day,62.0,0.0
2022-05-31T23:00:00.000,subway,403,33 St (6),Manhattan,metrocard,Metrocard - Other,9.0,0.0
2022-11-28T13:00:00.000,subway,475,96 St (Q),Manhattan,metrocard,Metrocard - Seniors & Disability,42.0,2.0
2022-11-28T06:00:00.000,subway,601,"14 St (F,M,1,2,3)/6 Av (L)",Manhattan,omny,OMNY - Full Fare,128.0,10.0
2022-05-31T15:00:00.000,subway,398,77 St (6),Manhattan,omny,OMNY - Full Fare,584.0,13.0
2022-11-28T04:00:00.000,subway,607,"34 St-Herald Sq (B,D,F,M,N,Q,R,W)",Manhattan,metrocard,Metrocard - Unlimited 30-Day,3.0,0.0
2022-11-28T15:00:00.000,subway,610,"Grand Central-42 St (S,4,5,6,7)",Manhattan,metrocard,Metrocard - Unlimited 30-Day,435.0,0.0
2022-11-28T12:00:00.000,subway,605,"168 St (A,C,1)",Manhattan,metrocard,Metrocard - Other,38.0,0.0
2022-11-28T16:00:00.000,subway,614,"59 St-Columbus Circle (A,B,C,D,1)",Manhattan,metrocard,Metrocard - Fair Fare,152.0,5.0
2022-05-31T07:00:00.000,subway,403,33 St (6),Manhattan,metrocard,Metrocard - Seniors & Disability,9.0,1.0
2022-11-28T10:00:00.000,subway,471,34 St-Hudson Yards (7),Manhattan,metrocard,Metrocard - Fair Fare,7.0,0.0
2022-05-31T10:00:00.000,subway,395,103 St (6),Manhattan,metrocard,Metrocard - Unlimited 30-Day,41.0,0.0
2022-11-28T10:00:00.000,subway,614,"59 St-Columbus Circle (A,B,C,D,1)",Manhattan,omny,OMNY - Seniors & Disability,3.0,0.0
2022-05-31T17:00:00.000,subway,398,77 St (6),Manhattan,omny,OMNY - Full Fare,738.0,17.0
2022-05-31T03:00:00.000,subway,398,77 St (6),Manhattan,metrocard,Metrocard - Fair Fare,1.0,0.0
2022-05-31T13:00:00.000,subway,395,103 St (6),Manhattan,metrocard,Metrocard - Students,40.0,0.0
2022-11-28T14:00:00.000,subway,309,103 St (1),Manhattan,metrocard,Metrocard - Unlimited 7-Day,40.0,0.0
2022-05-31T10:00:00.000,subway,399,68 St-Hunter College (6),Manhattan,metrocard,Metrocard - Fair Fare,10.0,0.0
2022-11-28T10:00:00.000,subway,614,"59 St-Columbus Circle (A,B,C,D,1)",Manhattan,metrocard,Metrocard - Students,32.0,3.0
2022-11-28T09:00:00.000,subway,475,96 St (Q),Manhattan,metrocard,Metrocard - Students,27.0,4.0
2022-05-31T08:00:00.000,subway,395,103 St (6),Manhattan,metrocard,Metrocard - Unlimited 7-Day,97.0,0.0
2022-11-28T18:00:00.000,subway,8,"5 Av/59 St (N,R,W)",Manhattan,metrocard,Metrocard - Unlimited 30-Day,137.0,0.0
2022-11-28T18:00:00.000,subway,601,"14 St (F,M,1,2,3)/6 Av (L)",Manhattan,metrocard,Metrocard - Seniors & Disability,67.0,3.0
2022-05-31T12:00:00.000,subway,397,"86 St (4,5,6)",Manhattan,metrocard,Metrocard - Fair Fare,33.0,1.0
2022-11-28T04:00:00.000,subway,308,Cathedral Pkwy (110 St) (1),Manhattan,metrocard,Metrocard - Unlimited 7-Day,1.0,0.0
2022-11-28T06:00:00.000,subway,609,"Bryant Pk (B,D,F,M)/5 Av (7)",Manhattan,metrocard,Metrocard - Unlimited 7-Day,29.0,0.0
2022-11-28T18:00:00.000,subway,611,"Times Sq-42 St (N,Q,R,W,S,1,2,3,7)/42 St (A,C,E)",Manhattan,metrocard,Metrocard - Unlimited 7-Day,884.0,0.0
2022-11-28T08:00:00.000,subway,612,"Lexington Av-53 St (E,M)/51 St (6)",Manhattan,omny,OMNY - Full Fare,595.0,7.0
2022-11-28T00:00:00.000,subway,613,"Lexington Av (N,R,W)/59 St (4,5,6)",Manhattan,metrocard,Metrocard - Fair Fare,7.0,1.0
2022-05-31T07:00:00.000,subway,396,96 St (6),Manhattan,metrocard,Metrocard - Other,38.0,1.0
2022-11-28T08:00:00.000,subway,613,"Lexington Av (N,R,W)/59 St (4,5,6)",Manhattan,metrocard,Metrocard - Full Fare,246.0,71.0
2022-11-28T14:00:00.000,subway,477,72 St (Q),Manhattan,metrocard,Metrocard - Other,32.0,0.0
2022-11-28T18:00:00.000,subway,476,86 St (Q),Manhattan,metrocard,Metrocard - Other,62.0,6.0
2022-11-28T20:00:00.000,subway,619,"Broadway-Lafayette St (B,D,F,M)/Bleecker St (6)",Manhattan,metrocard,Metrocard - Unlimited 30-Day,157.0,0.0
2022-05-31T20:00:00.000,subway,396,96 St (6),Manhattan,metrocard,Metrocard - Full Fare,82.0,3.0
2022-11-28T07:00:00.000,subway,618,"14 St (A,C,E)/8 Av (L)",Manhattan,metrocard,Metrocard - Seniors & Disability,20.0,3.0
2022-11-28T19:00:00.000,subway,601,"14 St (F,M,1,2,3)/6 Av (L)",Manhattan,omny,OMNY - Seniors & Disability,1.0,0.0
2022-05-31T18:00:00.000,subway,403,33 St (6),Manhattan,metrocard,Metrocard - Fair Fare,34.0,0.0
2022-11-28T02:00:00.000,subway,601,"14 St (F,M,1,2,3)/6 Av (L)",Manhattan,metrocard,Metrocard - Unlimited 7-Day,7.0,0.0
2022-11-28T14:00:00.000,subway,619,"Broadway-Lafayette St (B,D,F,M)/Bleecker St (6)",Manhattan,metrocard,Metrocard - Students,37.0,0.0
2022-05-31T13:00:00.000,subway,397,"86 St (4,5,6)",Manhattan,metrocard,Metrocard - Unlimited 7-Day,199.0,0.0
2022-11-28T16:00:00.000,subway,602,"14 St-Union Sq (L,N,Q,R,W,4,5,6)",Manhattan,metrocard,Metrocard - Unlimited 30-Day,702.0,0.0
2022-11-28T09:00:00.000,subway,609,"Bryant Pk (B,D,F,M)/5 Av (7)",Manhattan,metrocard,Metrocard - Fair Fare,10.0,0.0
2022-05-31T07:00:00.000,subway,399,68 St-Hunter College (6),Manhattan,metrocard,Metrocard - Full Fare,76.0,7.0
2022-11-28T19:00:00.000,subway,471,34 St-Hudson Yards (7),Manhattan,metrocard,Metrocard - Other,39.0,0.0
2022-11-28T11:00:00.000,subway,602,"14 St-Union Sq (L,N,Q,R,W,4,5,6)",Manhattan,metrocard,Metrocard - Seniors & Disability,144.0,12.0
2022-11-28T22:00:00.000,subway,612,"Lexington Av-53 St (E,M)/51 St (6)",Manhattan,metrocard,Metrocard - Seniors & Disability,9.0,0.0
2022-05-31T14:00:00.000,subway,403,33 St (6),Manhattan,metrocard,Metrocard - Full Fare,244.0,1.0
2022-05-31T09:00:00.000,subway,395,103 St (6),Manhattan,omny,OMNY - Full Fare,146.0,2.0
2022-05-31T23:00:00.000,subway,395,103 St (6),Manhattan,metrocard,Metrocard - Other,3.0,0.0
2022-11-28T10:00:00.000,subway,601,"14 St (F,M,1,2,3)/6 Av (L)",Manhattan,metrocard,Metrocard - Students,12.0,0.0
2022-11-28T00:00:00.000,subway,614,"59 St-Columbus Circle (A,B,C,D,1)",Manhattan,metrocard,Metrocard - Other,14.0,0.0
2022-11-28T01:00:00.000,subway,308,Cathedral Pkwy (110 St) (1),Manhattan,omny,OMNY - Full Fare,2.0,0.0
2022-11-28T06:00:00.000,subway,610,"Grand Central-42 St (S,4,5,6,7)",Manhattan,metrocard,Metrocard - Full Fare,539.0,12.0
2022-11-28T08:00:00.000,subway,471,34 St-Hudson Yards (7),Manhattan,metrocard,Metrocard - Full Fare,71.0,0.0
2022-11-28T09:00:00.000,subway,601,"14 St (F,M,1,2,3)/6 Av (L)",Manhattan,metrocard,Metrocard - Seniors & Disability,55.0,3.0
2022-11-28T09:00:00.000,subway,611,"Times Sq-42 St (N,Q,R,W,S,1,2,3,7)/42 St (A,C,E)",Manhattan,metrocard,Metrocard - Other,232.0,2.0
2022-11-28T14:00:00.000,subway,607,"34 St-Herald Sq (B,D,F,M,N,Q,R,W)",Manhattan,omny,OMNY - Other,1.0,0.0
2022-05-31T17:00:00.000,subway,403,33 St (6),Manhattan,metrocard,Metrocard - Full Fare,548.0,13.0
2022-11-28T13:00:00.000,subway,308,Cathedral Pkwy (110 St) (1),Manhattan,omny,OMNY - Full Fare,176.0,0.0
2022-11-28T15:00:00.000,subway,476,86 St (Q),Manhattan,omny,OMNY - Seniors & Disability,3.0,0.0
2022-11-28T10:00:00.000,subway,605,"168 St (A,C,1)",Manhattan,metrocard,Metrocard - Unlimited 30-Day,75.0,0.0
2022-11-28T03:00:00.000,subway,612,"Lexington Av-53 St (E,M)/51 St (6)",Manhattan,metrocard,Metrocard - Other,4.0,0.0
2022-11-28T21:00:00.000,subway,601,"14 St (F,M,1,2,3)/6 Av (L)",Manhattan,metrocard,Metrocard - Unlimited 30-Day,113.0,0.0
2022-11-28T18:00:00.000,subway,475,96 St (Q),Manhattan,metrocard,Metrocard - Unlimited 7-Day,40.0,0.0
2022-11-28T23:00:00.000,subway,471,34 St-Hudson Yards (7),Manhattan,metrocard,Metrocard - Full Fare,51.0,0.0
2022-05-31T10:00:00.000,subway,404,28 St (6),Manhattan,metrocard,Metrocard - Unlimited 30-Day,41.0,0.0
2022-11-28T16:00:00.000,subway,475,96 St (Q),Manhattan,metrocard,Metrocard - Other,102.0,2.0
2022-05-31T04:00:00.000,subway,403,33 St (6),Manhattan,metrocard,Metrocard - Unlimited 30-Day,1.0,0.0
2022-11-28T06:00:00.000,subway,610,"Grand Central-42 St (S,4,5,6,7)",Manhattan,metrocard,Metrocard - Unlimited 7-Day,53.0,0.0
2022-11-28T20:00:00.000,subway,611,"Times Sq-42 St (N,Q,R,W,S,1,2,3,7)/42 St (A,C,E)",Manhattan,metrocard,Metrocard - Full Fare,768.0,10.0
2022-11-28T23:00:00.000,subway,475,96 St (Q),Manhattan,metrocard,Metrocard - Unlimited 7-Day,15.0,0.0
2022-11-28T18:00:00.000,subway,618,"14 St (A,C,E)/8 Av (L)",Manhattan,omny,OMNY - Seniors & Disability,1.0,0.0
2022-11-28T01:00:00.000,subway,609,"Bryant Pk (B,D,F,M)/5 Av (7)",Manhattan,metrocard,Metrocard - Seniors & Disability,1.0,0.0
2022-11-28T09:00:00.000,subway,476,86 St (Q),Manhattan,metrocard,Metrocard - Unlimited 30-Day,129.0,0.0
2022-11-28T13:00:00.000,subway,477,72 St (Q),Manhattan,omny,OMNY - Full Fare,294.0,3.0
2022-11-28T06:00:00.000,subway,618,"14 St (A,C,E)/8 Av (L)",Manhattan,metrocard,Metrocard - Students,13.0,2.0
2022-11-28T20:00:00.000,subway,618,"14 St (A,C,E)/8 Av (L)",Manhattan,omny,OMNY - Full Fare,660.0,2.0
2022-11-28T13:00:00.000,subway,477,72 St (Q),Manhattan,metrocard,Metrocard - Seniors & Disability,74.0,4.0
2022-11-28T02:00:00.000,subway,613,"Lexington Av (N,R,W)/59 St (4,5,6)",Manhattan,metrocard,Metrocard - Other,2.0,0.0
2022-05-31T22:00:00.000,subway,398,77 St (6),Manhattan,metrocard,Metrocard - Seniors & Disability,6.0,0.0
2022-11-28T04:00:00.000,subway,614,"59 St-Columbus Circle (A,B,C,D,1)",Manhattan,omny,OMNY - Full Fare,7.0,0.0
2022-05-31T22:00:00.000,subway,398,77 St (6),Manhattan,metrocard,Metrocard - Other,14.0,0.0
2022-11-28T20:00:00.000,subway,475,96 St (Q),Manhattan,metrocard,Metrocard - Fair Fare,8.0,0.0
2022-11-28T14:00:00.000,subway,610,"Grand Central-42 St (S,4,5,6,7)",Manhattan,metrocard,Metrocard - Other,213.0,0.0
2022-11-28T22:00:00.000,subway,308,Cathedral Pkwy (110 St) (1),Manhattan,metrocard,Metrocard - Fair Fare,4.0,0.0
2022-11-28T02:00:00.000,subway,607,"34 St-Herald Sq (B,D,F,M,N,Q,R,W)",Manhattan,metrocard,Metrocard - Unlimited 7-Day,8.0,0.0
2022-11-28T14:00:00.000,subway,619,"Broadway-Lafayette St (B,D,F,M)/Bleecker St (6)",Manhattan,omny,OMNY - Full Fare,669.0,3.0
2022-11-28T11:00:00.000,subway,611,"Times Sq-42 St (N,Q,R,W,S,1,2,3,7)/42 St (A,C,E)",Manhattan,metrocard,Metrocard - Unlimited 7-Day,415.0,0.0
2022-11-28T09:00:00.000,subway,607,"34 St-Herald Sq (B,D,F,M,N,Q,R,W)",Manhattan,metrocard,Metrocard - Unlimited 30-Day,214.0,0.0
2022-05-31T23:00:00.000,subway,403,33 St (6),Manhattan,omny,OMNY - Full Fare,75.0,2.0
2022-11-28T10:00:00.000,subway,609,"Bryant Pk (B,D,F,M)/5 Av (7)",Manhattan,metrocard,Metrocard - Other,21.0,0.0
2022-11-28T10:00:00.000,subway,610,"Grand Central-42 St (S,4,5,6,7)",Manhattan,omny,OMNY - Seniors & Disability,5.0,0.0
2022-05-31T17:00:00.000,subway,395,103 St (6),Manhattan,metrocard,Metrocard - Fair Fare,41.0,0.0
2022-05-31T16:00:00.000,subway,395,103 St (6),Manhattan,metrocard,Metrocard - Fair Fare,43.0,1.0
2022-11-28T13:00:00.000,subway,613,"Lexington Av (N,R,W)/59 St (4,5,6)",Manhattan,metrocard,Metrocard - Unlimited 7-Day,181.0,0.0
2022-05-31T21:00:00.000,subway,394,110 St (6),Manhattan,metrocard,Metrocard - Full Fare,29.0,0.0
2022-11-28T14:00:00.000,subway,613,"Lexington Av (N,R,W)/59 St (4,5,6)",Manhattan,metrocard,Metrocard - Unlimited 30-Day,208.0,0.0
2022-05-31T21:00:00.000,subway,403,33 St (6),Manhattan,omny,OMNY - Full Fare,189.0,3.0
2022-11-28T13:00:00.000,subway,611,"Times Sq-42 St (N,Q,R,W,S,1,2,3,7)/42 St (A,C,E)",Manhattan,omny,OMNY - Full Fare,1419.0,7.0
2022-11-28T19:00:00.000,subway,612,"Lexington Av-53 St (E,M)/51 St (6)",Manhattan,metrocard,Metrocard - Students,25.0,0.0
2022-05-31T08:00:00.000,subway,404,28 St (6),Manhattan,omny,OMNY - Full Fare,407.0,2.0
2022-05-31T14:00:00.000,subway,396,96 St (6),Manhattan,metrocard,Metrocard - Seniors & Disability,42.0,9.0
2022-11-28T19:00:00.000,subway,612,"Lexington Av-53 St (E,M)/51 St (6)",Manhattan,metrocard,Metrocard - Fair Fare,37.0,1.0
2022-11-28T21:00:00.000,subway,607,"34 St-Herald Sq (B,D,F,M,N,Q,R,W)",Manhattan,metrocard,Metrocard - Other,122.0,0.0
2022-11-28T00:00:00.000,subway,618,"14 St (A,C,E)/8 Av (L)",Manhattan,metrocard,Metrocard - Full Fare,34.0,0.0
2022-11-28T12:00:00.000,subway,602,"14 St-Union Sq (L,N,Q,R,W,4,5,6)",Manhattan,omny,OMNY - Seniors & Disability,3.0,0.0
2022-11-28T08:00:00.000,subway,475,96 St (Q),Manhattan,metrocard,Metrocard - Full Fare,252.0,17.0
2022-11-28T06:00:00.000,subway,610,"Grand Central-42 St (S,4,5,6,7)",Manhattan,metrocard,Metrocard - Seniors & Disability,23.0,0.0
2022-11-28T00:00:00.000,subway,308,Cathedral Pkwy (110 St) (1),Manhattan,metrocard,Metrocard - Fair Fare,2.0,0.0
2022-05-31T05:00:00.000,subway,395,103 St (6),Manhattan,metrocard,Metrocard - Other,10.0,0.0
2022-11-28T16:00:00.000,subway,619,"Broadway-Lafayette St (B,D,F,M)/Bleecker St (6)",Manhattan,metrocard,Metrocard - Other,71.0,3.0
2022-11-28T19:00:00.000,subway,8,"5 Av/59 St (N,R,W)",Manhattan,metrocard,Metrocard - Full Fare,127.0,4.0
2022-11-28T20:00:00.000,subway,476,86 St (Q),Manhattan,metrocard,Metrocard - Unlimited 30-Day,68.0,0.0
2022-11-28T20:00:00.000,subway,9,"57 St-7 Av (N,Q,R,W)",Manhattan,metrocard,Metrocard - Other,38.0,0.0
2022-11-28T09:00:00.000,subway,601,"14 St (F,M,1,2,3)/6 Av (L)",Manhattan,metrocard,Metrocard - Full Fare,220.0,7.0
2022-11-28T18:00:00.000,subway,618,"14 St (A,C,E)/8 Av (L)",Manhattan,metrocard,Metrocard - Fair Fare,34.0,0.0
2022-11-28T23:00:00.000,subway,619,"Broadway-Lafayette St (B,D,F,M)/Bleecker St (6)",Manhattan,metrocard,Metrocard - Unlimited 7-Day,68.0,0.0
2022-05-31T12:00:00.000,subway,397,"86 St (4,5,6)",Manhattan,metrocard,Metrocard - Students,35.0,2.0
2022-05-31T12:00:00.000,subway,399,68 St-Hunter College (6),Manhattan,metrocard,Metrocard - Seniors & Disability,49.0,7.0
2022-11-28T02:00:00.000,subway,609,"Bryant Pk (B,D,F,M)/5 Av (7)",Manhattan,metrocard,Metrocard - Fair Fare,1.0,0.0
2022-11-28T21:00:00.000,subway,309,103 St (1),Manhattan,metrocard,Metrocard - Seniors & Disability,7.0,0.0
2022-11-28T11:00:00.000,subway,8,"5 Av/59 St (N,R,W)",Manhattan,omny,OMNY - Full Fare,83.0,0.0
2022-05-31T08:00:00.000,subway,395,103 St (6),Manhattan,metrocard,Metrocard - Full Fare,158.0,4.0
2022-05-31T22:00:00.000,subway,399,68 St-Hunter College (6),Manhattan,metrocard,Metrocard - Unlimited 7-Day,38.0,0.0
2022-11-28T05:00:00.000,subway,471,34 St-Hudson Yards (7),Manhattan,metrocard,Metrocard - Fair Fare,1.0,0.0
2022-05-31T11:00:00.000,subway,394,110 St (6),Manhattan,metrocard,Metrocard - Unlimited 7-Day,35.0,0.0
2022-11-28T08:00:00.000,subway,477,72 St (Q),Manhattan,metrocard,Metrocard - Unlimited 30-Day,176.0,0.0
2022-05-31T09:00:00.000,subway,398,77 St (6),Manhattan,metrocard,Metrocard - Full Fare,210.0,9.0
2022-05-31T03:00:00.000,subway,395,103 St (6),Manhattan,metrocard,Metrocard - Unlimited 30-Day,4.0,0.0
2022-11-28T12:00:00.000,subway,611,"Times Sq-42 St (N,Q,R,W,S,1,2,3,7)/42 St (A,C,E)",Manhattan,omny,OMNY - Seniors & Disability,4.0,0.0
2022-11-28T12:00:00.000,subway,476,86 St (Q),Manhattan,metrocard,Metrocard - Seniors & Disability,61.0,6.0
2022-05-31T09:00:00.000,subway,403,33 St (6),Manhattan,metrocard,Metrocard - Unlimited 30-Day,75.0,0.0
2022-11-28T10:00:00.000,subway,613,"Lexington Av (N,R,W)/59 St (4,5,6)",Manhattan,metrocard,Metrocard - Seniors & Disability,71.0,16.0
2022-11-28T08:00:00.000,subway,619,"Broadway-Lafayette St (B,D,F,M)/Bleecker St (6)",Manhattan,metrocard,Metrocard - Full Fare,124.0,5.0
2022-11-28T20:00:00.000,subway,9,"57 St-7 Av (N,Q,R,W)",Manhattan,metrocard,Metrocard - Seniors & Disability,34.0,0.0
2022-05-31T00:00:00.000,subway,394,110 St (6),Manhattan,omny,OMNY - Full Fare,6.0,0.0
2022-11-28T15:00:00.000,subway,609,"Bryant Pk (B,D,F,M)/5 Av (7)",Manhattan,omny,OMNY - Full Fare,898.0,6.0
2022-11-28T08:00:00.000,subway,8,"5 Av/59 St (N,R,W)",Manhattan,metrocard,Metrocard - Full Fare,24.0,4.0
2022-05-31T17:00:00.000,subway,394,110 St (6),Manhattan,omny,OMNY - Full Fare,161.0,0.0
2022-05-31T16:00:00.000,subway,397,"86 St (4,5,6)",Manhattan,metrocard,Metrocard - Unlimited 7-Day,404.0,0.0
2022-11-28T04:00:00.000,subway,602,"14 St-Union Sq (L,N,Q,R,W,4,5,6)",Manhattan,omny,OMNY - Full Fare,20.0,2.0
2022-11-28T07:00:00.000,subway,471,34 St-Hudson Yards (7),Manhattan,omny,OMNY - Full Fare,156.0,0.0
2022-11-28T07:00:00.000,subway,612,"Lexington Av-53 St (E,M)/51 St (6)",Manhattan,metrocard,Metrocard - Unlimited 7-Day,45.0,0.0
2022-11-28T16:00:00.000,subway,309,103 St (1),Manhattan,metrocard,Metrocard - Students,37.0,1.0
2022-11-28T07:00:00.000,subway,614,"59 St-Columbus Circle (A,B,C,D,1)",Manhattan,metrocard,Metrocard - Full Fare,205.0,10.0
2022-11-28T14:00:00.000,subway,9,"57 St-7 Av (N,Q,R,W)",Manhattan,metrocard,Metrocard - Fair Fare,26.0,2.0
2022-11-28T17:00:00.000,subway,477,72 St (Q),Manhattan,metrocard,Metrocard - Other,141.0,1.0
2022-11-28T10:00:00.000,subway,601,"14 St (F,M,1,2,3)/6 Av (L)",Manhattan,metrocard,Metrocard - Unlimited 30-Day,68.0,0.0
2022-11-28T13:00:00.000,subway,8,"5 Av/59 St (N,R,W)",Manhattan,metrocard,Metrocard - Seniors & Disability,17.0,1.0
2022-11-28T07:00:00.000,subway,618,"14 St (A,C,E)/8 Av (L)",Manhattan,metrocard,Metrocard - Full Fare,92.0,2.0
2022-11-28T02:00:00.000,subway,601,"14 St (F,M,1,2,3)/6 Av (L)",Manhattan,metrocard,Metrocard - Other,2.0,0.0
2022-11-28T17:00:00.000,subway,309,103 St (1),Manhattan,metrocard,Metrocard - Unlimited 30-Day,78.0,0.0
2022-11-28T05:00:00.000,subway,476,86 St (Q),Manhattan,omny,OMNY - Full Fare,27.0,0.0
2022-05-31T01:00:00.000,subway,396,96 St (6),Manhattan,omny,OMNY - Full Fare,5.0,0.0
2022-05-31T08:00:00.000,subway,397,"86 St (4,5,6)",Manhattan,metrocard,Metrocard - Seniors & Disability,67.0,9.0
2022-11-28T11:00:00.000,subway,607,"34 St-Herald Sq (B,D,F,M,N,Q,R,W)",Manhattan,metrocard,Metrocard - Seniors & Disability,128.0,3.0
2022-05-31T07:00:00.000,subway,397,"86 St (4,5,6)",Manhattan,metrocard,Metrocard - Fair Fare,26.0,0.0
2022-11-28T11:00:00.000,subway,610,"Grand Central-42 St (S,4,5,6,7)",Manhattan,metrocard,Metrocard - Unlimited 7-Day,269.0,0.0
2022-11-28T19:00:00.000,subway,613,"Lexington Av (N,R,W)/59 St (4,5,6)",Manhattan,metrocard,Metrocard - Unlimited 30-Day,283.0,0.0
2022-11-28T01:00:00.000,subway,602,"14 St-Union Sq (L,N,Q,R,W,4,5,6)",Manhattan,metrocard,Metrocard - Unlimited 30-Day,16.0,0.0
2022-11-28T06:00:00.000,subway,607,"34 St-Herald Sq (B,D,F,M,N,Q,R,W)",Manhattan,metrocard,Metrocard - Other,95.0,2.0
2022-05-31T02:00:00.000,subway,396,96 St (6),Manhattan,metrocard,Metrocard - Seniors & Disability,1.0,0.0
2022-11-28T22:00:00.000,subway,618,"14 St (A,C,E)/8 Av (L)",Manhattan,metrocard,Metrocard - Full Fare,146.0,4.0
2022-11-28T17:00:00.000,subway,611,"Times Sq-42 St (N,Q,R,W,S,1,2,3,7)/42 St (A,C,E)",Manhattan,metrocard,Metrocard - Seniors & Disability,292.0,7.0
2022-11-28T22:00:00.000,subway,477,72 St (Q),Manhattan,metrocard,Metrocard - Full Fare,79.0,0.0
2022-11-28T20:00:00.000,subway,477,72 St (Q),Manhattan,metrocard,Metrocard - Full Fare,162.0,3.0
2022-11-28T17:00:00.000,subway,308,Cathedral Pkwy (110 St) (1),Manhattan,metrocard,Metrocard - Fair Fare,30.0,1.0
2022-11-28T15:00:00.000,subway,9,"57 St-7 Av (N,Q,R,W)",Manhattan,omny,OMNY - Full Fare,583.0,16.0
2022-11-28T23:00:00.000,subway,613,"Lexington Av (N,R,W)/59 St (4,5,6)",Manhattan,metrocard,Metrocard - Full Fare,126.0,11.0
2022-11-28T07:00:00.000,subway,619,"Broadway-Lafayette St (B,D,F,M)/Bleecker St (6)",Manhattan,metrocard,Metrocard - Seniors & Disability,10.0,1.0
2022-05-31T08:00:00.000,subway,404,28 St (6),Manhattan,metrocard,Metrocard - Seniors & Disability,13.0,0.0
2022-11-28T05:00:00.000,subway,9,"57 St-7 Av (N,Q,R,W)",Manhattan,metrocard,Metrocard - Other,4.0,0.0
2022-11-28T00:00:00.000,subway,601,"14 St (F,M,1,2,3)/6 Av (L)",Manhattan,metrocard,Metrocard - Other,6.0,0.0
2022-05-31T11:00:00.000,subway,404,28 St (6),Manhattan,metrocard,Metrocard - Fair Fare,7.0,0.0
2022-11-28T18:00:00.000,subway,8,"5 Av/59 St (N,R,W)",Manhattan,metrocard,Metrocard - Unlimited 7-Day,96.0,0.0
2022-11-28T19:00:00.000,subway,605,"168 St (A,C,1)",Manhattan,metrocard,Metrocard - Full Fare,145.0,0.0
2022-11-28T14:00:00.000,subway,614,"59 St-Columbus Circle (A,B,C,D,1)",Manhattan,metrocard,Metrocard - Seniors & Disability,152.0,15.0
2022-11-28T08:00:00.000,subway,475,96 St (Q),Manhattan,metrocard,Metrocard - Unlimited 30-Day,247.0,0.0
2022-11-28T05:00:00.000,subway,308,Cathedral Pkwy (110 St) (1),Manhattan,metrocard,Metrocard - Fair Fare,3.0,0.0
2022-05-31T19:00:00.000,subway,403,33 St (6),Manhattan,metrocard,Metrocard - Seniors & Disability,18.0,1.0
2022-11-28T04:00:00.000,subway,610,"Grand Central-42 St (S,4,5,6,7)",Manhattan,metrocard,Metrocard - Other,3.0,0.0
2022-11-28T01:00:00.000,subway,607,"34 St-Herald Sq (B,D,F,M,N,Q,R,W)",Manhattan,metrocard,Metrocard - Full Fare,43.0,0.0
2022-05-31T00:00:00.000,subway,397,"86 St (4,5,6)",Manhattan,metrocard,Metrocard - Unlimited 30-Day,13.0,0.0
2022-11-28T18:00:00.000,subway,613,"Lexington Av (N,R,W)/59 St (4,5,6)",Manhattan,omny,OMNY - Seniors & Disability,1.0,0.0
2022-11-28T09:00:00.000,subway,476,86 St (Q),Manhattan,metrocard,Metrocard - Full Fare,194.0,4.0
2022-11-28T19:00:00.000,subway,607,"34 St-Herald Sq (B,D,F,M,N,Q,R,W)",Manhattan,metrocard,Metrocard - Unlimited 7-Day,477.0,0.0
2022-11-28T04:00:00.000,subway,605,"168 St (A,C,1)",Manhattan,metrocard,Metrocard - Unlimited 7-Day,22.0,0.0
2022-05-31T19:00:00.000,subway,404,28 St (6),Manhattan,metrocard,Metrocard - Full Fare,146.0,0.0
2022-11-28T19:00:00.000,subway,612,"Lexington Av-53 St (E,M)/51 St (6)",Manhattan,metrocard,Metrocard - Unlimited 30-Day,229.0,0.0
2022-11-28T17:00:00.000,subway,607,"34 St-Herald Sq (B,D,F,M,N,Q,R,W)",Manhattan,metrocard,Metrocard - Students,220.0,3.0
2022-05-31T16:00:00.000,subway,397,"86 St (4,5,6)",Manhattan,metrocard,Metrocard - Unlimited 30-Day,347.0,0.0
2022-05-31T11:00:00.000,subway,394,110 St (6),Manhattan,omny,OMNY - Full Fare,64.0,1.0
2022-11-28T03:00:00.000,subway,619,"Broadway-Lafayette St (B,D,F,M)/Bleecker St (6)",Manhattan,metrocard,Metrocard - Unlimited 30-Day,4.0,0.0
2022-11-28T07:00:00.000,subway,618,"14 St (A,C,E)/8 Av (L)",Manhattan,metrocard,Metrocard - Unlimited 7-Day,38.0,0.0
2022-11-28T08:00:00.000,subway,611,"Times Sq-42 St (N,Q,R,W,S,1,2,3,7)/42 St (A,C,E)",Manhattan,metrocard,Metrocard - Students,217.0,15.0
2022-11-28T11:00:00.000,subway,309,103 St (1),Manhattan,metrocard,Metrocard - Other,11.0,2.0
2022-11-28T12:00:00.000,subway,618,"14 St (A,C,E)/8 Av (L)",Manhattan,metrocard,Metrocard - Unlimited 7-Day,129.0,0.0
2022-11-28T16:00:00.000,subway,618,"14 St (A,C,E)/8 Av (L)",Manhattan,metrocard,Metrocard - Students,187.0,2.0
2022-05-31T12:00:00.000,subway,394,110 St (6),Manhattan,metrocard,Metrocard - Seniors & Disability,20.0,1.0
2022-11-28T08:00:00.000,subway,8,"5 Av/59 St (N,R,W)",Manhattan,metrocard,Metrocard - Students,5.0,1.0
2022-11-28T16:00:00.000,subway,476,86 St (Q),Manhattan,omny,OMNY - Full Fare,416.0,6.0
2022-11-28T10:00:00.000,subway,477,72 St (Q),Manhattan,metrocard,Metrocard - Other,26.0,0.0
2022-05-31T08:00:00.000,subway,398,77 St (6),Manhattan,metrocard,Metrocard - Seniors & Disability,38.0,7.0
2022-11-28T08:00:00.000,subway,308,Cathedral Pkwy (110 St) (1),Manhattan,metrocard,Metrocard - Full Fare,108.0,2.0
2022-11-28T07:00:00.000,subway,471,34 St-Hudson Yards (7),Manhattan,metrocard,Metrocard - Unlimited 7-Day,25.0,0.0
2022-11-28T14:00:00.000,subway,601,"14 St (F,M,1,2,3)/6 Av (L)",Manhattan,metrocard,Metrocard - Students,214.0,3.0
2022-11-28T10:00:00.000,subway,611,"Times Sq-42 St (N,Q,R,W,S,1,2,3,7)/42 St (A,C,E)",Manhattan,metrocard,Metrocard - Full Fare,1207.0,12.0
2022-11-28T05:00:00.000,subway,607,"34 St-Herald Sq (B,D,F,M,N,Q,R,W)",Manhattan,metrocard,Metrocard - Unlimited 7-Day,20.0,0.0
2022-11-28T05:00:00.000,subway,609,"Bryant Pk (B,D,F,M)/5 Av (7)",Manhattan,metrocard,Metrocard - Other,5.0,0.0
2022-05-31T22:00:00.000,subway,396,96 St (6),Manhattan,metrocard,Metrocard - Unlimited 30-Day,26.0,0.0
2022-05-31T06:00:00.000,subway,394,110 St (6),Manhattan,metrocard,Metrocard - Unlimited 7-Day,51.0,0.0
2022-11-28T16:00:00.000,subway,609,"Bryant Pk (B,D,F,M)/5 Av (7)",Manhattan,metrocard,Metrocard - Students,100.0,3.0
2022-11-28T11:00:00.000,subway,605,"168 St (A,C,1)",Manhattan,metrocard,Metrocard - Fair Fare,43.0,0.0
2022-11-28T08:00:00.000,subway,613,"Lexington Av (N,R,W)/59 St (4,5,6)",Manhattan,omny,OMNY - Full Fare,543.0,85.0
2022-11-28T22:00:00.000,subway,307,116 St-Columbia University (1),Manhattan,omny,OMNY - Full Fare,200.0,1.0
2022-11-28T18:00:00.000,subway,605,"168 St (A,C,1)",Manhattan,omny,OMNY - Full Fare,489.0,3.0
2022-11-28T15:00:00.000,subway,477,72 St (Q),Manhattan,metrocard,Metrocard - Unlimited 7-Day,90.0,0.0
2022-05-31T12:00:00.000,subway,395,103 St (6),Manhattan,metrocard,Metrocard - Unlimited 30-Day,45.0,0.0
2022-11-28T11:00:00.000,subway,9,"57 St-7 Av (N,Q,R,W)",Manhattan,metrocard,Metrocard - Full Fare,111.0,2.0
2022-05-31T01:00:00.000,subway,404,28 St (6),Manhattan,metrocard,Metrocard - Full Fare,6.0,0.0
2022-05-31T11:00:00.000,subway,403,33 St (6),Manhattan,metrocard,Metrocard - Seniors & Disability,49.0,2.0
2022-11-28T15:00:00.000,subway,609,"Bryant Pk (B,D,F,M)/5 Av (7)",Manhattan,metrocard,Metrocard - Seniors & Disability,109.0,3.0
2022-11-28T18:00:00.000,subway,477,72 St (Q),Manhattan,metrocard,Metrocard - Students,30.0,1.0
2022-11-28T23:00:00.000,subway,9,"57 St-7 Av (N,Q,R,W)",Manhattan,metrocard,Metrocard - Seniors & Disability,11.0,0.0
2022-11-28T17:00:00.000,subway,613,"Lexington Av (N,R,W)/59 St (4,5,6)",Manhattan,omny,OMNY - Seniors & Disability,6.0,1.0
2022-11-28T05:00:00.000,subway,612,"Lexington Av-53 St (E,M)/51 St (6)",Manhattan,metrocard,Metrocard - Seniors & Disability,4.0,0.0
2022-11-28T14:00:00.000,subway,471,34 St-Hudson Yards (7),Manhattan,metrocard,Metrocard - Unlimited 30-Day,53.0,0.0
2022-05-31T01:00:00.000,subway,397,"86 St (4,5,6)",Manhattan,metrocard,Metrocard - Unlimited 7-Day,8.0,0.0
2022-11-28T10:00:00.000,subway,475,96 St (Q),Manhattan,omny,OMNY - Full Fare,228.0,13.0
2022-11-28T12:00:00.000,subway,613,"Lexington Av (N,R,W)/59 St (4,5,6)",Manhattan,metrocard,Metrocard - Other,72.0,4.0
2022-11-28T15:00:00.000,subway,619,"Broadway-Lafayette St (B,D,F,M)/Bleecker St (6)",Manhattan,metrocard,Metrocard - Fair Fare,52.0,0.0
2022-05-31T07:00:00.000,subway,397,"86 St (4,5,6)",Manhattan,omny,OMNY - Full Fare,531.0,42.0
2022-05-31T19:00:00.000,subway,394,110 St (6),Manhattan,metrocard,Metrocard - Unlimited 7-Day,25.0,0.0
2022-05-31T08:00:00.000,subway,396,96 St (6),Manhattan,metrocard,Metrocard - Fair Fare,23.0,4.0
2022-11-28T12:00:00.000,subway,308,Cathedral Pkwy (110 St) (1),Manhattan,omny,OMNY - Full Fare,159.0,3.0
2022-11-28T16:00:00.000,subway,607,"34 St-Herald Sq (B,D,F,M,N,Q,R,W)",Manhattan,metrocard,Metrocard - Unlimited 7-Day,603.0,0.0
2022-11-28T05:00:00.000,subway,611,"Times Sq-42 St (N,Q,R,W,S,1,2,3,7)/42 St (A,C,E)",Manhattan,metrocard,Metrocard - Full Fare,899.0,16.0
2022-05-31T11:00:00.000,subway,398,77 St (6),Manhattan,metrocard,Metrocard - Unlimited 7-Day,64.0,0.0
2022-05-31T07:00:00.000,subway,399,68 St-Hunter College (6),Manhattan,metrocard,Metrocard - Unlimited 30-Day,55.0,0.0
2022-11-28T20:00:00.000,subway,607,"34 St-Herald Sq (B,D,F,M,N,Q,R,W)",Manhattan,metrocard,Metrocard - Students,58.0,1.0
2022-11-28T16:00:00.000,subway,601,"14 St (F,M,1,2,3)/6 Av (L)",Manhattan,metrocard,Metrocard - Other,101.0,2.0
2022-11-28T05:00:00.000,subway,610,"Grand Central-42 St (S,4,5,6,7)",Manhattan,metrocard,Metrocard - Fair Fare,1.0,0.0
2022-11-28T09:00:00.000,subway,614,"59 St-Columbus Circle (A,B,C,D,1)",Manhattan,metrocard,Metrocard - Unlimited 7-Day,113.0,0.0
2022-11-28T17:00:00.000,subway,9,"57 St-7 Av (N,Q,R,W)",Manhattan,metrocard,Metrocard - Unlimited 30-Day,340.0,0.0
2022-11-28T14:00:00.000,subway,613,"Lexington Av (N,R,W)/59 St (4,5,6)",Manhattan,metrocard,Metrocard - Fair Fare,63.0,6.0
2022-11-28T05:00:00.000,subway,602,"14 St-Union Sq (L,N,Q,R,W,4,5,6)",Manhattan,metrocard,Metrocard - Other,19.0,0.0
2022-11-28T07:00:00.000,subway,619,"Broadway-Lafayette St (B,D,F,M)/Bleecker St (6)",Manhattan,omny,OMNY - Full Fare,277.0,2.0
2022-11-28T23:00:00.000,subway,618,"14 St (A,C,E)/8 Av (L)",Manhattan,metrocard,Metrocard - Seniors & Disability,4.0,0.0
2022-05-31T23:00:00.000,subway,404,28 St (6),Manhattan,omny,OMNY - Full Fare,55.0,0.0
2022-11-28T12:00:00.000,subway,609,"Bryant Pk (B,D,F,M)/5 Av (7)",Manhattan,metrocard,Metrocard - Unlimited 7-Day,142.0,0.0
2022-11-28T19:00:00.000,subway,8,"5 Av/59 St (N,R,W)",Manhattan,metrocard,Metrocard - Unlimited 7-Day,69.0,0.0
2022-05-31T07:00:00.000,subway,397,"86 St (4,5,6)",Manhattan,metrocard,Metrocard - Full Fare,328.0,19.0
2022-11-28T14:00:00.000,subway,609,"Bryant Pk (B,D,F,M)/5 Av (7)",Manhattan,metrocard,Metrocard - Unlimited 7-Day,229.0,0.0
2022-11-28T10:00:00.000,subway,607,"34 St-Herald Sq (B,D,F,M,N,Q,R,W)",Manhattan,metrocard,Metrocard - Fair Fare,38.0,0.0
2022-11-28T16:00:00.000,subway,609,"Bryant Pk (B,D,F,M)/5 Av (7)",Manhattan,omny,OMNY - Full Fare,1409.0,11.0
2022-11-28T17:00:00.000,subway,601,"14 St (F,M,1,2,3)/6 Av (L)",Manhattan,metrocard,Metrocard - Seniors & Disability,97.0,5.0
2022-05-31T15:00:00.000,subway,399,68 St-Hunter College (6),Manhattan,metrocard,Metrocard - Full Fare,471.0,37.0
2022-11-28T16:00:00.000,subway,9,"57 St-7 Av (N,Q,R,W)",Manhattan,metrocard,Metrocard - Fair Fare,58.0,1.0
2022-11-28T10:00:00.000,subway,476,86 St (Q),Manhattan,metrocard,Metrocard - Full Fare,102.0,0.0
2022-11-28T17:00:00.000,subway,602,"14 St-Union Sq (L,N,Q,R,W,4,5,6)",Manhattan,metrocard,Metrocard - Fair Fare,183.0,2.0
2022-11-28T09:00:00.000,subway,613,"Lexington Av (N,R,W)/59 St (4,5,6)",Manhattan,metrocard,Metrocard - Full Fare,200.0,69.0
2022-11-28T09:00:00.000,subway,601,"14 St (F,M,1,2,3)/6 Av (L)",Manhattan,metrocard,Metrocard - Unlimited 30-Day,107.0,0.0
2022-05-31T14:00:00.000,subway,404,28 St (6),Manhattan,metrocard,Metrocard - Seniors & Disability,18.0,0.0
2022-11-28T20:00:00.000,subway,613,"Lexington Av (N,R,W)/59 St (4,5,6)",Manhattan,metrocard,Metrocard - Unlimited 30-Day,186.0,0.0
2022-11-28T15:00:00.000,subway,471,34 St-Hudson Yards (7),Manhattan,metrocard,Metrocard - Full Fare,404.0,1.0
2022-11-28T15:00:00.000,subway,619,"Broadway-Lafayette St (B,D,F,M)/Bleecker St (6)",Manhattan,metrocard,Metrocard - Students,87.0,7.0
2022-05-31T03:00:00.000,subway,403,33 St (6),Manhattan,omny,OMNY - Full Fare,2.0,0.0
2022-11-28T10:00:00.000,subway,612,"Lexington Av-53 St (E,M)/51 St (6)",Manhattan,metrocard,Metrocard - Other,33.0,0.0
2022-05-31T10:00:00.000,subway,394,110 St (6),Manhattan,metrocard,Metrocard - Unlimited 30-Day,45.0,0.0
2022-11-28T04:00:00.000,subway,619,"Broadway-Lafayette St (B,D,F,M)/Bleecker St (6)",Manhattan,metrocard,Metrocard - Full Fare,4.0,0.0
2022-11-28T15:00:00.000,subway,609,"Bryant Pk (B,D,F,M)/5 Av (7)",Manhattan,metrocard,Metrocard - Fair Fare,86.0,1.0
2022-05-31T15:00:00.000,subway,403,33 St (6),Manhattan,metrocard,Metrocard - Unlimited 30-Day,135.0,0.0
2022-05-31T11:00:00.000,subway,404,28 St (6),Manhattan,metrocard,Metrocard - Unlimited 30-Day,43.0,0.0
2022-11-28T13:00:00.000,subway,475,96 St (Q),Manhattan,metrocard,Metrocard - Fair Fare,20.0,0.0
2022-11-28T07:00:00.000,subway,605,"168 St (A,C,1)",Manhattan,metrocard,Metrocard - Unlimited 7-Day,115.0,0.0
2022-05-31T18:00:00.000,subway,395,103 St (6),Manhattan,metrocard,Metrocard - Unlimited 7-Day,66.0,0.0
2022-11-28T15:00:00.000,subway,611,"Times Sq-42 St (N,Q,R,W,S,1,2,3,7)/42 St (A,C,E)",Manhattan,metrocard,Metrocard - Full Fare,1464.0,17.0
2022-11-28T06:00:00.000,subway,475,96 St (Q),Manhattan,metrocard,Metrocard - Students,19.0,2.0
2022-11-28T20:00:00.000,subway,9,"57 St-7 Av (N,Q,R,W)",Manhattan,metrocard,Metrocard - Fair Fare,26.0,0.0
2022-11-28T13:00:00.000,subway,602,"14 St-Union Sq (L,N,Q,R,W,4,5,6)",Manhattan,metrocard,Metrocard - Unlimited 7-Day,277.0,0.0
2022-11-28T22:00:00.000,subway,610,"Grand Central-42 St (S,4,5,6,7)",Manhattan,metrocard,Metrocard - Seniors & Disability,40.0,0.0
2022-11-28T20:00:00.000,subway,614,"59 St-Columbus Circle (A,B,C,D,1)",Manhattan,metrocard,Metrocard - Other,86.0,0.0
2022-05-31T00:00:00.000,subway,396,96 St (6),Manhattan,metrocard,Metrocard - Unlimited 30-Day,4.0,0.0
2022-11-28T14:00:00.000,subway,610,"Grand Central-42 St (S,4,5,6,7)",Manhattan,metrocard,Metrocard - Students,71.0,5.0
2022-11-28T01:00:00.000,subway,609,"Bryant Pk (B,D,F,M)/5 Av (7)",Manhattan,omny,OMNY - Full Fare,23.0,0.0
2022-05-31T00:00:00.000,subway,403,33 St (6),Manhattan,metrocard,Metrocard - Full Fare,15.0,0.0
2022-05-31T14:00:00.000,subway,404,28 St (6),Manhattan,metrocard,Metrocard - Other,28.0,0.0
2022-11-28T13:00:00.000,subway,609,"Bryant Pk (B,D,F,M)/5 Av (7)",Manhattan,metrocard,Metrocard - Fair Fare,44.0,0.0
2022-11-28T17:00:00.000,subway,614,"59 St-Columbus Circle (A,B,C,D,1)",Manhattan,omny,OMNY - Full Fare,2556.0,32.0
2022-11-28T06:00:00.000,subway,308,Cathedral Pkwy (110 St) (1),Manhattan,metrocard,Metrocard - Students,7.0,0.0
2022-11-28T17:00:00.000,subway,476,86 St (Q),Manhattan,omny,OMNY - Full Fare,580.0,11.0
2022-11-28T03:00:00.000,subway,613,"Lexington Av (N,R,W)/59 St (4,5,6)",Manhattan,omny,OMNY - Full Fare,5.0,0.0
2022-11-28T08:00:00.000,subway,605,"168 St (A,C,1)",Manhattan,metrocard,Metrocard - Full Fare,200.0,4.0
2022-11-28T13:00:00.000,subway,613,"Lexington Av (N,R,W)/59 St (4,5,6)",Manhattan,omny,OMNY - Other,1.0,0.0
2022-11-28T06:00:00.000,subway,475,96 St (Q),Manhattan,metrocard,Metrocard - Unlimited 7-Day,30.0,0.0
2022-11-28T01:00:00.000,subway,605,"168 St (A,C,1)",Manhattan,metrocard,Metrocard - Unlimited 30-Day,1.0,0.0
2022-11-28T23:00:00.000,subway,475,96 St (Q),Manhattan,metrocard,Metrocard - Unlimited 30-Day,9.0,0.0
2022-11-28T19:00:00.000,subway,475,96 St (Q),Manhattan,omny,OMNY - Full Fare,177.0,8.0
2022-05-31T17:00:00.000,subway,395,103 St (6),Manhattan,metrocard,Metrocard - Other,50.0,1.0
2022-11-28T01:00:00.000,subway,475,96 St (Q),Manhattan,metrocard,Metrocard - Fair Fare,1.0,0.0
2022-11-28T08:00:00.000,subway,611,"Times Sq-42 St (N,Q,R,W,S,1,2,3,7)/42 St (A,C,E)",Manhattan,metrocard,Metrocard - Other,387.0,10.0
2022-05-31T19:00:00.000,subway,403,33 St (6),Manhattan,metrocard,Metrocard - Other,42.0,1.0
2022-11-28T18:00:00.000,subway,611,"Times Sq-42 St (N,Q,R,W,S,1,2,3,7)/42 St (A,C,E)",Manhattan,metrocard,Metrocard - Other,361.0,0.0
2022-11-28T14:00:00.000,subway,601,"14 St (F,M,1,2,3)/6 Av (L)",Manhattan,metrocard,Metrocard - Fair Fare,40.0,4.0
2022-11-28T00:00:00.000,subway,308,Cathedral Pkwy (110 St) (1),Manhattan,metrocard,Metrocard - Unlimited 30-Day,5.0,0.0
2022-11-28T18:00:00.000,subway,309,103 St (1),Manhattan,metrocard,Metrocard - Unlimited 7-Day,50.0,0.0
2022-11-28T08:00:00.000,subway,8,"5 Av/59 St (N,R,W)",Manhattan,metrocard,Metrocard - Unlimited 7-Day,20.0,0.0
2022-05-31T06:00:00.000,subway,397,"86 St (4,5,6)",Manhattan,omny,OMNY - Full Fare,188.0,11.0
2022-11-28T08:00:00.000,subway,602,"14 St-Union Sq (L,N,Q,R,W,4,5,6)",Manhattan,metrocard,Metrocard - Fair Fare,46.0,13.0
2022-11-28T19:00:00.000,subway,476,86 St (Q),Manhattan,metrocard,Metrocard - Unlimited 30-Day,98.0,0.0
2022-11-28T17:00:00.000,subway,614,"59 St-Columbus Circle (A,B,C,D,1)",Manhattan,metrocard,Metrocard - Seniors & Disability,160.0,10.0
2022-11-28T17:00:00.000,subway,619,"Broadway-Lafayette St (B,D,F,M)/Bleecker St (6)",Manhattan,metrocard,Metrocard - Other,100.0,1.0
2022-11-28T13:00:00.000,subway,475,96 St (Q),Manhattan,metrocard,Metrocard - Other,33.0,0.0
2022-11-28T05:00:00.000,subway,618,"14 St (A,C,E)/8 Av (L)",Manhattan,omny,OMNY - Full Fare,25.0,4.0
2022-11-28T20:00:00.000,subway,471,34 St-Hudson Yards (7),Manhattan,metrocard,Metrocard - Students,6.0,0.0
2022-11-28T04:00:00.000,subway,613,"Lexington Av (N,R,W)/59 St (4,5,6)",Manhattan,metrocard,Metrocard - Full Fare,12.0,7.0
2022-11-28T22:00:00.000,subway,8,"5 Av/59 St (N,R,W)",Manhattan,metrocard,Metrocard - Unlimited 30-Day,50.0,0.0
2022-11-28T12:00:00.000,subway,476,86 St (Q),Manhattan,metrocard,Metrocard - Students,7.0,0.0
2022-11-28T10:00:00.000,subway,477,72 St (Q),Manhattan,metrocard,Metrocard - Fair Fare,8.0,0.0
2022-11-28T13:00:00.000,subway,8,"5 Av/59 St (N,R,W)",Manhattan,metrocard,Metrocard - Other,13.0,0.0
2022-05-31T17:00:00.000,subway,395,103 St (6),Manhattan,metrocard,Metrocard - Students,91.0,1.0
2022-11-28T16:00:00.000,subway,607,"34 St-Herald Sq (B,D,F,M,N,Q,R,W)",Manhattan,metrocard,Metrocard - Unlimited 30-Day,706.0,0.0
2022-05-31T18:00:00.000,subway,396,96 St (6),Manhattan,metrocard,Metrocard - Fair Fare,26.0,1.0
2022-11-28T16:00:00.000,subway,605,"168 St (A,C,1)",Manhattan,metrocard,Metrocard - Other,83.0,0.0
2022-11-28T07:00:00.000,subway,476,86 St (Q),Manhattan,metrocard,Metrocard - Students,174.0,3.0
2022-11-28T12:00:00.000,subway,602,"14 St-Union Sq (L,N,Q,R,W,4,5,6)",Manhattan,metrocard,Metrocard - Unlimited 30-Day,219.0,0.0
2022-11-28T10:00:00.000,subway,614,"59 St-Columbus Circle (A,B,C,D,1)",Manhattan,omny,OMNY - Other,1.0,0.0
2022-11-28T10:00:00.000,subway,618,"14 St (A,C,E)/8 Av (L)",Manhattan,metrocard,Metrocard - Seniors & Disability,39.0,4.0
2022-05-31T17:00:00.000,subway,403,33 St (6),Manhattan,metrocard,Metrocard - Unlimited 7-Day,161.0,0.0
2022-05-31T00:00:00.000,subway,396,96 St (6),Manhattan,metrocard,Metrocard - Other,5.0,0.0
2022-11-28T02:00:00.000,subway,471,34 St-Hudson Yards (7),Manhattan,metrocard,Metrocard - Other,2.0,0.0
2022-05-31T06:00:00.000,subway,398,77 St (6),Manhattan,metrocard,Metrocard - Unlimited 7-Day,18.0,0.0
2022-11-28T10:00:00.000,subway,619,"Broadway-Lafayette St (B,D,F,M)/Bleecker St (6)",Manhattan,metrocard,Metrocard - Students,10.0,1.0
2022-05-31T16:00:00.000,subway,398,77 St (6),Manhattan,metrocard,Metrocard - Full Fare,845.0,24.0
2022-11-28T07:00:00.000,subway,619,"Broadway-Lafayette St (B,D,F,M)/Bleecker St (6)",Manhattan,metrocard,Metrocard - Unlimited 7-Day,14.0,0.0
2022-11-28T00:00:00.000,subway,611,"Times Sq-42 St (N,Q,R,W,S,1,2,3,7)/42 St (A,C,E)",Manhattan,metrocard,Metrocard - Full Fare,224.0,1.0
2022-11-28T23:00:00.000,subway,476,86 St (Q),Manhattan,metrocard,Metrocard - Unlimited 7-Day,18.0,0.0
2022-11-28T10:00:00.000,subway,612,"Lexington Av-53 St (E,M)/51 St (6)",Manhattan,metrocard,Metrocard - Full Fare,215.0,5.0
2022-05-31T10:00:00.000,subway,399,68 St-Hunter College (6),Manhattan,metrocard,Metrocard - Other,19.0,0.0
2022-11-28T05:00:00.000,subway,308,Cathedral Pkwy (110 St) (1),Manhattan,omny,OMNY - Seniors & Disability,1.0,0.0
2022-11-28T14:00:00.000,subway,8,"5 Av/59 St (N,R,W)",Manhattan,omny,OMNY - Full Fare,248.0,7.0
2022-11-28T01:00:00.000,subway,614,"59 St-Columbus Circle (A,B,C,D,1)",Manhattan,metrocard,Metrocard - Full Fare,19.0,0.0
2022-05-31T07:00:00.000,subway,394,110 St (6),Manhattan,metrocard,Metrocard - Unlimited 30-Day,128.0,0.0
2022-11-28T20:00:00.000,subway,477,72 St (Q),Manhattan,metrocard,Metrocard - Fair Fare,11.0,0.0
2022-11-28T21:00:00.000,subway,618,"14 St (A,C,E)/8 Av (L)",Manhattan,metrocard,Metrocard - Unlimited 30-Day,90.0,0.0
2022-11-28T09:00:00.000,subway,611,"Times Sq-42 St (N,Q,R,W,S,1,2,3,7)/42 St (A,C,E)",Manhattan,metrocard,Metrocard - Seniors & Disability,184.0,7.0
2022-11-28T14:00:00.000,subway,476,86 St (Q),Manhattan,metrocard,Metrocard - Other,30.0,0.0
2022-05-31T21:00:00.000,subway,396,96 St (6),Manhattan,metrocard,Metrocard - Seniors & Disability,10.0,3.0
2022-05-31T16:00:00.000,subway,397,"86 St (4,5,6)",Manhattan,metrocard,Metrocard - Fair Fare,73.0,1.0
2022-11-28T08:00:00.000,subway,308,Cathedral Pkwy (110 St) (1),Manhattan,metrocard,Metrocard - Unlimited 7-Day,54.0,0.0
2022-11-28T22:00:00.000,subway,9,"57 St-7 Av (N,Q,R,W)",Manhattan,metrocard,Metrocard - Unlimited 30-Day,118.0,0.0
2022-11-28T17:00:00.000,subway,607,"34 St-Herald Sq (B,D,F,M,N,Q,R,W)",Manhattan,omny,OMNY - Full Fare,3641.0,28.0
2022-11-28T19:00:00.000,subway,609,"Bryant Pk (B,D,F,M)/5 Av (7)",Manhattan,omny,OMNY - Seniors & Disability,1.0,0.0
2022-11-28T12:00:00.000,subway,612,"Lexington Av-53 St (E,M)/51 St (6)",Manhattan,omny,OMNY - Full Fare,460.0,9.0
2022-11-28T06:00:00.000,subway,618,"14 St (A,C,E)/8 Av (L)",Manhattan,metrocard,Metrocard - Fair Fare,8.0,0.0
2022-05-31T19:00:00.000,subway,399,68 St-Hunter College (6),Manhattan,metrocard,Metrocard - Other,41.0,1.0
2022-05-31T19:00:00.000,subway,404,28 St (6),Manhattan,metrocard,Metrocard - Other,29.0,0.0
2022-11-28T05:00:00.000,subway,601,"14 St (F,M,1,2,3)/6 Av (L)",Manhattan,metrocard,Metrocard - Seniors & Disability,7.0,0.0
2022-11-28T13:00:00.000,subway,611,"Times Sq-42 St (N,Q,R,W,S,1,2,3,7)/42 St (A,C,E)",Manhattan,metrocard,Metrocard - Other,163.0,2.0
2022-05-31T18:00:00.000,subway,399,68 St-Hunter College (6),Manhattan,metrocard,Metrocard - Unlimited 7-Day,92.0,0.0
2022-11-28T15:00:00.000,subway,602,"14 St-Union Sq (L,N,Q,R,W,4,5,6)",Manhattan,metrocard,Metrocard - Seniors & Disability,220.0,15.0
2022-11-28T08:00:00.000,subway,614,"59 St-Columbus Circle (A,B,C,D,1)",Manhattan,metrocard,Metrocard - Fair Fare,41.0,1.0
2022-05-31T17:00:00.000,subway,404,28 St (6),Manhattan,metrocard,Metrocard - Other,103.0,0.0
2022-11-28T07:00:00.000,subway,8,"5 Av/59 St (N,R,W)",Manhattan,metrocard,Metrocard - Full Fare,23.0,3.0
2022-05-31T06:00:00.000,subway,395,103 St (6),Manhattan,metrocard,Metrocard - Students,17.0,0.0
2022-11-28T23:00:00.000,subway,612,"Lexington Av-53 St (E,M)/51 St (6)",Manhattan,metrocard,Metrocard - Full Fare,104.0,3.0
2022-05-31T00:00:00.000,subway,399,68 St-Hunter College (6),Manhattan,metrocard,Metrocard - Unlimited 7-Day,10.0,0.0
2022-05-31T15:00:00.000,subway,403,33 St (6),Manhattan,metrocard,Metrocard - Seniors & Disability,55.0,1.0
2022-11-28T16:00:00.000,subway,612,"Lexington Av-53 St (E,M)/51 St (6)",Manhattan,metrocard,Metrocard - Students,99.0,2.0
2022-11-28T10:00:00.000,subway,610,"Grand Central-42 St (S,4,5,6,7)",Manhattan,metrocard,Metrocard - Full Fare,838.0,12.0
2022-05-31T01:00:00.000,subway,395,103 St (6),Manhattan,metrocard,Metrocard - Unlimited 7-Day,3.0,0.0
2022-05-31T04:00:00.000,subway,398,77 St (6),Manhattan,metrocard,Metrocard - Seniors & Disability,2.0,0.0
2022-11-28T12:00:00.000,subway,475,96 St (Q),Manhattan,metrocard,Metrocard - Full Fare,110.0,4.0
2022-05-31T18:00:00.000,subway,398,77 St (6),Manhattan,metrocard,Metrocard - Students,26.0,2.0
2022-11-28T17:00:00.000,subway,477,72 St (Q),Manhattan,omny,OMNY - Full Fare,1309.0,10.0
2022-11-28T05:00:00.000,subway,477,72 St (Q),Manhattan,metrocard,Metrocard - Fair Fare,2.0,0.0
2022-05-31T20:00:00.000,subway,404,28 St (6),Manhattan,metrocard,Metrocard - Unlimited 7-Day,50.0,0.0
2022-11-28T04:00:00.000,subway,471,34 St-Hudson Yards (7),Manhattan,omny,OMNY - Full Fare,17.0,0.0
2022-11-28T23:00:00.000,subway,471,34 St-Hudson Yards (7),Manhattan,metrocard,Metrocard - Other,12.0,0.0
2022-11-28T12:00:00.000,subway,618,"14 St (A,C,E)/8 Av (L)",Manhattan,omny,OMNY - Other,2.0,0.0
2022-11-28T14:00:00.000,subway,471,34 St-Hudson Yards (7),Manhattan,metrocard,Metrocard - Seniors & Disability,30.0,0.0
2022-11-28T10:00:00.000,subway,618,"14 St (A,C,E)/8 Av (L)",Manhattan,metrocard,Metrocard - Students,11.0,1.0
2022-11-28T01:00:00.000,subway,614,"59 St-Columbus Circle (A,B,C,D,1)",Manhattan,metrocard,Metrocard - Fair Fare,2.0,0.0
2022-11-28T10:00:00.000,subway,607,"34 St-Herald Sq (B,D,F,M,N,Q,R,W)",Manhattan,metrocard,Metrocard - Other,67.0,2.0
2022-11-28T23:00:00.000,subway,611,"Times Sq-42 St (N,Q,R,W,S,1,2,3,7)/42 St (A,C,E)",Manhattan,metrocard,Metrocard - Other,61.0,0.0
2022-11-28T20:00:00.000,subway,602,"14 St-Union Sq (L,N,Q,R,W,4,5,6)",Manhattan,metrocard,Metrocard - Other,111.0,1.0
2022-05-31T00:00:00.000,subway,403,33 St (6),Manhattan,metrocard,Metrocard - Unlimited 30-Day,9.0,0.0
2022-11-28T02:00:00.000,subway,610,"Grand Central-42 St (S,4,5,6,7)",Manhattan,metrocard,Metrocard - Unlimited 7-Day,10.0,0.0
2022-11-28T04:00:00.000,subway,475,96 St (Q),Manhattan,omny,OMNY - Full Fare,6.0,1.0
2022-11-28T01:00:00.000,subway,601,"14 St (F,M,1,2,3)/6 Av (L)",Manhattan,metrocard,Metrocard - Unlimited 7-Day,11.0,0.0
2022-11-28T09:00:00.000,subway,9,"57 St-7 Av (N,Q,R,W)",Manhattan,metrocard,Metrocard - Other,33.0,0.0
2022-05-31T20:00:00.000,subway,398,77 St (6),Manhattan,omny,OMNY - Full Fare,207.0,1.0
2022-11-28T17:00:00.000,subway,308,Cathedral Pkwy (110 St) (1),Manhattan,omny,OMNY - Full Fare,345.0,3.0
2022-11-28T18:00:00.000,subway,618,"14 St (A,C,E)/8 Av (L)",Manhattan,metrocard,Metrocard - Other,110.0,2.0
2022-11-28T17:00:00.000,subway,613,"Lexington Av (N,R,W)/59 St (4,5,6)",Manhattan,metrocard,Metrocard - Unlimited 7-Day,370.0,0.0
2022-05-31T06:00:00.000,subway,404,28 St (6),Manhattan,metrocard,Metrocard - Unlimited 30-Day,21.0,0.0
2022-11-28T07:00:00.000,subway,612,"Lexington Av-53 St (E,M)/51 St (6)",Manhattan,omny,OMNY - Seniors & Disability,1.0,0.0
2022-11-28T18:00:00.000,subway,610,"Grand Central-42 St (S,4,5,6,7)",Manhattan,metrocard,Metrocard - Other,418.0,4.0
2022-11-28T09:00:00.000,subway,619,"Broadway-Lafayette St (B,D,F,M)/Bleecker St (6)",Manhattan,metrocard,Metrocard - Full Fare,109.0,2.0
2022-11-28T17:00:00.000,subway,307,116 St-Columbia University (1),Manhattan,omny,OMNY - Seniors & Disability,3.0,0.0
2022-11-28T18:00:00.000,subway,613,"Lexington Av (N,R,W)/59 St (4,5,6)",Manhattan,metrocard,Metrocard - Unlimited 30-Day,463.0,0.0
2022-11-28T18:00:00.000,subway,610,"Grand Central-42 St (S,4,5,6,7)",Manhattan,metrocard,Metrocard - Seniors & Disability,180.0,4.0
2022-05-31T13:00:00.000,subway,398,77 St (6),Manhattan,metrocard,Metrocard - Unlimited 30-Day,89.0,0.0
2022-05-31T01:00:00.000,subway,405,23 St (6),Manhattan,metrocard,Metrocard - Full Fare,6.0,2.0
2022-11-28T16:00:00.000,subway,607,"34 St-Herald Sq (B,D,F,M,N,Q,R,W)",Manhattan,metrocard,Metrocard - Full Fare,1515.0,20.0
2022-11-28T15:00:00.000,subway,612,"Lexington Av-53 St (E,M)/51 St (6)",Manhattan,metrocard,Metrocard - Fair Fare,42.0,2.0
2022-11-28T05:00:00.000,subway,611,"Times Sq-42 St (N,Q,R,W,S,1,2,3,7)/42 St (A,C,E)",Manhattan,metrocard,Metrocard - Unlimited 30-Day,104.0,0.0
2022-11-28T09:00:00.000,subway,619,"Broadway-Lafayette St (B,D,F,M)/Bleecker St (6)",Manhattan,metrocard,Metrocard - Unlimited 30-Day,75.0,0.0
2022-11-28T16:00:00.000,subway,610,"Grand Central-42 St (S,4,5,6,7)",Manhattan,metrocard,Metrocard - Unlimited 30-Day,704.0,0.0
2022-11-28T00:00:00.000,subway,605,"168 St (A,C,1)",Manhattan,metrocard,Metrocard - Fair Fare,4.0,0.0
2022-11-28T03:00:00.000,subway,611,"Times Sq-42 St (N,Q,R,W,S,1,2,3,7)/42 St (A,C,E)",Manhattan,metrocard,Metrocard - Unlimited 30-Day,12.0,0.0
2022-11-28T09:00:00.000,subway,611,"Times Sq-42 St (N,Q,R,W,S,1,2,3,7)/42 St (A,C,E)",Manhattan,omny,OMNY - Full Fare,2649.0,57.0
2022-11-28T07:00:00.000,subway,611,"Times Sq-42 St (N,Q,R,W,S,1,2,3,7)/42 St (A,C,E)",Manhattan,metrocard,Metrocard - Unlimited 7-Day,378.0,0.0
2022-11-28T17:00:00.000,subway,609,"Bryant Pk (B,D,F,M)/5 Av (7)",Manhattan,metrocard,Metrocard - Full Fare,1439.0,9.0
2022-11-28T06:00:00.000,subway,613,"Lexington Av (N,R,W)/59 St (4,5,6)",Manhattan,metrocard,Metrocard - Seniors & Disability,10.0,1.0
2022-05-31T21:00:00.000,subway,403,33 St (6),Manhattan,metrocard,Metrocard - Full Fare,98.0,1.0
2022-11-28T00:00:00.000,subway,9,"57 St-7 Av (N,Q,R,W)",Manhattan,metrocard,Metrocard - Seniors & Disability,8.0,0.0
2022-05-31T18:00:00.000,subway,396,96 St (6),Manhattan,metrocard,Metrocard - Seniors & Disability,23.0,3.0
2022-05-31T16:00:00.000,subway,397,"86 St (4,5,6)",Manhattan,metrocard,Metrocard - Students,194.0,11.0
2022-05-31T08:00:00.000,subway,396,96 St (6),Manhattan,omny,OMNY - Full Fare,381.0,20.0
2022-11-28T00:00:00.000,subway,614,"59 St-Columbus Circle (A,B,C,D,1)",Manhattan,omny,OMNY - Full Fare,86.0,4.0
2022-05-31T16:00:00.000,subway,399,68 St-Hunter College (6),Manhattan,metrocard,Metrocard - Seniors & Disability,57.0,9.0
2022-05-31T12:00:00.000,subway,403,33 St (6),Manhattan,metrocard,Metrocard - Unlimited 7-Day,79.0,0.0
2022-05-31T14:00:00.000,subway,403,33 St (6),Manhattan,omny,OMNY - Full Fare,294.0,6.0
2022-11-28T02:00:00.000,subway,308,Cathedral Pkwy (110 St) (1),Manhattan,metrocard,Metrocard - Full Fare,1.0,0.0
2022-11-28T01:00:00.000,subway,610,"Grand Central-42 St (S,4,5,6,7)",Manhattan,metrocard,Metrocard - Other,9.0,0.0
2022-05-31T04:00:00.000,subway,395,103 St (6),Manhattan,metrocard,Metrocard - Full Fare,9.0,0.0
2022-11-28T07:00:00.000,subway,308,Cathedral Pkwy (110 St) (1),Manhattan,metrocard,Metrocard - Seniors & Disability,25.0,2.0
2022-11-28T11:00:00.000,subway,610,"Grand Central-42 St (S,4,5,6,7)",Manhattan,omny,OMNY - Other,1.0,0.0
2022-05-31T10:00:00.000,subway,403,33 St (6),Manhattan,metrocard,Metrocard - Full Fare,173.0,11.0
2022-11-28T17:00:00.000,subway,477,72 St (Q),Manhattan,metrocard,Metrocard - Seniors & Disability,91.0,1.0
2022-11-28T07:00:00.000,subway,8,"5 Av/59 St (N,R,W)",Manhattan,omny,OMNY - Full Fare,33.0,7.0
2022-11-28T17:00:00.000,subway,309,103 St (1),Manhattan,metrocard,Metrocard - Seniors & Disability,40.0,1.0
2022-05-31T11:00:00.000,subway,394,110 St (6),Manhattan,metrocard,Metrocard - Other,10.0,0.0
2022-11-28T23:00:00.000,subway,475,96 St (Q),Manhattan,omny,OMNY - Full Fare,22.0,1.0
2022-05-31T13:00:00.000,subway,404,28 St (6),Manhattan,metrocard,Metrocard - Full Fare,136.0,0.0
2022-11-28T18:00:00.000,subway,613,"Lexington Av (N,R,W)/59 St (4,5,6)",Manhattan,metrocard,Metrocard - Fair Fare,85.0,9.0
2022-11-28T21:00:00.000,subway,609,"Bryant Pk (B,D,F,M)/5 Av (7)",Manhattan,metrocard,Metrocard - Unlimited 30-Day,134.0,0.0
2022-11-28T08:00:00.000,subway,605,"168 St (A,C,1)",Manhattan,metrocard,Metrocard - Students,135.0,3.0
2022-05-31T06:00:00.000,subway,395,103 St (6),Manhattan,omny,OMNY - Full Fare,57.0,0.0
2022-05-31T07:00:00.000,subway,394,110 St (6),Manhattan,omny,OMNY - Full Fare,133.0,0.0
2022-11-28T06:00:00.000,subway,612,"Lexington Av-53 St (E,M)/51 St (6)",Manhattan,metrocard,Metrocard - Fair Fare,3.0,0.0
2022-11-28T06:00:00.000,subway,609,"Bryant Pk (B,D,F,M)/5 Av (7)",Manhattan,metrocard,Metrocard - Unlimited 30-Day,31.0,0.0
2022-11-28T20:00:00.000,subway,601,"14 St (F,M,1,2,3)/6 Av (L)",Manhattan,omny,OMNY - Other,2.0,0.0
2022-11-28T22:00:00.000,subway,309,103 St (1),Manhattan,metrocard,Metrocard - Unlimited 30-Day,14.0,0.0
2022-11-28T17:00:00.000,subway,612,"Lexington Av-53 St (E,M)/51 St (6)",Manhattan,metrocard,Metrocard - Unlimited 7-Day,268.0,0.0
2022-11-28T11:00:00.000,subway,471,34 St-Hudson Yards (7),Manhattan,omny,OMNY - Full Fare,185.0,1.0
2022-11-28T12:00:00.000,subway,607,"34 St-Herald Sq (B,D,F,M,N,Q,R,W)",Manhattan,omny,OMNY - Full Fare,980.0,9.0
2022-11-28T09:00:00.000,subway,471,34 St-Hudson Yards (7),Manhattan,metrocard,Metrocard - Fair Fare,7.0,0.0
2022-11-28T16:00:00.000,subway,601,"14 St (F,M,1,2,3)/6 Av (L)",Manhattan,metrocard,Metrocard - Fair Fare,61.0,0.0
2022-11-28T21:00:00.000,subway,477,72 St (Q),Manhattan,metrocard,Metrocard - Other,20.0,1.0
2022-05-31T22:00:00.000,subway,395,103 St (6),Manhattan,metrocard,Metrocard - Fair Fare,7.0,0.0
2022-11-28T03:00:00.000,subway,308,Cathedral Pkwy (110 St) (1),Manhattan,metrocard,Metrocard - Unlimited 7-Day,1.0,0.0
2022-11-28T16:00:00.000,subway,618,"14 St (A,C,E)/8 Av (L)",Manhattan,metrocard,Metrocard - Unlimited 30-Day,292.0,0.0
2022-11-28T13:00:00.000,subway,614,"59 St-Columbus Circle (A,B,C,D,1)",Manhattan,metrocard,Metrocard - Fair Fare,95.0,3.0
2022-11-28T16:00:00.000,subway,476,86 St (Q),Manhattan,metrocard,Metrocard - Seniors & Disability,47.0,6.0
2022-05-31T13:00:00.000,subway,403,33 St (6),Manhattan,metrocard,Metrocard - Unlimited 30-Day,75.0,0.0
2022-11-28T01:00:00.000,subway,309,103 St (1),Manhattan,metrocard,Metrocard - Full Fare,5.0,0.0
2022-11-28T14:00:00.000,subway,8,"5 Av/59 St (N,R,W)",Manhattan,metrocard,Metrocard - Unlimited 7-Day,92.0,0.0
2022-05-31T20:00:00.000,subway,397,"86 St (4,5,6)",Manhattan,metrocard,Metrocard - Full Fare,242.0,14.0
2022-05-31T13:00:00.000,subway,396,96 St (6),Manhattan,metrocard,Metrocard - Unlimited 7-Day,52.0,0.0
2022-11-28T12:00:00.000,subway,477,72 St (Q),Manhattan,metrocard,Metrocard - Unlimited 30-Day,53.0,0.0
2022-11-28T19:00:00.000,subway,613,"Lexington Av (N,R,W)/59 St (4,5,6)",Manhattan,metrocard,Metrocard - Full Fare,429.0,42.0
2022-11-28T07:00:00.000,subway,607,"34 St-Herald Sq (B,D,F,M,N,Q,R,W)",Manhattan,metrocard,Metrocard - Seniors & Disability,61.0,3.0
2022-11-28T04:00:00.000,subway,618,"14 St (A,C,E)/8 Av (L)",Manhattan,metrocard,Metrocard - Full Fare,10.0,0.0
2022-11-28T12:00:00.000,subway,9,"57 St-7 Av (N,Q,R,W)",Manhattan,metrocard,Metrocard - Unlimited 7-Day,77.0,0.0
2022-05-31T15:00:00.000,subway,404,28 St (6),Manhattan,metrocard,Metrocard - Fair Fare,34.0,0.0
2022-05-31T21:00:00.000,subway,394,110 St (6),Manhattan,metrocard,Metrocard - Other,10.0,0.0
2022-11-28T12:00:00.000,subway,619,"Broadway-Lafayette St (B,D,F,M)/Bleecker St (6)",Manhattan,metrocard,Metrocard - Other,30.0,0.0
2022-11-28T03:00:00.000,subway,9,"57 St-7 Av (N,Q,R,W)",Manhattan,omny,OMNY - Full Fare,4.0,0.0
2022-11-28T13:00:00.000,subway,476,86 St (Q),Manhattan,omny,OMNY - Seniors & Disability,2.0,0.0
2022-11-28T17:00:00.000,subway,613,"Lexington Av (N,R,W)/59 St (4,5,6)",Manhattan,metrocard,Metrocard - Other,234.0,7.0
2022-11-28T09:00:00.000,subway,476,86 St (Q),Manhattan,metrocard,Metrocard - Other,56.0,1.0
2022-11-28T22:00:00.000,subway,607,"34 St-Herald Sq (B,D,F,M,N,Q,R,W)",Manhattan,metrocard,Metrocard - Seniors & Disability,29.0,0.0
2022-11-28T18:00:00.000,subway,607,"34 St-Herald Sq (B,D,F,M,N,Q,R,W)",Manhattan,omny,OMNY - Other,1.0,0.0
2022-11-28T06:00:00.000,subway,609,"Bryant Pk (B,D,F,M)/5 Av (7)",Manhattan,metrocard,Metrocard - Students,4.0,1.0
2022-11-28T22:00:00.000,subway,309,103 St (1),Manhattan,metrocard,Metrocard - Seniors & Disability,6.0,0.0
2022-05-31T04:00:00.000,subway,395,103 St (6),Manhattan,metrocard,Metrocard - Fair Fare,3.0,0.0
2022-05-31T03:00:00.000,subway,396,96 St (6),Manhattan,metrocard,Metrocard - Fair Fare,1.0,0.0
2022-11-28T21:00:00.000,subway,602,"14 St-Union Sq (L,N,Q,R,W,4,5,6)",Manhattan,omny,OMNY - Full Fare,1292.0,5.0
2022-05-31T21:00:00.000,subway,394,110 St (6),Manhattan,omny,OMNY - Full Fare,22.0,0.0
2022-05-31T16:00:00.000,subway,395,103 St (6),Manhattan,omny,OMNY - Full Fare,214.0,0.0
2022-11-28T18:00:00.000,subway,619,"Broadway-Lafayette St (B,D,F,M)/Bleecker St (6)",Manhattan,omny,OMNY - Full Fare,1575.0,4.0
2022-11-28T13:00:00.000,subway,308,Cathedral Pkwy (110 St) (1),Manhattan,metrocard,Metrocard - Full Fare,78.0,1.0
2022-11-28T13:00:00.000,subway,309,103 St (1),Manhattan,metrocard,Metrocard - Unlimited 30-Day,49.0,0.0
2022-05-31T09:00:00.000,subway,403,33 St (6),Manhattan,metrocard,Metrocard - Other,45.0,1.0
2022-05-31T04:00:00.000,subway,397,"86 St (4,5,6)",Manhattan,metrocard,Metrocard - Unlimited 7-Day,2.0,0.0
2022-11-28T12:00:00.000,subway,8,"5 Av/59 St (N,R,W)",Manhattan,metrocard,Metrocard - Full Fare,90.0,5.0
2022-11-28T18:00:00.000,subway,601,"14 St (F,M,1,2,3)/6 Av (L)",Manhattan,metrocard,Metrocard - Unlimited 7-Day,192.0,0.0
2022-11-28T07:00:00.000,subway,605,"168 St (A,C,1)",Manhattan,metrocard,Metrocard - Fair Fare,44.0,2.0
2022-11-28T08:00:00.000,subway,619,"Broadway-Lafayette St (B,D,F,M)/Bleecker St (6)",Manhattan,metrocard,Metrocard - Unlimited 30-Day,72.0,0.0
2022-05-31T16:00:00.000,subway,404,28 St (6),Manhattan,metrocard,Metrocard - Full Fare,443.0,4.0
2022-05-31T09:00:00.000,subway,404,28 St (6),Manhattan,metrocard,Metrocard - Students,10.0,0.0
2022-11-28T15:00:00.000,subway,612,"Lexington Av-53 St (E,M)/51 St (6)",Manhattan,metrocard,Metrocard - Unlimited 30-Day,256.0,0.0
2022-11-28T13:00:00.000,subway,475,96 St (Q),Manhattan,metrocard,Metrocard - Unlimited 30-Day,54.0,0.0
2022-11-28T08:00:00.000,subway,475,96 St (Q),Manhattan,metrocard,Metrocard - Seniors & Disability,44.0,5.0
2022-11-28T12:00:00.000,subway,308,Cathedral Pkwy (110 St) (1),Manhattan,metrocard,Metrocard - Other,7.0,0.0
2022-11-28T11:00:00.000,subway,605,"168 St (A,C,1)",Manhattan,omny,OMNY - Other,1.0,0.0
2022-11-28T18:00:00.000,subway,613,"Lexington Av (N,R,W)/59 St (4,5,6)",Manhattan,omny,OMNY - Full Fare,1739.0,122.0
2022-05-31T16:00:00.000,subway,394,110 St (6),Manhattan,metrocard,Metrocard - Full Fare,105.0,0.0
2022-11-28T11:00:00.000,subway,8,"5 Av/59 St (N,R,W)",Manhattan,omny,OMNY - Seniors & Disability,1.0,0.0
2022-11-28T10:00:00.000,subway,610,"Grand Central-42 St (S,4,5,6,7)",Manhattan,omny,OMNY - Full Fare,1175.0,11.0
2022-11-28T05:00:00.000,subway,602,"14 St-Union Sq (L,N,Q,R,W,4,5,6)",Manhattan,metrocard,Metrocard - Unlimited 30-Day,16.0,0.0
2022-11-28T08:00:00.000,subway,477,72 St (Q),Manhattan,metrocard,Metrocard - Full Fare,299.0,2.0
2022-11-28T12:00:00.000,subway,611,"Times Sq-42 St (N,Q,R,W,S,1,2,3,7)/42 St (A,C,E)",Manhattan,metrocard,Metrocard - Fair Fare,81.0,1.0
2022-05-31T13:00:00.000,subway,396,96 St (6),Manhattan,metrocard,Metrocard - Other,24.0,1.0
2022-11-28T09:00:00.000,subway,8,"5 Av/59 St (N,R,W)",Manhattan,metrocard,Metrocard - Seniors & Disability,10.0,1.0
2022-11-28T20:00:00.000,subway,601,"14 St (F,M,1,2,3)/6 Av (L)",Manhattan,metrocard,Metrocard - Unlimited 30-Day,156.0,0.0
2022-11-28T12:00:00.000,subway,611,"Times Sq-42 St (N,Q,R,W,S,1,2,3,7)/42 St (A,C,E)",Manhattan,metrocard,Metrocard - Students,114.0,1.0
2022-11-28T15:00:00.000,subway,309,103 St (1),Manhattan,metrocard,Metrocard - Other,12.0,0.0
2022-05-31T12:00:00.000,subway,396,96 St (6),Manhattan,metrocard,Metrocard - Full Fare,126.0,4.0
2022-11-28T08:00:00.000,subway,9,"57 St-7 Av (N,Q,R,W)",Manhattan,omny,OMNY - Full Fare,349.0,13.0
2022-11-28T10:00:00.000,subway,477,72 St (Q),Manhattan,omny,OMNY - Seniors & Disability,4.0,0.0
2022-05-31T01:00:00.000,subway,403,33 St (6),Manhattan,metrocard,Metrocard - Fair Fare,3.0,0.0
2022-11-28T01:00:00.000,subway,9,"57 St-7 Av (N,Q,R,W)",Manhattan,metrocard,Metrocard - Other,1.0,0.0
2022-11-28T19:00:00.000,subway,618,"14 St (A,C,E)/8 Av (L)",Manhattan,metrocard,Metrocard - Full Fare,246.0,5.0
2022-11-28T08:00:00.000,subway,602,"14 St-Union Sq (L,N,Q,R,W,4,5,6)",Manhattan,omny,OMNY - Full Fare,1267.0,62.0
2022-11-28T03:00:00.000,subway,618,"14 St (A,C,E)/8 Av (L)",Manhattan,metrocard,Metrocard - Unlimited 7-Day,6.0,0.0
2022-11-28T23:00:00.000,subway,605,"168 St (A,C,1)",Manhattan,metrocard,Metrocard - Full Fare,43.0,0.0
2022-11-28T12:00:00.000,subway,602,"14 St-Union Sq (L,N,Q,R,W,4,5,6)",Manhattan,metrocard,Metrocard - Full Fare,479.0,13.0
2022-11-28T09:00:00.000,subway,308,Cathedral Pkwy (110 St) (1),Manhattan,metrocard,Metrocard - Fair Fare,10.0,0.0
2022-11-28T16:00:00.000,subway,612,"Lexington Av-53 St (E,M)/51 St (6)",Manhattan,metrocard,Metrocard - Unlimited 7-Day,288.0,0.0
2022-11-28T02:00:00.000,subway,611,"Times Sq-42 St (N,Q,R,W,S,1,2,3,7)/42 St (A,C,E)",Manhattan,metrocard,Metrocard - Unlimited 7-Day,34.0,0.0
2022-11-28T03:00:00.000,subway,607,"34 St-Herald Sq (B,D,F,M,N,Q,R,W)",Manhattan,metrocard,Metrocard - Other,9.0,0.0
2022-11-28T21:00:00.000,subway,607,"34 St-Herald Sq (B,D,F,M,N,Q,R,W)",Manhattan,metrocard,Metrocard - Fair Fare,73.0,0.0
2022-11-28T08:00:00.000,subway,476,86 St (Q),Manhattan,metrocard,Metrocard - Unlimited 7-Day,57.0,0.0
2022-05-31T07:00:00.000,subway,398,77 St (6),Manhattan,metrocard,Metrocard - Students,50.0,1.0
2022-11-28T10:00:00.000,subway,601,"14 St (F,M,1,2,3)/6 Av (L)",Manhattan,metrocard,Metrocard - Seniors & Disability,52.0,1.0
2022-05-31T19:00:00.000,subway,395,103 St (6),Manhattan,metrocard,Metrocard - Students,15.0,0.0
2022-11-28T07:00:00.000,subway,601,"14 St (F,M,1,2,3)/6 Av (L)",Manhattan,metrocard,Metrocard - Other,57.0,0.0
2022-05-31T22:00:00.000,subway,396,96 St (6),Manhattan,metrocard,Metrocard - Other,9.0,0.0
2022-11-28T22:00:00.000,subway,602,"14 St-Union Sq (L,N,Q,R,W,4,5,6)",Manhattan,metrocard,Metrocard - Seniors & Disability,29.0,2.0
2022-11-28T18:00:00.000,subway,8,"5 Av/59 St (N,R,W)",Manhattan,metrocard,Metrocard - Fair Fare,16.0,0.0
2022-05-31T01:00:00.000,subway,397,"86 St (4,5,6)",Manhattan,metrocard,Metrocard - Seniors & Disability,1.0,0.0
2022-05-31T05:00:00.000,subway,404,28 St (6),Manhattan,metrocard,Metrocard - Fair Fare,3.0,0.0
2022-11-28T13:00:00.000,subway,309,103 St (1),Manhattan,metrocard,Metrocard - Fair Fare,13.0,0.0
2022-11-28T15:00:00.000,subway,609,"Bryant Pk (B,D,F,M)/5 Av (7)",Manhattan,metrocard,Metrocard - Other,74.0,1.0
2022-11-28T19:00:00.000,subway,607,"34 St-Herald Sq (B,D,F,M,N,Q,R,W)",Manhattan,metrocard,Metrocard - Full Fare,848.0,10.0
2022-11-28T13:00:00.000,subway,613,"Lexington Av (N,R,W)/59 St (4,5,6)",Manhattan,metrocard,Metrocard - Full Fare,350.0,62.0
2022-11-28T19:00:00.000,subway,471,34 St-Hudson Yards (7),Manhattan,metrocard,Metrocard - Fair Fare,10.0,0.0
2022-11-28T09:00:00.000,subway,610,"Grand Central-42 St (S,4,5,6,7)",Manhattan,metrocard,Metrocard - Unlimited 30-Day,263.0,0.0
2022-11-28T15:00:00.000,subway,308,Cathedral Pkwy (110 St) (1),Manhattan,metrocard,Metrocard - Unlimited 7-Day,72.0,0.0
2022-11-28T01:00:00.000,subway,602,"14 St-Union Sq (L,N,Q,R,W,4,5,6)",Manhattan,metrocard,Metrocard - Other,7.0,0.0
2022-11-28T11:00:00.000,subway,609,"Bryant Pk (B,D,F,M)/5 Av (7)",Manhattan,metrocard,Metrocard - Students,6.0,1.0
2022-11-28T19:00:00.000,subway,475,96 St (Q),Manhattan,metrocard,Metrocard - Full Fare,80.0,6.0
2022-11-28T00:00:00.000,subway,8,"5 Av/59 St (N,R,W)",Manhattan,metrocard,Metrocard - Unlimited 30-Day,3.0,0.0
2022-11-28T20:00:00.000,subway,471,34 St-Hudson Yards (7),Manhattan,metrocard,Metrocard - Unlimited 30-Day,64.0,0.0
2022-11-28T05:00:00.000,subway,9,"57 St-7 Av (N,Q,R,W)",Manhattan,metrocard,Metrocard - Unlimited 7-Day,7.0,0.0
2022-11-28T01:00:00.000,subway,611,"Times Sq-42 St (N,Q,R,W,S,1,2,3,7)/42 St (A,C,E)",Manhattan,metrocard,Metrocard - Other,18.0,0.0
2022-11-28T16:00:00.000,subway,614,"59 St-Columbus Circle (A,B,C,D,1)",Manhattan,metrocard,Metrocard - Full Fare,1263.0,37.0
2022-05-31T13:00:00.000,subway,398,77 St (6),Manhattan,metrocard,Metrocard - Other,34.0,1.0
2022-11-28T10:00:00.000,subway,9,"57 St-7 Av (N,Q,R,W)",Manhattan,metrocard,Metrocard - Seniors & Disability,43.0,4.0
2022-11-28T03:00:00.000,subway,607,"34 St-Herald Sq (B,D,F,M,N,Q,R,W)",Manhattan,omny,OMNY - Full Fare,22.0,0.0
2022-05-31T05:00:00.000,subway,398,77 St (6),Manhattan,omny,OMNY - Full Fare,12.0,0.0
2022-11-28T11:00:00.000,subway,618,"14 St (A,C,E)/8 Av (L)",Manhattan,omny,OMNY - Seniors & Disability,2.0,0.0
2022-11-28T13:00:00.000,subway,612,"Lexington Av-53 St (E,M)/51 St (6)",Manhattan,omny,OMNY - Seniors & Disability,1.0,0.0
2022-11-28T06:00:00.000,subway,477,72 St (Q),Manhattan,metrocard,Metrocard - Other,9.0,0.0
2022-11-28T05:00:00.000,subway,477,72 St (Q),Manhattan,metrocard,Metrocard - Unlimited 7-Day,2.0,0.0
2022-11-28T08:00:00.000,subway,9,"57 St-7 Av (N,Q,R,W)",Manhattan,omny,OMNY - Seniors & Disability,1.0,0.0
2022-11-28T14:00:00.000,subway,612,"Lexington Av-53 St (E,M)/51 St (6)",Manhattan,metrocard,Metrocard - Other,59.0,2.0
2022-05-31T01:00:00.000,subway,403,33 St (6),Manhattan,metrocard,Metrocard - Other,4.0,0.0
2022-05-31T10:00:00.000,subway,403,33 St (6),Manhattan,metrocard,Metrocard - Fair Fare,16.0,1.0
2022-11-28T17:00:00.000,subway,601,"14 St (F,M,1,2,3)/6 Av (L)",Manhattan,omny,OMNY - Full Fare,1238.0,16.0
2022-05-31T05:00:00.000,subway,396,96 St (6),Manhattan,metrocard,Metrocard - Unlimited 30-Day,12.0,0.0
2022-11-28T21:00:00.000,subway,614,"59 St-Columbus Circle (A,B,C,D,1)",Manhattan,metrocard,Metrocard - Full Fare,297.0,6.0
2022-05-31T23:00:00.000,subway,396,96 St (6),Manhattan,omny,OMNY - Full Fare,35.0,2.0
2022-05-31T20:00:00.000,subway,403,33 St (6),Manhattan,metrocard,Metrocard - Unlimited 7-Day,62.0,0.0
2022-11-28T15:00:00.000,subway,610,"Grand Central-42 St (S,4,5,6,7)",Manhattan,metrocard,Metrocard - Unlimited 7-Day,587.0,0.0
2022-05-31T04:00:00.000,subway,403,33 St (6),Manhattan,metrocard,Metrocard - Full Fare,2.0,0.0
2022-11-28T14:00:00.000,subway,477,72 St (Q),Manhattan,metrocard,Metrocard - Students,96.0,0.0
2022-11-28T21:00:00.000,subway,614,"59 St-Columbus Circle (A,B,C,D,1)",Manhattan,metrocard,Metrocard - Seniors & Disability,76.0,2.0
2022-05-31T05:00:00.000,subway,405,23 St (6),Manhattan,metrocard,Metrocard - Fair Fare,1.0,0.0
2022-11-28T11:00:00.000,subway,601,"14 St (F,M,1,2,3)/6 Av (L)",Manhattan,metrocard,Metrocard - Unlimited 7-Day,68.0,0.0
2022-11-28T07:00:00.000,subway,9,"57 St-7 Av (N,Q,R,W)",Manhattan,metrocard,Metrocard - Unlimited 30-Day,75.0,0.0
2022-11-28T07:00:00.000,subway,308,Cathedral Pkwy (110 St) (1),Manhattan,omny,OMNY - Full Fare,177.0,1.0
2022-11-28T23:00:00.000,subway,8,"5 Av/59 St (N,R,W)",Manhattan,metrocard,Metrocard - Unlimited 7-Day,29.0,0.0
2022-05-31T03:00:00.000,subway,397,"86 St (4,5,6)",Manhattan,metrocard,Metrocard - Full Fare,6.0,0.0
2022-11-28T10:00:00.000,subway,605,"168 St (A,C,1)",Manhattan,metrocard,Metrocard - Seniors & Disability,50.0,6.0
2022-11-28T22:00:00.000,subway,471,34 St-Hudson Yards (7),Manhattan,metrocard,Metrocard - Seniors & Disability,4.0,1.0
2022-05-31T15:00:00.000,subway,404,28 St (6),Manhattan,metrocard,Metrocard - Unlimited 30-Day,99.0,0.0
2022-11-28T21:00:00.000,subway,609,"Bryant Pk (B,D,F,M)/5 Av (7)",Manhattan,metrocard,Metrocard - Fair Fare,40.0,0.0
2022-11-28T01:00:00.000,subway,614,"59 St-Columbus Circle (A,B,C,D,1)",Manhattan,metrocard,Metrocard - Seniors & Disability,1.0,0.0
2022-11-28T09:00:00.000,subway,607,"34 St-Herald Sq (B,D,F,M,N,Q,R,W)",Manhattan,metrocard,Metrocard - Unlimited 7-Day,185.0,0.0
2022-05-31T13:00:00.000,subway,395,103 St (6),Manhattan,metrocard,Metrocard - Other,25.0,0.0
2022-05-31T20:00:00.000,subway,399,68 St-Hunter College (6),Manhattan,metrocard,Metrocard - Unlimited 30-Day,62.0,0.0
2022-11-28T01:00:00.000,subway,607,"34 St-Herald Sq (B,D,F,M,N,Q,R,W)",Manhattan,metrocard,Metrocard - Unlimited 30-Day,12.0,0.0
2022-11-28T06:00:00.000,subway,476,86 St (Q),Manhattan,metrocard,Metrocard - Seniors & Disability,14.0,1.0
2022-11-28T08:00:00.000,subway,610,"Grand Central-42 St (S,4,5,6,7)",Manhattan,metrocard,Metrocard - Students,103.0,2.0
2022-11-28T17:00:00.000,subway,611,"Times Sq-42 St (N,Q,R,W,S,1,2,3,7)/42 St (A,C,E)",Manhattan,metrocard,Metrocard - Students,234.0,5.0
2022-11-28T09:00:00.000,subway,613,"Lexington Av (N,R,W)/59 St (4,5,6)",Manhattan,metrocard,Metrocard - Unlimited 7-Day,81.0,0.0
2022-11-28T15:00:00.000,subway,9,"57 St-7 Av (N,Q,R,W)",Manhattan,metrocard,Metrocard - Unlimited 7-Day,180.0,0.0
2022-11-28T19:00:00.000,subway,618,"14 St (A,C,E)/8 Av (L)",Manhattan,metrocard,Metrocard - Seniors & Disability,38.0,3.0
2022-11-28T12:00:00.000,subway,607,"34 St-Herald Sq (B,D,F,M,N,Q,R,W)",Manhattan,metrocard,Metrocard - Unlimited 7-Day,310.0,0.0
2022-05-31T05:00:00.000,subway,398,77 St (6),Manhattan,metrocard,Metrocard - Full Fare,14.0,0.0
2022-05-31T00:00:00.000,subway,397,"86 St (4,5,6)",Manhattan,metrocard,Metrocard - Other,2.0,0.0
2022-11-28T18:00:00.000,subway,309,103 St (1),Manhattan,metrocard,Metrocard - Unlimited 30-Day,52.0,0.0
2022-11-28T11:00:00.000,subway,476,86 St (Q),Manhattan,metrocard,Metrocard - Fair Fare,6.0,0.0
2022-11-28T01:00:00.000,subway,8,"5 Av/59 St (N,R,W)",Manhattan,metrocard,Metrocard - Seniors & Disability,1.0,0.0
2022-11-28T20:00:00.000,subway,477,72 St (Q),Manhattan,omny,OMNY - Full Fare,288.0,3.0
2022-05-31T19:00:00.000,subway,397,"86 St (4,5,6)",Manhattan,omny,OMNY - Full Fare,523.0,11.0
2022-11-28T03:00:00.000,subway,605,"168 St (A,C,1)",Manhattan,omny,OMNY - Full Fare,4.0,0.0
2022-11-28T19:00:00.000,subway,613,"Lexington Av (N,R,W)/59 St (4,5,6)",Manhattan,metrocard,Metrocard - Students,50.0,5.0
2022-05-31T10:00:00.000,subway,399,68 St-Hunter College (6),Manhattan,omny,OMNY - Full Fare,168.0,5.0
2022-11-28T18:00:00.000,subway,471,34 St-Hudson Yards (7),Manhattan,metrocard,Metrocard - Unlimited 7-Day,208.0,0.0
2022-05-31T15:00:00.000,subway,396,96 St (6),Manhattan,metrocard,Metrocard - Fair Fare,43.0,3.0
2022-11-28T04:00:00.000,subway,602,"14 St-Union Sq (L,N,Q,R,W,4,5,6)",Manhattan,metrocard,Metrocard - Fair Fare,2.0,0.0
2022-05-31T17:00:00.000,subway,396,96 St (6),Manhattan,metrocard,Metrocard - Other,68.0,1.0
2022-11-28T08:00:00.000,subway,309,103 St (1),Manhattan,metrocard,Metrocard - Fair Fare,24.0,0.0
2022-11-28T22:00:00.000,subway,475,96 St (Q),Manhattan,metrocard,Metrocard - Full Fare,31.0,0.0
2022-11-28T13:00:00.000,subway,602,"14 St-Union Sq (L,N,Q,R,W,4,5,6)",Manhattan,metrocard,Metrocard - Fair Fare,83.0,9.0
2022-11-28T22:00:00.000,subway,611,"Times Sq-42 St (N,Q,R,W,S,1,2,3,7)/42 St (A,C,E)",Manhattan,omny,OMNY - Full Fare,1361.0,4.0
2022-11-28T20:00:00.000,subway,609,"Bryant Pk (B,D,F,M)/5 Av (7)",Manhattan,metrocard,Metrocard - Other,70.0,1.0
2022-11-28T14:00:00.000,subway,471,34 St-Hudson Yards (7),Manhattan,omny,OMNY - Full Fare,376.0,0.0
2022-11-28T11:00:00.000,subway,618,"14 St (A,C,E)/8 Av (L)",Manhattan,metrocard,Metrocard - Fair Fare,12.0,1.0
2022-11-28T23:00:00.000,subway,476,86 St (Q),Manhattan,metrocard,Metrocard - Full Fare,15.0,0.0
2022-05-31T17:00:00.000,subway,403,33 St (6),Manhattan,metrocard,Metrocard - Fair Fare,51.0,0.0
2022-11-28T22:00:00.000,subway,477,72 St (Q),Manhattan,metrocard,Metrocard - Unlimited 7-Day,40.0,0.0
2022-11-28T07:00:00.000,subway,309,103 St (1),Manhattan,metrocard,Metrocard - Other,28.0,0.0
2022-05-31T09:00:00.000,subway,398,77 St (6),Manhattan,metrocard,Metrocard - Fair Fare,8.0,0.0
2022-05-31T07:00:00.000,subway,398,77 St (6),Manhattan,metrocard,Metrocard - Unlimited 30-Day,104.0,0.0
2022-11-28T03:00:00.000,subway,471,34 St-Hudson Yards (7),Manhattan,metrocard,Metrocard - Unlimited 7-Day,2.0,0.0
2022-11-28T14:00:00.000,subway,612,"Lexington Av-53 St (E,M)/51 St (6)",Manhattan,metrocard,Metrocard - Seniors & Disability,102.0,2.0
2022-11-28T20:00:00.000,subway,475,96 St (Q),Manhattan,metrocard,Metrocard - Full Fare,40.0,2.0
2022-11-28T20:00:00.000,subway,308,Cathedral Pkwy (110 St) (1),Manhattan,metrocard,Metrocard - Seniors & Disability,4.0,0.0
2022-05-31T11:00:00.000,subway,404,28 St (6),Manhattan,metrocard,Metrocard - Unlimited 7-Day,47.0,0.0
2022-11-28T01:00:00.000,subway,618,"14 St (A,C,E)/8 Av (L)",Manhattan,omny,OMNY - Full Fare,35.0,0.0
2022-11-28T17:00:00.000,subway,610,"Grand Central-42 St (S,4,5,6,7)",Manhattan,metrocard,Metrocard - Fair Fare,193.0,2.0
2022-11-28T16:00:00.000,subway,614,"59 St-Columbus Circle (A,B,C,D,1)",Manhattan,metrocard,Metrocard - Unlimited 30-Day,585.0,0.0
2022-11-28T17:00:00.000,subway,610,"Grand Central-42 St (S,4,5,6,7)",Manhattan,omny,OMNY - Seniors & Disability,4.0,0.0
2022-11-28T13:00:00.000,subway,309,103 St (1),Manhattan,metrocard,Metrocard - Full Fare,87.0,1.0
2022-11-28T10:00:00.000,subway,475,96 St (Q),Manhattan,metrocard,Metrocard - Unlimited 7-Day,44.0,0.0
2022-11-28T12:00:00.000,subway,477,72 St (Q),Manhattan,metrocard,Metrocard - Unlimited 7-Day,53.0,0.0
2022-11-28T17:00:00.000,subway,619,"Broadway-Lafayette St (B,D,F,M)/Bleecker St (6)",Manhattan,metrocard,Metrocard - Seniors & Disability,46.0,0.0
2022-11-28T11:00:00.000,subway,612,"Lexington Av-53 St (E,M)/51 St (6)",Manhattan,metrocard,Metrocard - Students,11.0,0.0
2022-11-28T06:00:00.000,subway,613,"Lexington Av (N,R,W)/59 St (4,5,6)",Manhattan,metrocard,Metrocard - Other,22.0,1.0
2022-11-28T15:00:00.000,subway,607,"34 St-Herald Sq (B,D,F,M,N,Q,R,W)",Manhattan,metrocard,Metrocard - Fair Fare,153.0,2.0
2022-11-28T00:00:00.000,subway,612,"Lexington Av-53 St (E,M)/51 St (6)",Manhattan,omny,OMNY - Full Fare,47.0,1.0
2022-11-28T17:00:00.000,subway,308,Cathedral Pkwy (110 St) (1),Manhattan,metrocard,Metrocard - Students,48.0,4.0
2022-11-28T08:00:00.000,subway,618,"14 St (A,C,E)/8 Av (L)",Manhattan,metrocard,Metrocard - Other,78.0,1.0
2022-11-28T02:00:00.000,subway,601,"14 St (F,M,1,2,3)/6 Av (L)",Manhattan,metrocard,Metrocard - Unlimited 30-Day,6.0,0.0
2022-05-31T17:00:00.000,subway,394,110 St (6),Manhattan,metrocard,Metrocard - Students,48.0,1.0
2022-05-31T11:00:00.000,subway,399,68 St-Hunter College (6),Manhattan,metrocard,Metrocard - Students,27.0,0.0
2022-11-28T08:00:00.000,subway,612,"Lexington Av-53 St (E,M)/51 St (6)",Manhattan,metrocard,Metrocard - Unlimited 30-Day,138.0,0.0
2022-11-28T11:00:00.000,subway,609,"Bryant Pk (B,D,F,M)/5 Av (7)",Manhattan,metrocard,Metrocard - Unlimited 30-Day,77.0,0.0
2022-11-28T06:00:00.000,subway,611,"Times Sq-42 St (N,Q,R,W,S,1,2,3,7)/42 St (A,C,E)",Manhattan,metrocard,Metrocard - Fair Fare,55.0,0.0
2022-11-28T22:00:00.000,subway,309,103 St (1),Manhattan,metrocard,Metrocard - Unlimited 7-Day,28.0,0.0
2022-11-28T06:00:00.000,subway,471,34 St-Hudson Yards (7),Manhattan,metrocard,Metrocard - Other,10.0,0.0
2022-11-28T20:00:00.000,subway,475,96 St (Q),Manhattan,metrocard,Metrocard - Seniors & Disability,3.0,0.0
2022-11-28T21:00:00.000,subway,601,"14 St (F,M,1,2,3)/6 Av (L)",Manhattan,metrocard,Metrocard - Other,52.0,0.0
2022-11-28T00:00:00.000,subway,602,"14 St-Union Sq (L,N,Q,R,W,4,5,6)",Manhattan,metrocard,Metrocard - Unlimited 7-Day,64.0,0.0
2022-11-28T21:00:00.000,subway,477,72 St (Q),Manhattan,metrocard,Metrocard - Seniors & Disability,14.0,0.0
2022-11-28T09:00:00.000,subway,613,"Lexington Av (N,R,W)/59 St (4,5,6)",Manhattan,metrocard,Metrocard - Fair Fare,16.0,2.0
2022-11-28T18:00:00.000,subway,8,"5 Av/59 St (N,R,W)",Manhattan,omny,OMNY - Full Fare,536.0,12.0
2022-11-28T18:00:00.000,subway,308,Cathedral Pkwy (110 St) (1),Manhattan,metrocard,Metrocard - Other,14.0,0.0
2022-11-28T06:00:00.000,subway,611,"Times Sq-42 St (N,Q,R,W,S,1,2,3,7)/42 St (A,C,E)",Manhattan,metrocard,Metrocard - Other,313.0,5.0
2022-11-28T07:00:00.000,subway,612,"Lexington Av-53 St (E,M)/51 St (6)",Manhattan,metrocard,Metrocard - Unlimited 30-Day,88.0,0.0
2022-11-28T18:00:00.000,subway,601,"14 St (F,M,1,2,3)/6 Av (L)",Manhattan,metrocard,Metrocard - Full Fare,468.0,6.0
2022-05-31T23:00:00.000,subway,395,103 St (6),Manhattan,metrocard,Metrocard - Unlimited 7-Day,25.0,0.0
2022-11-28T11:00:00.000,subway,613,"Lexington Av (N,R,W)/59 St (4,5,6)",Manhattan,omny,OMNY - Seniors & Disability,2.0,1.0
2022-05-31T10:00:00.000,subway,395,103 St (6),Manhattan,metrocard,Metrocard - Students,31.0,0.0
2022-11-28T09:00:00.000,subway,613,"Lexington Av (N,R,W)/59 St (4,5,6)",Manhattan,metrocard,Metrocard - Unlimited 30-Day,105.0,0.0
2022-11-28T17:00:00.000,subway,613,"Lexington Av (N,R,W)/59 St (4,5,6)",Manhattan,metrocard,Metrocard - Seniors & Disability,122.0,9.0
2022-05-31T00:00:00.000,subway,399,68 St-Hunter College (6),Manhattan,metrocard,Metrocard - Unlimited 30-Day,6.0,0.0
2022-05-31T19:00:00.000,subway,399,68 St-Hunter College (6),Manhattan,metrocard,Metrocard - Seniors & Disability,17.0,1.0
2022-11-28T15:00:00.000,subway,614,"59 St-Columbus Circle (A,B,C,D,1)",Manhattan,metrocard,Metrocard - Other,193.0,0.0
2022-11-28T22:00:00.000,subway,605,"168 St (A,C,1)",Manhattan,metrocard,Metrocard - Seniors & Disability,4.0,0.0
2022-11-28T10:00:00.000,subway,8,"5 Av/59 St (N,R,W)",Manhattan,metrocard,Metrocard - Unlimited 30-Day,24.0,0.0
2022-05-31T14:00:00.000,subway,403,33 St (6),Manhattan,metrocard,Metrocard - Students,86.0,1.0
2022-11-28T04:00:00.000,subway,9,"57 St-7 Av (N,Q,R,W)",Manhattan,metrocard,Metrocard - Unlimited 30-Day,2.0,0.0
2022-11-28T14:00:00.000,subway,476,86 St (Q),Manhattan,metrocard,Metrocard - Unlimited 30-Day,76.0,0.0
2022-11-28T12:00:00.000,subway,607,"34 St-Herald Sq (B,D,F,M,N,Q,R,W)",Manhattan,metrocard,Metrocard - Unlimited 30-Day,256.0,0.0
2022-05-31T10:00:00.000,subway,404,28 St (6),Manhattan,metrocard,Metrocard - Other,18.0,0.0
2022-05-31T22:00:00.000,subway,399,68 St-Hunter College (6),Manhattan,metrocard,Metrocard - Full Fare,39.0,3.0
2022-11-28T16:00:00.000,subway,477,72 St (Q),Manhattan,metrocard,Metrocard - Fair Fare,43.0,0.0
2022-11-28T16:00:00.000,subway,618,"14 St (A,C,E)/8 Av (L)",Manhattan,metrocard,Metrocard - Unlimited 7-Day,327.0,0.0
2022-11-28T14:00:00.000,subway,609,"Bryant Pk (B,D,F,M)/5 Av (7)",Manhattan,omny,OMNY - Seniors & Disability,4.0,0.0
2022-05-31T02:00:00.000,subway,398,77 St (6),Manhattan,metrocard,Metrocard - Unlimited 7-Day,2.0,0.0
2022-11-28T05:00:00.000,subway,619,"Broadway-Lafayette St (B,D,F,M)/Bleecker St (6)",Manhattan,metrocard,Metrocard - Other,5.0,0.0
2022-11-28T16:00:00.000,subway,611,"Times Sq-42 St (N,Q,R,W,S,1,2,3,7)/42 St (A,C,E)",Manhattan,metrocard,Metrocard - Unlimited 30-Day,774.0,0.0
2022-11-28T14:00:00.000,subway,612,"Lexington Av-53 St (E,M)/51 St (6)",Manhattan,metrocard,Metrocard - Full Fare,541.0,6.0
2022-11-28T18:00:00.000,subway,471,34 St-Hudson Yards (7),Manhattan,metrocard,Metrocard - Seniors & Disability,22.0,1.0
2022-11-28T00:00:00.000,subway,614,"59 St-Columbus Circle (A,B,C,D,1)",Manhattan,metrocard,Metrocard - Unlimited 30-Day,31.0,0.0
2022-05-31T17:00:00.000,subway,399,68 St-Hunter College (6),Manhattan,metrocard,Metrocard - Other,92.0,1.0
2022-11-28T19:00:00.000,subway,609,"Bryant Pk (B,D,F,M)/5 Av (7)",Manhattan,metrocard,Metrocard - Unlimited 7-Day,254.0,0.0
2022-11-28T22:00:00.000,subway,308,Cathedral Pkwy (110 St) (1),Manhattan,metrocard,Metrocard - Unlimited 30-Day,21.0,0.0
2022-11-28T22:00:00.000,subway,613,"Lexington Av (N,R,W)/59 St (4,5,6)",Manhattan,metrocard,Metrocard - Unlimited 7-Day,129.0,0.0
2022-11-28T22:00:00.000,subway,619,"Broadway-Lafayette St (B,D,F,M)/Bleecker St (6)",Manhattan,metrocard,Metrocard - Other,14.0,0.0
2022-11-28T05:00:00.000,subway,477,72 St (Q),Manhattan,omny,OMNY - Full Fare,9.0,0.0
2022-05-31T00:00:00.000,subway,404,28 St (6),Manhattan,omny,OMNY - Full Fare,23.0,0.0
2022-11-28T20:00:00.000,subway,610,"Grand Central-42 St (S,4,5,6,7)",Manhattan,metrocard,Metrocard - Full Fare,577.0,7.0
2022-11-28T16:00:00.000,subway,611,"Times Sq-42 St (N,Q,R,W,S,1,2,3,7)/42 St (A,C,E)",Manhattan,metrocard,Metrocard - Seniors & Disability,320.0,18.0
2022-05-31T17:00:00.000,subway,399,68 St-Hunter College (6),Manhattan,metrocard,Metrocard - Fair Fare,48.0,6.0
2022-11-28T20:00:00.000,subway,610,"Grand Central-42 St (S,4,5,6,7)",Manhattan,metrocard,Metrocard - Fair Fare,47.0,1.0
2022-11-28T14:00:00.000,subway,611,"Times Sq-42 St (N,Q,R,W,S,1,2,3,7)/42 St (A,C,E)",Manhattan,metrocard,Metrocard - Seniors & Disability,238.0,11.0
2022-11-28T07:00:00.000,subway,610,"Grand Central-42 St (S,4,5,6,7)",Manhattan,metrocard,Metrocard - Unlimited 30-Day,345.0,0.0
2022-11-28T08:00:00.000,subway,475,96 St (Q),Manhattan,metrocard,Metrocard - Other,94.0,8.0
2022-11-28T13:00:00.000,subway,607,"34 St-Herald Sq (B,D,F,M,N,Q,R,W)",Manhattan,omny,OMNY - Seniors & Disability,3.0,0.0
2022-05-31T20:00:00.000,subway,398,77 St (6),Manhattan,metrocard,Metrocard - Students,9.0,0.0
2022-05-31T06:00:00.000,subway,403,33 St (6),Manhattan,metrocard,Metrocard - Unlimited 30-Day,19.0,0.0
2022-05-31T15:00:00.000,subway,398,77 St (6),Manhattan,metrocard,Metrocard - Other,72.0,0.0
2022-11-28T20:00:00.000,subway,610,"Grand Central-42 St (S,4,5,6,7)",Manhattan,metrocard,Metrocard - Unlimited 30-Day,282.0,0.0
2022-11-28T05:00:00.000,subway,611,"Times Sq-42 St (N,Q,R,W,S,1,2,3,7)/42 St (A,C,E)",Manhattan,omny,OMNY - Full Fare,640.0,22.0
2022-11-28T13:00:00.000,subway,309,103 St (1),Manhattan,metrocard,Metrocard - Seniors & Disability,50.0,0.0
2022-11-28T11:00:00.000,subway,605,"168 St (A,C,1)",Manhattan,metrocard,Metrocard - Full Fare,143.0,1.0
2022-11-28T00:00:00.000,subway,602,"14 St-Union Sq (L,N,Q,R,W,4,5,6)",Manhattan,metrocard,Metrocard - Seniors & Disability,4.0,0.0
2022-05-31T11:00:00.000,subway,396,96 St (6),Manhattan,metrocard,Metrocard - Seniors & Disability,40.0,6.0
2022-05-31T05:00:00.000,subway,396,96 St (6),Manhattan,metrocard,Metrocard - Full Fare,13.0,0.0
2022-11-28T21:00:00.000,subway,476,86 St (Q),Manhattan,metrocard,Metrocard - Seniors & Disability,5.0,0.0
2022-11-28T19:00:00.000,subway,610,"Grand Central-42 St (S,4,5,6,7)",Manhattan,metrocard,Metrocard - Other,241.0,1.0
2022-05-31T18:00:00.000,subway,395,103 St (6),Manhattan,metrocard,Metrocard - Unlimited 30-Day,68.0,0.0
2022-05-31T14:00:00.000,subway,398,77 St (6),Manhattan,metrocard,Metrocard - Students,122.0,1.0
2022-11-28T17:00:00.000,subway,308,Cathedral Pkwy (110 St) (1),Manhattan,metrocard,Metrocard - Full Fare,145.0,5.0
2022-05-31T12:00:00.000,subway,404,28 St (6),Manhattan,metrocard,Metrocard - Students,9.0,0.0
2022-11-28T23:00:00.000,subway,601,"14 St (F,M,1,2,3)/6 Av (L)",Manhattan,metrocard,Metrocard - Fair Fare,17.0,0.0
2022-05-31T17:00:00.000,subway,398,77 St (6),Manhattan,metrocard,Metrocard - Unlimited 30-Day,318.0,0.0
2022-11-28T10:00:00.000,subway,471,34 St-Hudson Yards (7),Manhattan,metrocard,Metrocard - Unlimited 30-Day,26.0,0.0
2022-11-28T15:00:00.000,subway,618,"14 St (A,C,E)/8 Av (L)",Manhattan,metrocard,Metrocard - Seniors & Disability,73.0,4.0
2022-11-28T03:00:00.000,subway,607,"34 St-Herald Sq (B,D,F,M,N,Q,R,W)",Manhattan,metrocard,Metrocard - Seniors & Disability,1.0,0.0
2022-11-28T18:00:00.000,subway,309,103 St (1),Manhattan,metrocard,Metrocard - Fair Fare,16.0,0.0
2022-05-31T17:00:00.000,subway,396,96 St (6),Manhattan,metrocard,Metrocard - Full Fare,373.0,19.0
2022-11-28T13:00:00.000,subway,476,86 St (Q),Manhattan,metrocard,Metrocard - Other,18.0,0.0
2022-05-31T06:00:00.000,subway,405,23 St (6),Manhattan,metrocard,Metrocard - Full Fare,42.0,13.0
2022-11-28T18:00:00.000,subway,605,"168 St (A,C,1)",Manhattan,metrocard,Metrocard - Unlimited 30-Day,154.0,0.0
2022-11-28T17:00:00.000,subway,610,"Grand Central-42 St (S,4,5,6,7)",Manhattan,metrocard,Metrocard - Unlimited 7-Day,655.0,0.0
2022-11-28T08:00:00.000,subway,309,103 St (1),Manhattan,metrocard,Metrocard - Students,105.0,0.0
2022-11-28T13:00:00.000,subway,618,"14 St (A,C,E)/8 Av (L)",Manhattan,metrocard,Metrocard - Other,50.0,0.0
2022-11-28T14:00:00.000,subway,607,"34 St-Herald Sq (B,D,F,M,N,Q,R,W)",Manhattan,metrocard,Metrocard - Other,134.0,1.0
2022-11-28T23:00:00.000,subway,613,"Lexington Av (N,R,W)/59 St (4,5,6)",Manhattan,metrocard,Metrocard - Seniors & Disability,15.0,1.0
2022-11-28T14:00:00.000,subway,618,"14 St (A,C,E)/8 Av (L)",Manhattan,metrocard,Metrocard - Full Fare,282.0,3.0
2022-11-28T23:00:00.000,subway,475,96 St (Q),Manhattan,metrocard,Metrocard - Fair Fare,2.0,0.0
2022-11-28T06:00:00.000,subway,476,86 St (Q),Manhattan,metrocard,Metrocard - Full Fare,53.0,1.0
2022-05-31T05:00:00.000,subway,395,103 St (6),Manhattan,metrocard,Metrocard - Unlimited 7-Day,22.0,0.0
2022-11-28T19:00:00.000,subway,601,"14 St (F,M,1,2,3)/6 Av (L)",Manhattan,metrocard,Metrocard - Students,38.0,1.0
2022-11-28T17:00:00.000,subway,619,"Broadway-Lafayette St (B,D,F,M)/Bleecker St (6)",Manhattan,metrocard,Metrocard - Unlimited 7-Day,223.0,0.0
2022-11-28T20:00:00.000,subway,602,"14 St-Union Sq (L,N,Q,R,W,4,5,6)",Manhattan,omny,OMNY - Seniors & Disability,1.0,0.0
2022-05-31T18:00:00.000,subway,396,96 St (6),Manhattan,metrocard,Metrocard - Unlimited 30-Day,142.0,0.0
2022-11-28T18:00:00.000,subway,9,"57 St-7 Av (N,Q,R,W)",Manhattan,omny,OMNY - Full Fare,1171.0,18.0
2022-11-28T08:00:00.000,subway,8,"5 Av/59 St (N,R,W)",Manhattan,metrocard,Metrocard - Other,11.0,0.0
2022-11-28T04:00:00.000,subway,476,86 St (Q),Manhattan,omny,OMNY - Full Fare,3.0,0.0
2022-11-28T22:00:00.000,subway,613,"Lexington Av (N,R,W)/59 St (4,5,6)",Manhattan,metrocard,Metrocard - Fair Fare,29.0,1.0
2022-11-28T07:00:00.000,subway,308,Cathedral Pkwy (110 St) (1),Manhattan,metrocard,Metrocard - Unlimited 30-Day,80.0,0.0
2022-11-28T12:00:00.000,subway,610,"Grand Central-42 St (S,4,5,6,7)",Manhattan,omny,OMNY - Seniors & Disability,3.0,0.0
2022-05-31T15:00:00.000,subway,395,103 St (6),Manhattan,metrocard,Metrocard - Full Fare,179.0,2.0
2022-11-28T21:00:00.000,subway,611,"Times Sq-42 St (N,Q,R,W,S,1,2,3,7)/42 St (A,C,E)",Manhattan,metrocard,Metrocard - Fair Fare,81.0,1.0
2022-11-28T06:00:00.000,subway,614,"59 St-Columbus Circle (A,B,C,D,1)",Manhattan,metrocard,Metrocard - Full Fare,77.0,4.0
2022-05-31T02:00:00.000,subway,398,77 St (6),Manhattan,metrocard,Metrocard - Full Fare,1.0,0.0
2022-11-28T22:00:00.000,subway,612,"Lexington Av-53 St (E,M)/51 St (6)",Manhattan,metrocard,Metrocard - Unlimited 30-Day,85.0,0.0
2022-05-31T07:00:00.000,subway,394,110 St (6),Manhattan,metrocard,Metrocard - Other,35.0,0.0
2022-05-31T19:00:00.000,subway,405,23 St (6),Manhattan,metrocard,Metrocard - Fair Fare,16.0,0.0
2022-11-28T22:00:00.000,subway,619,"Broadway-Lafayette St (B,D,F,M)/Bleecker St (6)",Manhattan,omny,OMNY - Full Fare,335.0,0.0
2022-11-28T12:00:00.000,subway,619,"Broadway-Lafayette St (B,D,F,M)/Bleecker St (6)",Manhattan,metrocard,Metrocard - Unlimited 7-Day,109.0,0.0
2022-05-31T05:00:00.000,subway,403,33 St (6),Manhattan,metrocard,Metrocard - Fair Fare,1.0,0.0
2022-11-28T10:00:00.000,subway,614,"59 St-Columbus Circle (A,B,C,D,1)",Manhattan,metrocard,Metrocard - Other,104.0,1.0
2022-05-31T08:00:00.000,subway,403,33 St (6),Manhattan,metrocard,Metrocard - Unlimited 7-Day,60.0,0.0
2022-11-28T05:00:00.000,subway,605,"168 St (A,C,1)",Manhattan,omny,OMNY - Full Fare,65.0,0.0
2022-11-28T17:00:00.000,subway,476,86 St (Q),Manhattan,metrocard,Metrocard - Fair Fare,29.0,0.0
2022-05-31T01:00:00.000,subway,404,28 St (6),Manhattan,metrocard,Metrocard - Unlimited 30-Day,1.0,0.0
2022-11-28T12:00:00.000,subway,614,"59 St-Columbus Circle (A,B,C,D,1)",Manhattan,metrocard,Metrocard - Unlimited 30-Day,217.0,0.0
2022-05-31T16:00:00.000,subway,394,110 St (6),Manhattan,metrocard,Metrocard - Unlimited 7-Day,84.0,0.0
2022-05-31T17:00:00.000,subway,396,96 St (6),Manhattan,metrocard,Metrocard - Unlimited 7-Day,120.0,0.0
2022-05-31T22:00:00.000,subway,397,"86 St (4,5,6)",Manhattan,metrocard,Metrocard - Other,11.0,0.0
2022-05-31T13:00:00.000,subway,403,33 St (6),Manhattan,metrocard,Metrocard - Other,22.0,0.0
2022-11-28T23:00:00.000,subway,308,Cathedral Pkwy (110 St) (1),Manhattan,metrocard,Metrocard - Other,7.0,0.0
2022-11-28T08:00:00.000,subway,308,Cathedral Pkwy (110 St) (1),Manhattan,metrocard,Metrocard - Unlimited 30-Day,97.0,0.0
2022-11-28T07:00:00.000,subway,9,"57 St-7 Av (N,Q,R,W)",Manhattan,metrocard,Metrocard - Full Fare,71.0,2.0
2022-05-31T11:00:00.000,subway,398,77 St (6),Manhattan,metrocard,Metrocard - Fair Fare,14.0,1.0
2022-11-28T04:00:00.000,subway,609,"Bryant Pk (B,D,F,M)/5 Av (7)",Manhattan,metrocard,Metrocard - Unlimited 30-Day,4.0,0.0
2022-05-31T14:00:00.000,subway,399,68 St-Hunter College (6),Manhattan,metrocard,Metrocard - Other,29.0,1.0
2022-11-28T20:00:00.000,subway,602,"14 St-Union Sq (L,N,Q,R,W,4,5,6)",Manhattan,metrocard,Metrocard - Unlimited 7-Day,277.0,0.0
2022-05-31T08:00:00.000,subway,404,28 St (6),Manhattan,metrocard,Metrocard - Fair Fare,13.0,0.0
2022-05-31T23:00:00.000,subway,398,77 St (6),Manhattan,omny,OMNY - Full Fare,88.0,2.0
2022-11-28T13:00:00.000,subway,613,"Lexington Av (N,R,W)/59 St (4,5,6)",Manhattan,metrocard,Metrocard - Students,27.0,4.0
2022-05-31T15:00:00.000,subway,394,110 St (6),Manhattan,metrocard,Metrocard - Seniors & Disability,12.0,0.0
2022-05-31T15:00:00.000,subway,403,33 St (6),Manhattan,metrocard,Metrocard - Fair Fare,45.0,1.0
2022-05-31T15:00:00.000,subway,404,28 St (6),Manhattan,metrocard,Metrocard - Unlimited 7-Day,109.0,0.0
2022-11-28T07:00:00.000,subway,611,"Times Sq-42 St (N,Q,R,W,S,1,2,3,7)/42 St (A,C,E)",Manhattan,metrocard,Metrocard - Students,352.0,15.0
2022-11-28T10:00:00.000,subway,471,34 St-Hudson Yards (7),Manhattan,metrocard,Metrocard - Other,16.0,0.0
2022-11-28T21:00:00.000,subway,609,"Bryant Pk (B,D,F,M)/5 Av (7)",Manhattan,metrocard,Metrocard - Full Fare,197.0,3.0
2022-11-28T19:00:00.000,subway,476,86 St (Q),Manhattan,metrocard,Metrocard - Students,19.0,0.0
2022-11-28T16:00:00.000,subway,477,72 St (Q),Manhattan,metrocard,Metrocard - Unlimited 30-Day,300.0,0.0
2022-05-31T19:00:00.000,subway,395,103 St (6),Manhattan,metrocard,Metrocard - Unlimited 30-Day,35.0,0.0
2022-11-28T16:00:00.000,subway,611,"Times Sq-42 St (N,Q,R,W,S,1,2,3,7)/42 St (A,C,E)",Manhattan,metrocard,Metrocard - Fair Fare,219.0,3.0
2022-11-28T21:00:00.000,subway,8,"5 Av/59 St (N,R,W)",Manhattan,metrocard,Metrocard - Seniors & Disability,13.0,0.0
2022-11-28T16:00:00.000,subway,609,"Bryant Pk (B,D,F,M)/5 Av (7)",Manhattan,metrocard,Metrocard - Unlimited 30-Day,392.0,0.0
2022-11-28T22:00:00.000,subway,601,"14 St (F,M,1,2,3)/6 Av (L)",Manhattan,metrocard,Metrocard - Fair Fare,17.0,0.0
2022-11-28T11:00:00.000,subway,601,"14 St (F,M,1,2,3)/6 Av (L)",Manhattan,omny,OMNY - Seniors & Disability,1.0,0.0
2022-11-28T10:00:00.000,subway,9,"57 St-7 Av (N,Q,R,W)",Manhattan,metrocard,Metrocard - Students,8.0,1.0
2022-11-28T00:00:00.000,subway,471,34 St-Hudson Yards (7),Manhattan,metrocard,Metrocard - Full Fare,28.0,0.0
2022-11-28T00:00:00.000,subway,601,"14 St (F,M,1,2,3)/6 Av (L)",Manhattan,metrocard,Metrocard - Fair Fare,4.0,0.0
2022-11-28T03:00:00.000,subway,612,"Lexington Av-53 St (E,M)/51 St (6)",Manhattan,metrocard,Metrocard - Unlimited 7-Day,6.0,0.0
2022-11-28T12:00:00.000,subway,618,"14 St (A,C,E)/8 Av (L)",Manhattan,metrocard,Metrocard - Unlimited 30-Day,82.0,0.0
2022-11-28T18:00:00.000,subway,612,"Lexington Av-53 St (E,M)/51 St (6)",Manhattan,omny,OMNY - Seniors & Disability,2.0,0.0
2022-11-28T00:00:00.000,subway,610,"Grand Central-42 St (S,4,5,6,7)",Manhattan,metrocard,Metrocard - Seniors & Disability,6.0,0.0
2022-11-28T12:00:00.000,subway,308,Cathedral Pkwy (110 St) (1),Manhattan,metrocard,Metrocard - Students,5.0,0.0
2022-05-31T20:00:00.000,subway,399,68 St-Hunter College (6),Manhattan,metrocard,Metrocard - Fair Fare,15.0,0.0
2022-11-28T18:00:00.000,subway,309,103 St (1),Manhattan,metrocard,Metrocard - Full Fare,82.0,0.0
2022-11-28T13:00:00.000,subway,605,"168 St (A,C,1)",Manhattan,metrocard,Metrocard - Unlimited 30-Day,68.0,0.0
2022-11-28T12:00:00.000,subway,609,"Bryant Pk (B,D,F,M)/5 Av (7)",Manhattan,metrocard,Metrocard - Seniors & Disability,60.0,3.0
2022-05-31T11:00:00.000,subway,403,33 St (6),Manhattan,omny,OMNY - Full Fare,226.0,8.0
2022-11-28T11:00:00.000,subway,618,"14 St (A,C,E)/8 Av (L)",Manhattan,omny,OMNY - Full Fare,280.0,1.0
2022-11-28T07:00:00.000,subway,607,"34 St-Herald Sq (B,D,F,M,N,Q,R,W)",Manhattan,metrocard,Metrocard - Students,96.0,3.0
2022-11-28T13:00:00.000,subway,613,"Lexington Av (N,R,W)/59 St (4,5,6)",Manhattan,omny,OMNY - Full Fare,530.0,79.0
2022-11-28T22:00:00.000,subway,611,"Times Sq-42 St (N,Q,R,W,S,1,2,3,7)/42 St (A,C,E)",Manhattan,metrocard,Metrocard - Students,1.0,0.0
2022-11-28T20:00:00.000,subway,614,"59 St-Columbus Circle (A,B,C,D,1)",Manhattan,metrocard,Metrocard - Unlimited 7-Day,226.0,0.0
2022-11-28T20:00:00.000,subway,611,"Times Sq-42 St (N,Q,R,W,S,1,2,3,7)/42 St (A,C,E)",Manhattan,omny,OMNY - Seniors & Disability,6.0,0.0
2022-05-31T05:00:00.000,subway,395,103 St (6),Manhattan,metrocard,Metrocard - Seniors & Disability,3.0,0.0
2022-11-28T09:00:00.000,subway,307,116 St-Columbia University (1),Manhattan,omny,OMNY - Full Fare,122.0,5.0
2022-05-31T23:00:00.000,subway,397,"86 St (4,5,6)",Manhattan,metrocard,Metrocard - Seniors & Disability,5.0,0.0
2022-05-31T20:00:00.000,subway,398,77 St (6),Manhattan,metrocard,Metrocard - Full Fare,151.0,0.0
2022-05-31T12:00:00.000,subway,399,68 St-Hunter College (6),Manhattan,metrocard,Metrocard - Full Fare,165.0,9.0
2022-11-28T14:00:00.000,subway,610,"Grand Central-42 St (S,4,5,6,7)",Manhattan,omny,OMNY - Full Fare,1480.0,13.0
2022-05-31T08:00:00.000,subway,403,33 St (6),Manhattan,metrocard,Metrocard - Students,36.0,0.0
2022-11-28T14:00:00.000,subway,619,"Broadway-Lafayette St (B,D,F,M)/Bleecker St (6)",Manhattan,metrocard,Metrocard - Full Fare,256.0,3.0
2022-11-28T12:00:00.000,subway,477,72 St (Q),Manhattan,metrocard,Metrocard - Full Fare,181.0,1.0
2022-11-28T20:00:00.000,subway,475,96 St (Q),Manhattan,metrocard,Metrocard - Students,5.0,0.0
2022-05-31T16:00:00.000,subway,394,110 St (6),Manhattan,metrocard,Metrocard - Students,42.0,0.0
2022-05-31T01:00:00.000,subway,394,110 St (6),Manhattan,metrocard,Metrocard - Full Fare,2.0,0.0
2022-11-28T19:00:00.000,subway,309,103 St (1),Manhattan,metrocard,Metrocard - Other,8.0,0.0
2022-11-28T10:00:00.000,subway,475,96 St (Q),Manhattan,metrocard,Metrocard - Seniors & Disability,70.0,7.0
2022-05-31T14:00:00.000,subway,398,77 St (6),Manhattan,metrocard,Metrocard - Unlimited 7-Day,165.0,0.0
2022-05-31T12:00:00.000,subway,394,110 St (6),Manhattan,metrocard,Metrocard - Full Fare,52.0,0.0
2022-11-28T21:00:00.000,subway,613,"Lexington Av (N,R,W)/59 St (4,5,6)",Manhattan,metrocard,Metrocard - Other,25.0,1.0
2022-11-28T17:00:00.000,subway,475,96 St (Q),Manhattan,metrocard,Metrocard - Unlimited 30-Day,129.0,0.0
2022-11-28T13:00:00.000,subway,609,"Bryant Pk (B,D,F,M)/5 Av (7)",Manhattan,metrocard,Metrocard - Seniors & Disability,52.0,4.0
2022-05-31T09:00:00.000,subway,396,96 St (6),Manhattan,metrocard,Metrocard - Students,21.0,1.0
2022-11-28T03:00:00.000,subway,477,72 St (Q),Manhattan,metrocard,Metrocard - Seniors & Disability,1.0,0.0
2022-05-31T13:00:00.000,subway,397,"86 St (4,5,6)",Manhattan,metrocard,Metrocard - Students,43.0,0.0
2022-11-28T12:00:00.000,subway,9,"57 St-7 Av (N,Q,R,W)",Manhattan,metrocard,Metrocard - Other,34.0,1.0
2022-11-28T21:00:00.000,subway,602,"14 St-Union Sq (L,N,Q,R,W,4,5,6)",Manhattan,metrocard,Metrocard - Full Fare,329.0,4.0
2022-11-28T12:00:00.000,subway,605,"168 St (A,C,1)",Manhattan,metrocard,Metrocard - Unlimited 7-Day,53.0,0.0
2022-11-28T04:00:00.000,subway,610,"Grand Central-42 St (S,4,5,6,7)",Manhattan,omny,OMNY - Full Fare,7.0,0.0
2022-11-28T09:00:00.000,subway,309,103 St (1),Manhattan,metrocard,Metrocard - Unlimited 30-Day,74.0,0.0
2022-11-28T08:00:00.000,subway,308,Cathedral Pkwy (110 St) (1),Manhattan,metrocard,Metrocard - Other,29.0,0.0
2022-11-28T10:00:00.000,subway,475,96 St (Q),Manhattan,metrocard,Metrocard - Fair Fare,32.0,3.0
2022-11-28T16:00:00.000,subway,471,34 St-Hudson Yards (7),Manhattan,metrocard,Metrocard - Students,40.0,1.0
2022-11-28T20:00:00.000,subway,618,"14 St (A,C,E)/8 Av (L)",Manhattan,metrocard,Metrocard - Unlimited 7-Day,140.0,0.0
2022-11-28T22:00:00.000,subway,601,"14 St (F,M,1,2,3)/6 Av (L)",Manhattan,metrocard,Metrocard - Unlimited 7-Day,107.0,0.0
2022-11-28T03:00:00.000,subway,605,"168 St (A,C,1)",Manhattan,metrocard,Metrocard - Fair Fare,2.0,0.0
2022-11-28T01:00:00.000,subway,309,103 St (1),Manhattan,metrocard,Metrocard - Fair Fare,1.0,0.0
2022-05-31T19:00:00.000,subway,396,96 St (6),Manhattan,omny,OMNY - Full Fare,209.0,5.0
2022-11-28T16:00:00.000,subway,602,"14 St-Union Sq (L,N,Q,R,W,4,5,6)",Manhattan,metrocard,Metrocard - Full Fare,1421.0,32.0
2022-11-28T23:00:00.000,subway,607,"34 St-Herald Sq (B,D,F,M,N,Q,R,W)",Manhattan,metrocard,Metrocard - Full Fare,187.0,7.0
2022-05-31T09:00:00.000,subway,399,68 St-Hunter College (6),Manhattan,metrocard,Metrocard - Seniors & Disability,39.0,4.0
2022-11-28T05:00:00.000,subway,475,96 St (Q),Manhattan,metrocard,Metrocard - Full Fare,22.0,2.0
2022-05-31T10:00:00.000,subway,405,23 St (6),Manhattan,metrocard,Metrocard - Fair Fare,9.0,0.0
2022-11-28T23:00:00.000,subway,618,"14 St (A,C,E)/8 Av (L)",Manhattan,metrocard,Metrocard - Fair Fare,15.0,1.0
2022-11-28T15:00:00.000,subway,602,"14 St-Union Sq (L,N,Q,R,W,4,5,6)",Manhattan,omny,OMNY - Seniors & Disability,2.0,1.0
2022-05-31T14:00:00.000,subway,399,68 St-Hunter College (6),Manhattan,omny,OMNY - Full Fare,305.0,13.0
2022-11-28T07:00:00.000,subway,471,34 St-Hudson Yards (7),Manhattan,metrocard,Metrocard - Seniors & Disability,5.0,1.0
2022-05-31T21:00:00.000,subway,404,28 St (6),Manhattan,metrocard,Metrocard - Seniors & Disability,5.0,0.0
2022-11-28T18:00:00.000,subway,605,"168 St (A,C,1)",Manhattan,metrocard,Metrocard - Students,33.0,1.0
2022-11-28T09:00:00.000,subway,8,"5 Av/59 St (N,R,W)",Manhattan,metrocard,Metrocard - Full Fare,49.0,5.0
2022-05-31T14:00:00.000,subway,394,110 St (6),Manhattan,metrocard,Metrocard - Unlimited 7-Day,53.0,0.0
2022-11-28T00:00:00.000,subway,471,34 St-Hudson Yards (7),Manhattan,metrocard,Metrocard - Unlimited 7-Day,22.0,0.0
2022-11-28T15:00:00.000,subway,612,"Lexington Av-53 St (E,M)/51 St (6)",Manhattan,metrocard,Metrocard - Seniors & Disability,108.0,3.0
2022-05-31T14:00:00.000,subway,396,96 St (6),Manhattan,metrocard,Metrocard - Students,252.0,2.0
2022-05-31T00:00:00.000,subway,398,77 St (6),Manhattan,omny,OMNY - Full Fare,15.0,0.0
2022-11-28T07:00:00.000,subway,619,"Broadway-Lafayette St (B,D,F,M)/Bleecker St (6)",Manhattan,metrocard,Metrocard - Fair Fare,10.0,1.0
2022-11-28T22:00:00.000,subway,611,"Times Sq-42 St (N,Q,R,W,S,1,2,3,7)/42 St (A,C,E)",Manhattan,omny,OMNY - Seniors & Disability,1.0,0.0
2022-11-28T04:00:00.000,subway,309,103 St (1),Manhattan,metrocard,Metrocard - Unlimited 30-Day,1.0,0.0
2022-11-28T18:00:00.000,subway,607,"34 St-Herald Sq (B,D,F,M,N,Q,R,W)",Manhattan,metrocard,Metrocard - Fair Fare,212.0,0.0
2022-05-31T06:00:00.000,subway,404,28 St (6),Manhattan,metrocard,Metrocard - Unlimited 7-Day,12.0,0.0
2022-11-28T23:00:00.000,subway,602,"14 St-Union Sq (L,N,Q,R,W,4,5,6)",Manhattan,metrocard,Metrocard - Unlimited 7-Day,169.0,0.0
2022-11-28T08:00:00.000,subway,618,"14 St (A,C,E)/8 Av (L)",Manhattan,metrocard,Metrocard - Fair Fare,28.0,3.0
2022-11-28T17:00:00.000,subway,601,"14 St (F,M,1,2,3)/6 Av (L)",Manhattan,metrocard,Metrocard - Unlimited 30-Day,318.0,0.0
2022-11-28T18:00:00.000,subway,477,72 St (Q),Manhattan,metrocard,Metrocard - Other,106.0,2.0
2022-05-31T12:00:00.000,subway,395,103 St (6),Manhattan,metrocard,Metrocard - Unlimited 7-Day,48.0,0.0
2022-05-31T12:00:00.000,subway,403,33 St (6),Manhattan,omny,OMNY - Full Fare,214.0,1.0
2022-11-28T12:00:00.000,subway,602,"14 St-Union Sq (L,N,Q,R,W,4,5,6)",Manhattan,metrocard,Metrocard - Fair Fare,60.0,3.0
2022-11-28T18:00:00.000,subway,612,"Lexington Av-53 St (E,M)/51 St (6)",Manhattan,metrocard,Metrocard - Other,210.0,4.0
2022-05-31T16:00:00.000,subway,394,110 St (6),Manhattan,omny,OMNY - Full Fare,134.0,0.0
2022-11-28T23:00:00.000,subway,605,"168 St (A,C,1)",Manhattan,metrocard,Metrocard - Unlimited 30-Day,20.0,0.0
2022-11-28T21:00:00.000,subway,611,"Times Sq-42 St (N,Q,R,W,S,1,2,3,7)/42 St (A,C,E)",Manhattan,metrocard,Metrocard - Unlimited 30-Day,401.0,0.0
2022-11-28T16:00:00.000,subway,602,"14 St-Union Sq (L,N,Q,R,W,4,5,6)",Manhattan,omny,OMNY - Full Fare,2525.0,42.0
2022-11-28T14:00:00.000,subway,475,96 St (Q),Manhattan,metrocard,Metrocard - Students,131.0,0.0
2022-11-28T07:00:00.000,subway,309,103 St (1),Manhattan,metrocard,Metrocard - Students,126.0,0.0
2022-11-28T04:00:00.000,subway,9,"57 St-7 Av (N,Q,R,W)",Manhattan,metrocard,Metrocard - Full Fare,7.0,0.0
2022-11-28T08:00:00.000,subway,309,103 St (1),Manhattan,metrocard,Metrocard - Full Fare,147.0,0.0
2022-11-28T20:00:00.000,subway,613,"Lexington Av (N,R,W)/59 St (4,5,6)",Manhattan,metrocard,Metrocard - Other,64.0,3.0
2022-11-28T14:00:00.000,subway,307,116 St-Columbia University (1),Manhattan,omny,OMNY - Full Fare,382.0,2.0
2022-11-28T02:00:00.000,subway,618,"14 St (A,C,E)/8 Av (L)",Manhattan,omny,OMNY - Full Fare,24.0,0.0
2022-11-28T18:00:00.000,subway,8,"5 Av/59 St (N,R,W)",Manhattan,metrocard,Metrocard - Seniors & Disability,23.0,4.0
2022-11-28T23:00:00.000,subway,309,103 St (1),Manhattan,metrocard,Metrocard - Full Fare,16.0,1.0
2022-11-28T22:00:00.000,subway,477,72 St (Q),Manhattan,metrocard,Metrocard - Fair Fare,8.0,0.0
2022-05-31T07:00:00.000,subway,397,"86 St (4,5,6)",Manhattan,metrocard,Metrocard - Seniors & Disability,42.0,5.0
2022-11-28T23:00:00.000,subway,609,"Bryant Pk (B,D,F,M)/5 Av (7)",Manhattan,metrocard,Metrocard - Seniors & Disability,10.0,1.0
2022-05-31T18:00:00.000,subway,394,110 St (6),Manhattan,metrocard,Metrocard - Unlimited 30-Day,50.0,0.0
2022-11-28T09:00:00.000,subway,9,"57 St-7 Av (N,Q,R,W)",Manhattan,metrocard,Metrocard - Unlimited 30-Day,93.0,0.0
2022-11-28T16:00:00.000,subway,308,Cathedral Pkwy (110 St) (1),Manhattan,metrocard,Metrocard - Full Fare,166.0,2.0
2022-05-31T22:00:00.000,subway,397,"86 St (4,5,6)",Manhattan,metrocard,Metrocard - Seniors & Disability,6.0,0.0
2022-11-28T02:00:00.000,subway,602,"14 St-Union Sq (L,N,Q,R,W,4,5,6)",Manhattan,metrocard,Metrocard - Unlimited 7-Day,11.0,0.0
2022-11-28T00:00:00.000,subway,611,"Times Sq-42 St (N,Q,R,W,S,1,2,3,7)/42 St (A,C,E)",Manhattan,omny,OMNY - Full Fare,459.0,0.0
2022-11-28T15:00:00.000,subway,471,34 St-Hudson Yards (7),Manhattan,metrocard,Metrocard - Unlimited 7-Day,261.0,0.0
2022-11-28T21:00:00.000,subway,475,96 St (Q),Manhattan,metrocard,Metrocard - Fair Fare,7.0,0.0
2022-11-28T00:00:00.000,subway,471,34 St-Hudson Yards (7),Manhattan,omny,OMNY - Full Fare,43.0,0.0
2022-11-28T13:00:00.000,subway,308,Cathedral Pkwy (110 St) (1),Manhattan,metrocard,Metrocard - Students,3.0,0.0
2022-11-28T04:00:00.000,subway,613,"Lexington Av (N,R,W)/59 St (4,5,6)",Manhattan,metrocard,Metrocard - Unlimited 30-Day,2.0,0.0
2022-11-28T15:00:00.000,subway,614,"59 St-Columbus Circle (A,B,C,D,1)",Manhattan,metrocard,Metrocard - Fair Fare,123.0,1.0
2022-11-28T01:00:00.000,subway,475,96 St (Q),Manhattan,metrocard,Metrocard - Unlimited 30-Day,2.0,0.0
2022-11-28T03:00:00.000,subway,602,"14 St-Union Sq (L,N,Q,R,W,4,5,6)",Manhattan,metrocard,Metrocard - Full Fare,20.0,0.0
2022-11-28T11:00:00.000,subway,614,"59 St-Columbus Circle (A,B,C,D,1)",Manhattan,metrocard,Metrocard - Students,44.0,0.0
2022-11-28T03:00:00.000,subway,607,"34 St-Herald Sq (B,D,F,M,N,Q,R,W)",Manhattan,metrocard,Metrocard - Unlimited 30-Day,6.0,0.0
2022-11-28T23:00:00.000,subway,618,"14 St (A,C,E)/8 Av (L)",Manhattan,metrocard,Metrocard - Unlimited 7-Day,86.0,0.0
2022-05-31T07:00:00.000,subway,403,33 St (6),Manhattan,metrocard,Metrocard - Students,46.0,3.0
2022-11-28T15:00:00.000,subway,8,"5 Av/59 St (N,R,W)",Manhattan,metrocard,Metrocard - Unlimited 30-Day,71.0,0.0
2022-11-28T04:00:00.000,subway,9,"57 St-7 Av (N,Q,R,W)",Manhattan,metrocard,Metrocard - Unlimited 7-Day,2.0,0.0
2022-11-28T07:00:00.000,subway,610,"Grand Central-42 St (S,4,5,6,7)",Manhattan,metrocard,Metrocard - Other,305.0,4.0
2022-05-31T09:00:00.000,subway,395,103 St (6),Manhattan,metrocard,Metrocard - Other,22.0,0.0
2022-05-31T11:00:00.000,subway,394,110 St (6),Manhattan,metrocard,Metrocard - Students,18.0,1.0
2022-11-28T09:00:00.000,subway,610,"Grand Central-42 St (S,4,5,6,7)",Manhattan,metrocard,Metrocard - Other,190.0,2.0
2022-05-31T10:00:00.000,subway,396,96 St (6),Manhattan,metrocard,Metrocard - Other,23.0,2.0
2022-11-28T03:00:00.000,subway,611,"Times Sq-42 St (N,Q,R,W,S,1,2,3,7)/42 St (A,C,E)",Manhattan,metrocard,Metrocard - Fair Fare,12.0,0.0
2022-11-28T02:00:00.000,subway,309,103 St (1),Manhattan,metrocard,Metrocard - Seniors & Disability,1.0,0.0
2022-11-28T18:00:00.000,subway,475,96 St (Q),Manhattan,metrocard,Metrocard - Seniors & Disability,26.0,4.0
2022-11-28T15:00:00.000,subway,609,"Bryant Pk (B,D,F,M)/5 Av (7)",Manhattan,metrocard,Metrocard - Students,87.0,3.0
2022-11-28T01:00:00.000,subway,609,"Bryant Pk (B,D,F,M)/5 Av (7)",Manhattan,metrocard,Metrocard - Full Fare,16.0,0.0
2022-11-28T21:00:00.000,subway,619,"Broadway-Lafayette St (B,D,F,M)/Bleecker St (6)",Manhattan,metrocard,Metrocard - Seniors & Disability,13.0,0.0
2022-05-31T09:00:00.000,subway,405,23 St (6),Manhattan,metrocard,Metrocard - Fair Fare,8.0,0.0
2022-11-28T04:00:00.000,subway,8,"5 Av/59 St (N,R,W)",Manhattan,omny,OMNY - Full Fare,1.0,0.0
2022-05-31T23:00:00.000,subway,397,"86 St (4,5,6)",Manhattan,metrocard,Metrocard - Fair Fare,14.0,0.0
2022-11-28T23:00:00.000,subway,619,"Broadway-Lafayette St (B,D,F,M)/Bleecker St (6)",Manhattan,metrocard,Metrocard - Seniors & Disability,5.0,0.0
2022-11-28T21:00:00.000,subway,476,86 St (Q),Manhattan,metrocard,Metrocard - Other,9.0,0.0
2022-05-31T02:00:00.000,subway,404,28 St (6),Manhattan,metrocard,Metrocard - Other,2.0,0.0
2022-11-28T14:00:00.000,subway,607,"34 St-Herald Sq (B,D,F,M,N,Q,R,W)",Manhattan,omny,OMNY - Full Fare,1321.0,18.0
2022-05-31T03:00:00.000,subway,394,110 St (6),Manhattan,omny,OMNY - Full Fare,1.0,0.0
2022-11-28T01:00:00.000,subway,610,"Grand Central-42 St (S,4,5,6,7)",Manhattan,metrocard,Metrocard - Unlimited 30-Day,13.0,0.0
2022-11-28T13:00:00.000,subway,607,"34 St-Herald Sq (B,D,F,M,N,Q,R,W)",Manhattan,metrocard,Metrocard - Seniors & Disability,187.0,11.0
2022-05-31T08:00:00.000,subway,403,33 St (6),Manhattan,metrocard,Metrocard - Full Fare,205.0,26.0
2022-11-28T15:00:00.000,subway,8,"5 Av/59 St (N,R,W)",Manhattan,omny,OMNY - Full Fare,368.0,10.0
2022-11-28T07:00:00.000,subway,601,"14 St (F,M,1,2,3)/6 Av (L)",Manhattan,metrocard,Metrocard - Students,95.0,4.0
2022-05-31T22:00:00.000,subway,404,28 St (6),Manhattan,metrocard,Metrocard - Seniors & Disability,3.0,0.0
2022-11-28T23:00:00.000,subway,477,72 St (Q),Manhattan,metrocard,Metrocard - Unlimited 7-Day,19.0,0.0
2022-11-28T07:00:00.000,subway,613,"Lexington Av (N,R,W)/59 St (4,5,6)",Manhattan,metrocard,Metrocard - Fair Fare,19.0,5.0
2022-11-28T02:00:00.000,subway,619,"Broadway-Lafayette St (B,D,F,M)/Bleecker St (6)",Manhattan,metrocard,Metrocard - Unlimited 30-Day,4.0,0.0
2022-05-31T16:00:00.000,subway,398,77 St (6),Manhattan,metrocard,Metrocard - Fair Fare,60.0,2.0
2022-11-28T06:00:00.000,subway,607,"34 St-Herald Sq (B,D,F,M,N,Q,R,W)",Manhattan,metrocard,Metrocard - Full Fare,493.0,10.0
2022-11-28T19:00:00.000,subway,611,"Times Sq-42 St (N,Q,R,W,S,1,2,3,7)/42 St (A,C,E)",Manhattan,metrocard,Metrocard - Unlimited 7-Day,702.0,0.0
2022-11-28T17:00:00.000,subway,477,72 St (Q),Manhattan,metrocard,Metrocard - Fair Fare,55.0,1.0
2022-05-31T23:00:00.000,subway,403,33 St (6),Manhattan,metrocard,Metrocard - Unlimited 30-Day,32.0,0.0
2022-11-28T10:00:00.000,subway,9,"57 St-7 Av (N,Q,R,W)",Manhattan,metrocard,Metrocard - Fair Fare,23.0,1.0
2022-11-28T19:00:00.000,subway,308,Cathedral Pkwy (110 St) (1),Manhattan,metrocard,Metrocard - Other,14.0,0.0
2022-11-28T05:00:00.000,subway,605,"168 St (A,C,1)",Manhattan,metrocard,Metrocard - Full Fare,53.0,1.0
2022-11-28T15:00:00.000,subway,9,"57 St-7 Av (N,Q,R,W)",Manhattan,metrocard,Metrocard - Seniors & Disability,60.0,8.0
2022-11-28T12:00:00.000,subway,308,Cathedral Pkwy (110 St) (1),Manhattan,omny,OMNY - Seniors & Disability,2.0,0.0
2022-11-28T02:00:00.000,subway,475,96 St (Q),Manhattan,metrocard,Metrocard - Other,2.0,0.0
2022-11-28T00:00:00.000,subway,475,96 St (Q),Manhattan,omny,OMNY - Full Fare,7.0,0.0
2022-11-28T03:00:00.000,subway,614,"59 St-Columbus Circle (A,B,C,D,1)",Manhattan,metrocard,Metrocard - Other,11.0,0.0
2022-05-31T17:00:00.000,subway,394,110 St (6),Manhattan,metrocard,Metrocard - Other,18.0,1.0
2022-05-31T03:00:00.000,subway,404,28 St (6),Manhattan,metrocard,Metrocard - Full Fare,3.0,0.0
2022-11-28T23:00:00.000,subway,609,"Bryant Pk (B,D,F,M)/5 Av (7)",Manhattan,omny,OMNY - Full Fare,156.0,0.0
2022-05-31T00:00:00.000,subway,395,103 St (6),Manhattan,metrocard,Metrocard - Full Fare,7.0,0.0
2022-05-31T20:00:00.000,subway,403,33 St (6),Manhattan,metrocard,Metrocard - Seniors & Disability,10.0,0.0
2022-11-28T12:00:00.000,subway,613,"Lexington Av (N,R,W)/59 St (4,5,6)",Manhattan,metrocard,Metrocard - Full Fare,278.0,65.0
2022-11-28T16:00:00.000,subway,618,"14 St (A,C,E)/8 Av (L)",Manhattan,omny,OMNY - Seniors & Disability,4.0,0.0
2022-11-28T18:00:00.000,subway,605,"168 St (A,C,1)",Manhattan,metrocard,Metrocard - Seniors & Disability,33.0,3.0
2022-11-28T06:00:00.000,subway,614,"59 St-Columbus Circle (A,B,C,D,1)",Manhattan,metrocard,Metrocard - Fair Fare,22.0,1.0
2022-11-28T10:00:00.000,subway,612,"Lexington Av-53 St (E,M)/51 St (6)",Manhattan,metrocard,Metrocard - Seniors & Disability,55.0,4.0
2022-05-31T07:00:00.000,subway,395,103 St (6),Manhattan,omny,OMNY - Full Fare,136.0,2.0
2022-05-31T11:00:00.000,subway,396,96 St (6),Manhattan,metrocard,Metrocard - Unlimited 7-Day,27.0,0.0
2022-11-28T20:00:00.000,subway,619,"Broadway-Lafayette St (B,D,F,M)/Bleecker St (6)",Manhattan,omny,OMNY - Full Fare,711.0,2.0
2022-05-31T01:00:00.000,subway,399,68 St-Hunter College (6),Manhattan,metrocard,Metrocard - Unlimited 7-Day,3.0,0.0
2022-05-31T00:00:00.000,subway,394,110 St (6),Manhattan,metrocard,Metrocard - Unlimited 7-Day,7.0,0.0
2022-11-28T20:00:00.000,subway,602,"14 St-Union Sq (L,N,Q,R,W,4,5,6)",Manhattan,metrocard,Metrocard - Full Fare,487.0,11.0
2022-11-28T14:00:00.000,subway,477,72 St (Q),Manhattan,omny,OMNY - Full Fare,362.0,2.0
2022-11-28T19:00:00.000,subway,610,"Grand Central-42 St (S,4,5,6,7)",Manhattan,metrocard,Metrocard - Unlimited 30-Day,507.0,0.0
2022-11-28T00:00:00.000,subway,609,"Bryant Pk (B,D,F,M)/5 Av (7)",Manhattan,metrocard,Metrocard - Seniors & Disability,2.0,0.0
2022-11-28T15:00:00.000,subway,619,"Broadway-Lafayette St (B,D,F,M)/Bleecker St (6)",Manhattan,metrocard,Metrocard - Unlimited 30-Day,142.0,0.0
2022-11-28T07:00:00.000,subway,612,"Lexington Av-53 St (E,M)/51 St (6)",Manhattan,metrocard,Metrocard - Students,93.0,3.0
2022-11-28T15:00:00.000,subway,471,34 St-Hudson Yards (7),Manhattan,metrocard,Metrocard - Fair Fare,45.0,1.0
2022-11-28T13:00:00.000,subway,619,"Broadway-Lafayette St (B,D,F,M)/Bleecker St (6)",Manhattan,metrocard,Metrocard - Unlimited 30-Day,120.0,0.0
2022-11-28T16:00:00.000,subway,611,"Times Sq-42 St (N,Q,R,W,S,1,2,3,7)/42 St (A,C,E)",Manhattan,metrocard,Metrocard - Other,308.0,1.0
2022-11-28T08:00:00.000,subway,607,"34 St-Herald Sq (B,D,F,M,N,Q,R,W)",Manhattan,metrocard,Metrocard - Unlimited 30-Day,250.0,0.0
2022-11-28T14:00:00.000,subway,605,"168 St (A,C,1)",Manhattan,metrocard,Metrocard - Unlimited 7-Day,93.0,0.0
2022-11-28T13:00:00.000,subway,609,"Bryant Pk (B,D,F,M)/5 Av (7)",Manhattan,metrocard,Metrocard - Other,49.0,0.0
2022-05-31T21:00:00.000,subway,398,77 St (6),Manhattan,metrocard,Metrocard - Fair Fare,12.0,0.0
2022-11-28T07:00:00.000,subway,605,"168 St (A,C,1)",Manhattan,metrocard,Metrocard - Other,57.0,0.0
2022-11-28T20:00:00.000,subway,614,"59 St-Columbus Circle (A,B,C,D,1)",Manhattan,metrocard,Metrocard - Seniors & Disability,83.0,3.0
2022-11-28T17:00:00.000,subway,309,103 St (1),Manhattan,metrocard,Metrocard - Fair Fare,16.0,0.0
2022-05-31T18:00:00.000,subway,397,"86 St (4,5,6)",Manhattan,metrocard,Metrocard - Fair Fare,69.0,0.0
2022-11-28T08:00:00.000,subway,609,"Bryant Pk (B,D,F,M)/5 Av (7)",Manhattan,metrocard,Metrocard - Students,18.0,3.0
2022-05-31T08:00:00.000,subway,397,"86 St (4,5,6)",Manhattan,metrocard,Metrocard - Fair Fare,21.0,1.0
2022-11-28T10:00:00.000,subway,476,86 St (Q),Manhattan,metrocard,Metrocard - Unlimited 30-Day,63.0,0.0
2022-05-31T07:00:00.000,subway,399,68 St-Hunter College (6),Manhattan,metrocard,Metrocard - Seniors & Disability,14.0,0.0
2022-05-31T15:00:00.000,subway,399,68 St-Hunter College (6),Manhattan,metrocard,Metrocard - Unlimited 30-Day,188.0,0.0
2022-11-28T23:00:00.000,subway,9,"57 St-7 Av (N,Q,R,W)",Manhattan,omny,OMNY - Full Fare,220.0,1.0
2022-11-28T19:00:00.000,subway,614,"59 St-Columbus Circle (A,B,C,D,1)",Manhattan,metrocard,Metrocard - Unlimited 7-Day,243.0,0.0
2022-11-28T09:00:00.000,subway,619,"Broadway-Lafayette St (B,D,F,M)/Bleecker St (6)",Manhattan,metrocard,Metrocard - Other,32.0,0.0
2022-11-28T01:00:00.000,subway,607,"34 St-Herald Sq (B,D,F,M,N,Q,R,W)",Manhattan,omny,OMNY - Full Fare,70.0,0.0
2022-11-28T16:00:00.000,subway,308,Cathedral Pkwy (110 St) (1),Manhattan,metrocard,Metrocard - Seniors & Disability,34.0,1.0
2022-11-28T22:00:00.000,subway,8,"5 Av/59 St (N,R,W)",Manhattan,omny,OMNY - Full Fare,108.0,0.0
2022-05-31T00:00:00.000,subway,404,28 St (6),Manhattan,metrocard,Metrocard - Unlimited 7-Day,18.0,0.0
2022-05-31T08:00:00.000,subway,405,23 St (6),Manhattan,metrocard,Metrocard - Full Fare,215.0,28.0
2022-11-28T11:00:00.000,subway,613,"Lexington Av (N,R,W)/59 St (4,5,6)",Manhattan,omny,OMNY - Full Fare,390.0,84.0
2022-11-28T08:00:00.000,subway,602,"14 St-Union Sq (L,N,Q,R,W,4,5,6)",Manhattan,metrocard,Metrocard - Unlimited 7-Day,152.0,0.0
2022-11-28T14:00:00.000,subway,614,"59 St-Columbus Circle (A,B,C,D,1)",Manhattan,metrocard,Metrocard - Unlimited 7-Day,282.0,0.0
2022-05-31T09:00:00.000,subway,404,28 St (6),Manhattan,omny,OMNY - Full Fare,252.0,1.0
2022-11-28T00:00:00.000,subway,607,"34 St-Herald Sq (B,D,F,M,N,Q,R,W)",Manhattan,metrocard,Metrocard - Fair Fare,12.0,0.0
2022-11-28T06:00:00.000,subway,614,"59 St-Columbus Circle (A,B,C,D,1)",Manhattan,metrocard,Metrocard - Students,17.0,2.0
2022-05-31T22:00:00.000,subway,403,33 St (6),Manhattan,metrocard,Metrocard - Fair Fare,14.0,0.0
2022-11-28T20:00:00.000,subway,9,"57 St-7 Av (N,Q,R,W)",Manhattan,metrocard,Metrocard - Students,10.0,2.0
2022-11-28T14:00:00.000,subway,614,"59 St-Columbus Circle (A,B,C,D,1)",Manhattan,omny,OMNY - Seniors & Disability,2.0,0.0
2022-05-31T13:00:00.000,subway,396,96 St (6),Manhattan,metrocard,Metrocard - Seniors & Disability,31.0,6.0
2022-11-28T21:00:00.000,subway,475,96 St (Q),Manhattan,metrocard,Metrocard - Other,13.0,0.0
2022-11-28T16:00:00.000,subway,611,"Times Sq-42 St (N,Q,R,W,S,1,2,3,7)/42 St (A,C,E)",Manhattan,metrocard,Metrocard - Students,335.0,9.0
2022-11-28T03:00:00.000,subway,612,"Lexington Av-53 St (E,M)/51 St (6)",Manhattan,metrocard,Metrocard - Unlimited 30-Day,2.0,0.0
2022-11-28T02:00:00.000,subway,610,"Grand Central-42 St (S,4,5,6,7)",Manhattan,metrocard,Metrocard - Fair Fare,1.0,0.0
2022-11-28T07:00:00.000,subway,471,34 St-Hudson Yards (7),Manhattan,metrocard,Metrocard - Unlimited 30-Day,35.0,0.0
2022-11-28T14:00:00.000,subway,601,"14 St (F,M,1,2,3)/6 Av (L)",Manhattan,metrocard,Metrocard - Full Fare,331.0,6.0
2022-11-28T18:00:00.000,subway,611,"Times Sq-42 St (N,Q,R,W,S,1,2,3,7)/42 St (A,C,E)",Manhattan,metrocard,Metrocard - Fair Fare,182.0,2.0
2022-11-28T05:00:00.000,subway,609,"Bryant Pk (B,D,F,M)/5 Av (7)",Manhattan,metrocard,Metrocard - Fair Fare,2.0,0.0
2022-11-28T23:00:00.000,subway,619,"Broadway-Lafayette St (B,D,F,M)/Bleecker St (6)",Manhattan,metrocard,Metrocard - Unlimited 30-Day,33.0,0.0
2022-11-28T08:00:00.000,subway,611,"Times Sq-42 St (N,Q,R,W,S,1,2,3,7)/42 St (A,C,E)",Manhattan,metrocard,Metrocard - Full Fare,3233.0,49.0
2022-11-28T15:00:00.000,subway,476,86 St (Q),Manhattan,metrocard,Metrocard - Unlimited 7-Day,99.0,0.0
2022-11-28T11:00:00.000,subway,614,"59 St-Columbus Circle (A,B,C,D,1)",Manhattan,metrocard,Metrocard - Unlimited 30-Day,168.0,0.0
2022-11-28T18:00:00.000,subway,612,"Lexington Av-53 St (E,M)/51 St (6)",Manhattan,metrocard,Metrocard - Students,75.0,0.0
2022-11-28T07:00:00.000,subway,610,"Grand Central-42 St (S,4,5,6,7)",Manhattan,metrocard,Metrocard - Students,162.0,0.0
2022-11-28T20:00:00.000,subway,476,86 St (Q),Manhattan,metrocard,Metrocard - Fair Fare,5.0,0.0
2022-11-28T14:00:00.000,subway,611,"Times Sq-42 St (N,Q,R,W,S,1,2,3,7)/42 St (A,C,E)",Manhattan,metrocard,Metrocard - Unlimited 7-Day,648.0,0.0
2022-11-28T21:00:00.000,subway,619,"Broadway-Lafayette St (B,D,F,M)/Bleecker St (6)",Manhattan,omny,OMNY - Other,2.0,0.0
2022-11-28T00:00:00.000,subway,602,"14 St-Union Sq (L,N,Q,R,W,4,5,6)",Manhattan,metrocard,Metrocard - Fair Fare,13.0,1.0
2022-11-28T23:00:00.000,subway,605,"168 St (A,C,1)",Manhattan,metrocard,Metrocard - Fair Fare,7.0,0.0
2022-11-28T22:00:00.000,subway,8,"5 Av/59 St (N,R,W)",Manhattan,metrocard,Metrocard - Fair Fare,13.0,0.0
2022-05-31T19:00:00.000,subway,397,"86 St (4,5,6)",Manhattan,metrocard,Metrocard - Unlimited 30-Day,262.0,0.0
2022-05-31T04:00:00.000,subway,398,77 St (6),Manhattan,metrocard,Metrocard - Unlimited 30-Day,4.0,0.0
2022-05-31T10:00:00.000,subway,403,33 St (6),Manhattan,metrocard,Metrocard - Unlimited 30-Day,58.0,0.0
2022-11-28T21:00:00.000,subway,614,"59 St-Columbus Circle (A,B,C,D,1)",Manhattan,metrocard,Metrocard - Unlimited 30-Day,183.0,0.0
2022-11-28T08:00:00.000,subway,309,103 St (1),Manhattan,metrocard,Metrocard - Unlimited 7-Day,88.0,0.0
2022-11-28T17:00:00.000,subway,476,86 St (Q),Manhattan,metrocard,Metrocard - Seniors & Disability,55.0,6.0
2022-11-28T09:00:00.000,subway,601,"14 St (F,M,1,2,3)/6 Av (L)",Manhattan,metrocard,Metrocard - Unlimited 7-Day,64.0,0.0
2022-11-28T05:00:00.000,subway,602,"14 St-Union Sq (L,N,Q,R,W,4,5,6)",Manhattan,metrocard,Metrocard - Fair Fare,6.0,0.0
2022-11-28T22:00:00.000,subway,614,"59 St-Columbus Circle (A,B,C,D,1)",Manhattan,omny,OMNY - Full Fare,559.0,1.0
2022-11-28T01:00:00.000,subway,602,"14 St-Union Sq (L,N,Q,R,W,4,5,6)",Manhattan,omny,OMNY - Full Fare,36.0,0.0
2022-05-31T19:00:00.000,subway,395,103 St (6),Manhattan,metrocard,Metrocard - Other,15.0,0.0
2022-11-28T13:00:00.000,subway,611,"Times Sq-42 St (N,Q,R,W,S,1,2,3,7)/42 St (A,C,E)",Manhattan,metrocard,Metrocard - Unlimited 30-Day,334.0,0.0
2022-11-28T06:00:00.000,subway,609,"Bryant Pk (B,D,F,M)/5 Av (7)",Manhattan,omny,OMNY - Full Fare,69.0,17.0
2022-11-28T18:00:00.000,subway,602,"14 St-Union Sq (L,N,Q,R,W,4,5,6)",Manhattan,omny,OMNY - Full Fare,2889.0,31.0
2022-05-31T05:00:00.000,subway,395,103 St (6),Manhattan,metrocard,Metrocard - Fair Fare,5.0,0.0
2022-11-28T03:00:00.000,subway,612,"Lexington Av-53 St (E,M)/51 St (6)",Manhattan,omny,OMNY - Full Fare,2.0,0.0
2022-11-28T17:00:00.000,subway,611,"Times Sq-42 St (N,Q,R,W,S,1,2,3,7)/42 St (A,C,E)",Manhattan,omny,OMNY - Other,1.0,0.0
2022-05-31T21:00:00.000,subway,396,96 St (6),Manhattan,metrocard,Metrocard - Fair Fare,7.0,0.0
2022-11-28T05:00:00.000,subway,8,"5 Av/59 St (N,R,W)",Manhattan,metrocard,Metrocard - Unlimited 7-Day,2.0,0.0
2022-11-28T10:00:00.000,subway,610,"Grand Central-42 St (S,4,5,6,7)",Manhattan,metrocard,Metrocard - Unlimited 7-Day,302.0,0.0
2022-11-28T10:00:00.000,subway,618,"14 St (A,C,E)/8 Av (L)",Manhattan,metrocard,Metrocard - Full Fare,113.0,2.0
2022-11-28T23:00:00.000,subway,476,86 St (Q),Manhattan,omny,OMNY - Full Fare,37.0,0.0
2022-05-31T05:00:00.000,subway,399,68 St-Hunter College (6),Manhattan,omny,OMNY - Full Fare,5.0,0.0
2022-11-28T06:00:00.000,subway,612,"Lexington Av-53 St (E,M)/51 St (6)",Manhattan,metrocard,Metrocard - Unlimited 7-Day,28.0,0.0
2022-11-28T19:00:00.000,subway,601,"14 St (F,M,1,2,3)/6 Av (L)",Manhattan,omny,OMNY - Full Fare,841.0,9.0
2022-11-28T12:00:00.000,subway,476,86 St (Q),Manhattan,metrocard,Metrocard - Other,21.0,0.0
2022-11-28T16:00:00.000,subway,610,"Grand Central-42 St (S,4,5,6,7)",Manhattan,metrocard,Metrocard - Full Fare,2148.0,17.0
2022-11-28T16:00:00.000,subway,8,"5 Av/59 St (N,R,W)",Manhattan,metrocard,Metrocard - Seniors & Disability,42.0,2.0
2022-11-28T13:00:00.000,subway,605,"168 St (A,C,1)",Manhattan,metrocard,Metrocard - Other,39.0,1.0
2022-11-28T11:00:00.000,subway,477,72 St (Q),Manhattan,metrocard,Metrocard - Unlimited 7-Day,25.0,0.0
2022-11-28T16:00:00.000,subway,610,"Grand Central-42 St (S,4,5,6,7)",Manhattan,omny,OMNY - Seniors & Disability,5.0,0.0
2022-11-28T06:00:00.000,subway,619,"Broadway-Lafayette St (B,D,F,M)/Bleecker St (6)",Manhattan,metrocard,Metrocard - Seniors & Disability,5.0,0.0
2022-05-31T07:00:00.000,subway,394,110 St (6),Manhattan,metrocard,Metrocard - Full Fare,112.0,0.0
2022-11-28T14:00:00.000,subway,475,96 St (Q),Manhattan,metrocard,Metrocard - Unlimited 30-Day,68.0,0.0
2022-05-31T02:00:00.000,subway,394,110 St (6),Manhattan,metrocard,Metrocard - Other,2.0,0.0
2022-05-31T14:00:00.000,subway,396,96 St (6),Manhattan,omny,OMNY - Full Fare,166.0,5.0
2022-11-28T20:00:00.000,subway,612,"Lexington Av-53 St (E,M)/51 St (6)",Manhattan,omny,OMNY - Full Fare,616.0,12.0
2022-11-28T17:00:00.000,subway,9,"57 St-7 Av (N,Q,R,W)",Manhattan,metrocard,Metrocard - Other,132.0,1.0
2022-05-31T09:00:00.000,subway,395,103 St (6),Manhattan,metrocard,Metrocard - Unlimited 7-Day,45.0,0.0
2022-11-28T09:00:00.000,subway,477,72 St (Q),Manhattan,metrocard,Metrocard - Full Fare,183.0,3.0
2022-05-31T09:00:00.000,subway,404,28 St (6),Manhattan,metrocard,Metrocard - Seniors & Disability,14.0,0.0
2022-11-28T14:00:00.000,subway,609,"Bryant Pk (B,D,F,M)/5 Av (7)",Manhattan,metrocard,Metrocard - Unlimited 30-Day,145.0,0.0
2022-05-31T18:00:00.000,subway,398,77 St (6),Manhattan,metrocard,Metrocard - Seniors & Disability,52.0,9.0
2022-11-28T18:00:00.000,subway,612,"Lexington Av-53 St (E,M)/51 St (6)",Manhattan,omny,OMNY - Full Fare,2477.0,11.0
2022-05-31T01:00:00.000,subway,398,77 St (6),Manhattan,metrocard,Metrocard - Other,1.0,0.0
2022-11-28T18:00:00.000,subway,601,"14 St (F,M,1,2,3)/6 Av (L)",Manhattan,metrocard,Metrocard - Other,99.0,1.0
2022-11-28T01:00:00.000,subway,612,"Lexington Av-53 St (E,M)/51 St (6)",Manhattan,metrocard,Metrocard - Full Fare,5.0,0.0
2022-11-28T01:00:00.000,subway,618,"14 St (A,C,E)/8 Av (L)",Manhattan,metrocard,Metrocard - Other,3.0,0.0
2022-05-31T15:00:00.000,subway,399,68 St-Hunter College (6),Manhattan,omny,OMNY - Full Fare,359.0,17.0
2022-11-28T10:00:00.000,subway,614,"59 St-Columbus Circle (A,B,C,D,1)",Manhattan,metrocard,Metrocard - Full Fare,287.0,8.0
2022-11-28T09:00:00.000,subway,605,"168 St (A,C,1)",Manhattan,metrocard,Metrocard - Unlimited 30-Day,85.0,0.0
2022-11-28T23:00:00.000,subway,611,"Times Sq-42 St (N,Q,R,W,S,1,2,3,7)/42 St (A,C,E)",Manhattan,metrocard,Metrocard - Full Fare,425.0,6.0
2022-11-28T17:00:00.000,subway,309,103 St (1),Manhattan,metrocard,Metrocard - Students,29.0,0.0
2022-11-28T14:00:00.000,subway,309,103 St (1),Manhattan,metrocard,Metrocard - Other,15.0,0.0
2022-05-31T21:00:00.000,subway,398,77 St (6),Manhattan,metrocard,Metrocard - Unlimited 30-Day,63.0,0.0
2022-11-28T15:00:00.000,subway,609,"Bryant Pk (B,D,F,M)/5 Av (7)",Manhattan,omny,OMNY - Seniors & Disability,2.0,0.0
2022-11-28T05:00:00.000,subway,609,"Bryant Pk (B,D,F,M)/5 Av (7)",Manhattan,metrocard,Metrocard - Unlimited 7-Day,15.0,0.0
2022-05-31T02:00:00.000,subway,399,68 St-Hunter College (6),Manhattan,metrocard,Metrocard - Other,1.0,0.0
2022-11-28T23:00:00.000,subway,309,103 St (1),Manhattan,metrocard,Metrocard - Unlimited 7-Day,15.0,0.0
2022-05-31T06:00:00.000,subway,399,68 St-Hunter College (6),Manhattan,metrocard,Metrocard - Students,1.0,0.0
2022-11-28T08:00:00.000,subway,609,"Bryant Pk (B,D,F,M)/5 Av (7)",Manhattan,metrocard,Metrocard - Fair Fare,11.0,1.0
2022-11-28T13:00:00.000,subway,8,"5 Av/59 St (N,R,W)",Manhattan,metrocard,Metrocard - Unlimited 30-Day,42.0,0.0
2022-05-31T10:00:00.000,subway,394,110 St (6),Manhattan,metrocard,Metrocard - Seniors & Disability,19.0,0.0
2022-11-28T14:00:00.000,subway,9,"57 St-7 Av (N,Q,R,W)",Manhattan,omny,OMNY - Full Fare,416.0,10.0
2022-11-28T08:00:00.000,subway,308,Cathedral Pkwy (110 St) (1),Manhattan,metrocard,Metrocard - Fair Fare,20.0,1.0
2022-11-28T18:00:00.000,subway,612,"Lexington Av-53 St (E,M)/51 St (6)",Manhattan,metrocard,Metrocard - Unlimited 30-Day,451.0,0.0
2022-11-28T18:00:00.000,subway,308,Cathedral Pkwy (110 St) (1),Manhattan,metrocard,Metrocard - Fair Fare,17.0,2.0
2022-11-28T06:00:00.000,subway,618,"14 St (A,C,E)/8 Av (L)",Manhattan,metrocard,Metrocard - Unlimited 7-Day,27.0,0.0
2022-11-28T11:00:00.000,subway,308,Cathedral Pkwy (110 St) (1),Manhattan,metrocard,Metrocard - Unlimited 7-Day,27.0,0.0
2022-11-28T20:00:00.000,subway,611,"Times Sq-42 St (N,Q,R,W,S,1,2,3,7)/42 St (A,C,E)",Manhattan,metrocard,Metrocard - Seniors & Disability,89.0,0.0
2022-11-28T11:00:00.000,subway,611,"Times Sq-42 St (N,Q,R,W,S,1,2,3,7)/42 St (A,C,E)",Manhattan,omny,OMNY - Seniors & Disability,4.0,0.0
2022-11-28T01:00:00.000,subway,610,"Grand Central-42 St (S,4,5,6,7)",Manhattan,metrocard,Metrocard - Full Fare,16.0,1.0
2022-05-31T08:00:00.000,subway,395,103 St (6),Manhattan,omny,OMNY - Full Fare,226.0,4.0
2022-11-28T12:00:00.000,subway,613,"Lexington Av (N,R,W)/59 St (4,5,6)",Manhattan,metrocard,Metrocard - Seniors & Disability,92.0,23.0
2022-05-31T07:00:00.000,subway,403,33 St (6),Manhattan,omny,OMNY - Full Fare,283.0,28.0
2022-11-28T03:00:00.000,subway,602,"14 St-Union Sq (L,N,Q,R,W,4,5,6)",Manhattan,metrocard,Metrocard - Seniors & Disability,1.0,0.0
2022-11-28T18:00:00.000,subway,619,"Broadway-Lafayette St (B,D,F,M)/Bleecker St (6)",Manhattan,metrocard,Metrocard - Full Fare,376.0,2.0
2022-11-28T19:00:00.000,subway,610,"Grand Central-42 St (S,4,5,6,7)",Manhattan,metrocard,Metrocard - Fair Fare,66.0,0.0
2022-05-31T07:00:00.000,subway,396,96 St (6),Manhattan,metrocard,Metrocard - Students,58.0,4.0
2022-11-28T19:00:00.000,subway,9,"57 St-7 Av (N,Q,R,W)",Manhattan,metrocard,Metrocard - Unlimited 7-Day,107.0,0.0
2022-11-28T19:00:00.000,subway,607,"34 St-Herald Sq (B,D,F,M,N,Q,R,W)",Manhattan,omny,OMNY - Full Fare,1972.0,17.0
2022-11-28T21:00:00.000,subway,475,96 St (Q),Manhattan,metrocard,Metrocard - Unlimited 30-Day,21.0,0.0
2022-05-31T22:00:00.000,subway,395,103 St (6),Manhattan,metrocard,Metrocard - Full Fare,18.0,0.0
2022-11-28T12:00:00.000,subway,309,103 St (1),Manhattan,metrocard,Metrocard - Students,3.0,0.0
2022-11-28T04:00:00.000,subway,308,Cathedral Pkwy (110 St) (1),Manhattan,metrocard,Metrocard - Other,1.0,0.0
2022-05-31T15:00:00.000,subway,398,77 St (6),Manhattan,metrocard,Metrocard - Full Fare,700.0,14.0
2022-11-28T16:00:00.000,subway,614,"59 St-Columbus Circle (A,B,C,D,1)",Manhattan,metrocard,Metrocard - Students,469.0,17.0
2022-05-31T22:00:00.000,subway,404,28 St (6),Manhattan,metrocard,Metrocard - Fair Fare,13.0,0.0
2022-11-28T05:00:00.000,subway,476,86 St (Q),Manhattan,metrocard,Metrocard - Students,1.0,0.0
2022-11-28T07:00:00.000,subway,611,"Times Sq-42 St (N,Q,R,W,S,1,2,3,7)/42 St (A,C,E)",Manhattan,metrocard,Metrocard - Seniors & Disability,216.0,5.0
2022-11-28T22:00:00.000,subway,607,"34 St-Herald Sq (B,D,F,M,N,Q,R,W)",Manhattan,metrocard,Metrocard - Unlimited 30-Day,179.0,0.0
2022-11-28T23:00:00.000,subway,618,"14 St (A,C,E)/8 Av (L)",Manhattan,metrocard,Metrocard - Other,18.0,0.0
2022-05-31T15:00:00.000,subway,395,103 St (6),Manhattan,metrocard,Metrocard - Seniors & Disability,32.0,1.0
2022-05-31T10:00:00.000,subway,397,"86 St (4,5,6)",Manhattan,metrocard,Metrocard - Unlimited 30-Day,89.0,0.0
2022-05-31T21:00:00.000,subway,396,96 St (6),Manhattan,metrocard,Metrocard - Unlimited 7-Day,25.0,0.0
2022-05-31T17:00:00.000,subway,403,33 St (6),Manhattan,metrocard,Metrocard - Other,122.0,0.0
2022-11-28T15:00:00.000,subway,476,86 St (Q),Manhattan,metrocard,Metrocard - Students,79.0,1.0
2022-11-28T16:00:00.000,subway,612,"Lexington Av-53 St (E,M)/51 St (6)",Manhattan,metrocard,Metrocard - Full Fare,1124.0,7.0
2022-11-28T08:00:00.000,subway,477,72 St (Q),Manhattan,omny,OMNY - Full Fare,938.0,11.0
2022-11-28T20:00:00.000,subway,308,Cathedral Pkwy (110 St) (1),Manhattan,omny,OMNY - Full Fare,130.0,3.0
2022-05-31T04:00:00.000,subway,397,"86 St (4,5,6)",Manhattan,metrocard,Metrocard - Unlimited 30-Day,4.0,0.0
2022-05-31T04:00:00.000,subway,397,"86 St (4,5,6)",Manhattan,metrocard,Metrocard - Other,2.0,0.0
2022-11-28T20:00:00.000,subway,471,34 St-Hudson Yards (7),Manhattan,metrocard,Metrocard - Other,24.0,0.0
2022-11-28T02:00:00.000,subway,477,72 St (Q),Manhattan,metrocard,Metrocard - Other,1.0,0.0
2022-05-31T19:00:00.000,subway,394,110 St (6),Manhattan,metrocard,Metrocard - Seniors & Disability,11.0,1.0
2022-11-28T13:00:00.000,subway,475,96 St (Q),Manhattan,omny,OMNY - Full Fare,159.0,9.0
2022-11-28T19:00:00.000,subway,618,"14 St (A,C,E)/8 Av (L)",Manhattan,metrocard,Metrocard - Students,28.0,0.0
2022-11-28T18:00:00.000,subway,609,"Bryant Pk (B,D,F,M)/5 Av (7)",Manhattan,metrocard,Metrocard - Unlimited 7-Day,340.0,0.0
2022-11-28T23:00:00.000,subway,9,"57 St-7 Av (N,Q,R,W)",Manhattan,metrocard,Metrocard - Other,24.0,0.0
2022-05-31T03:00:00.000,subway,403,33 St (6),Manhattan,metrocard,Metrocard - Full Fare,4.0,0.0
2022-05-31T20:00:00.000,subway,399,68 St-Hunter College (6),Manhattan,omny,OMNY - Full Fare,186.0,8.0
2022-11-28T10:00:00.000,subway,611,"Times Sq-42 St (N,Q,R,W,S,1,2,3,7)/42 St (A,C,E)",Manhattan,omny,OMNY - Full Fare,1664.0,28.0
2022-11-28T08:00:00.000,subway,309,103 St (1),Manhattan,metrocard,Metrocard - Seniors & Disability,58.0,2.0
2022-11-28T18:00:00.000,subway,307,116 St-Columbia University (1),Manhattan,omny,OMNY - Seniors & Disability,1.0,0.0
2022-11-28T12:00:00.000,subway,476,86 St (Q),Manhattan,omny,OMNY - Full Fare,223.0,5.0
2022-11-28T12:00:00.000,subway,308,Cathedral Pkwy (110 St) (1),Manhattan,metrocard,Metrocard - Unlimited 30-Day,33.0,0.0
2022-11-28T18:00:00.000,subway,619,"Broadway-Lafayette St (B,D,F,M)/Bleecker St (6)",Manhattan,metrocard,Metrocard - Unlimited 7-Day,201.0,0.0
2022-11-28T22:00:00.000,subway,602,"14 St-Union Sq (L,N,Q,R,W,4,5,6)",Manhattan,omny,OMNY - Seniors & Disability,1.0,1.0
2022-11-28T00:00:00.000,subway,607,"34 St-Herald Sq (B,D,F,M,N,Q,R,W)",Manhattan,metrocard,Metrocard - Seniors & Disability,9.0,0.0
2022-05-31T23:00:00.000,subway,404,28 St (6),Manhattan,metrocard,Metrocard - Fair Fare,7.0,0.0
2022-11-28T16:00:00.000,subway,308,Cathedral Pkwy (110 St) (1),Manhattan,metrocard,Metrocard - Unlimited 7-Day,88.0,0.0
2022-05-31T14:00:00.000,subway,404,28 St (6),Manhattan,metrocard,Metrocard - Unlimited 30-Day,68.0,0.0
2022-05-31T14:00:00.000,subway,395,103 St (6),Manhattan,metrocard,Metrocard - Other,22.0,0.0
2022-11-28T10:00:00.000,subway,476,86 St (Q),Manhattan,omny,OMNY - Full Fare,331.0,10.0
2022-05-31T05:00:00.000,subway,405,23 St (6),Manhattan,metrocard,Metrocard - Full Fare,8.0,4.0
2022-11-28T02:00:00.000,subway,614,"59 St-Columbus Circle (A,B,C,D,1)",Manhattan,metrocard,Metrocard - Unlimited 7-Day,8.0,0.0
2022-11-28T15:00:00.000,subway,613,"Lexington Av (N,R,W)/59 St (4,5,6)",Manhattan,metrocard,Metrocard - Unlimited 30-Day,275.0,0.0
2022-11-28T14:00:00.000,subway,610,"Grand Central-42 St (S,4,5,6,7)",Manhattan,metrocard,Metrocard - Fair Fare,90.0,0.0
2022-11-28T20:00:00.000,subway,475,96 St (Q),Manhattan,omny,OMNY - Seniors & Disability,1.0,0.0
2022-11-28T10:00:00.000,subway,619,"Broadway-Lafayette St (B,D,F,M)/Bleecker St (6)",Manhattan,omny,OMNY - Full Fare,264.0,3.0
2022-05-31T08:00:00.000,subway,394,110 St (6),Manhattan,metrocard,Metrocard - Full Fare,160.0,0.0
2022-05-31T17:00:00.000,subway,397,"86 St (4,5,6)",Manhattan,metrocard,Metrocard - Seniors & Disability,93.0,16.0
2022-11-28T13:00:00.000,subway,308,Cathedral Pkwy (110 St) (1),Manhattan,metrocard,Metrocard - Fair Fare,17.0,0.0
2022-11-28T18:00:00.000,subway,610,"Grand Central-42 St (S,4,5,6,7)",Manhattan,omny,OMNY - Full Fare,5068.0,10.0
2022-11-28T10:00:00.000,subway,605,"168 St (A,C,1)",Manhattan,omny,OMNY - Full Fare,251.0,3.0
2022-11-28T09:00:00.000,subway,475,96 St (Q),Manhattan,metrocard,Metrocard - Full Fare,152.0,10.0
2022-11-28T00:00:00.000,subway,476,86 St (Q),Manhattan,metrocard,Metrocard - Full Fare,4.0,0.0
2022-11-28T11:00:00.000,subway,614,"59 St-Columbus Circle (A,B,C,D,1)",Manhattan,metrocard,Metrocard - Other,72.0,0.0
2022-11-28T11:00:00.000,subway,602,"14 St-Union Sq (L,N,Q,R,W,4,5,6)",Manhattan,omny,OMNY - Seniors & Disability,2.0,0.0
2022-11-28T12:00:00.000,subway,471,34 St-Hudson Yards (7),Manhattan,metrocard,Metrocard - Full Fare,138.0,1.0
2022-11-28T19:00:00.000,subway,9,"57 St-7 Av (N,Q,R,W)",Manhattan,metrocard,Metrocard - Full Fare,256.0,6.0
2022-11-28T16:00:00.000,subway,611,"Times Sq-42 St (N,Q,R,W,S,1,2,3,7)/42 St (A,C,E)",Manhattan,omny,OMNY - Seniors & Disability,6.0,0.0
2022-11-28T21:00:00.000,subway,476,86 St (Q),Manhattan,metrocard,Metrocard - Unlimited 30-Day,53.0,0.0
2022-11-28T08:00:00.000,subway,477,72 St (Q),Manhattan,metrocard,Metrocard - Other,70.0,0.0
2022-11-28T12:00:00.000,subway,471,34 St-Hudson Yards (7),Manhattan,omny,OMNY - Full Fare,209.0,2.0
2022-11-28T10:00:00.000,subway,614,"59 St-Columbus Circle (A,B,C,D,1)",Manhattan,metrocard,Metrocard - Seniors & Disability,90.0,9.0
2022-11-28T00:00:00.000,subway,601,"14 St (F,M,1,2,3)/6 Av (L)",Manhattan,metrocard,Metrocard - Unlimited 30-Day,16.0,0.0
2022-05-31T20:00:00.000,subway,398,77 St (6),Manhattan,metrocard,Metrocard - Unlimited 7-Day,68.0,0.0
2022-11-28T06:00:00.000,subway,308,Cathedral Pkwy (110 St) (1),Manhattan,metrocard,Metrocard - Seniors & Disability,13.0,0.0
2022-11-28T09:00:00.000,subway,477,72 St (Q),Manhattan,metrocard,Metrocard - Unlimited 30-Day,93.0,0.0
2022-11-28T00:00:00.000,subway,471,34 St-Hudson Yards (7),Manhattan,metrocard,Metrocard - Fair Fare,2.0,0.0
2022-05-31T16:00:00.000,subway,395,103 St (6),Manhattan,metrocard,Metrocard - Unlimited 30-Day,103.0,0.0
2022-11-28T10:00:00.000,subway,601,"14 St (F,M,1,2,3)/6 Av (L)",Manhattan,metrocard,Metrocard - Full Fare,153.0,2.0
2022-11-28T19:00:00.000,subway,477,72 St (Q),Manhattan,metrocard,Metrocard - Unlimited 30-Day,205.0,0.0
2022-11-28T19:00:00.000,subway,605,"168 St (A,C,1)",Manhattan,metrocard,Metrocard - Unlimited 7-Day,53.0,0.0
2022-11-28T17:00:00.000,subway,9,"57 St-7 Av (N,Q,R,W)",Manhattan,omny,OMNY - Seniors & Disability,1.0,0.0
2022-11-28T22:00:00.000,subway,610,"Grand Central-42 St (S,4,5,6,7)",Manhattan,metrocard,Metrocard - Full Fare,305.0,3.0
2022-11-28T04:00:00.000,subway,309,103 St (1),Manhattan,metrocard,Metrocard - Full Fare,4.0,0.0
2022-11-28T19:00:00.000,subway,9,"57 St-7 Av (N,Q,R,W)",Manhattan,metrocard,Metrocard - Seniors & Disability,38.0,6.0
2022-05-31T23:00:00.000,subway,394,110 St (6),Manhattan,metrocard,Metrocard - Unlimited 7-Day,7.0,0.0
2022-05-31T13:00:00.000,subway,399,68 St-Hunter College (6),Manhattan,metrocard,Metrocard - Students,35.0,2.0
2022-11-28T01:00:00.000,subway,618,"14 St (A,C,E)/8 Av (L)",Manhattan,metrocard,Metrocard - Full Fare,15.0,0.0
2022-05-31T06:00:00.000,subway,403,33 St (6),Manhattan,metrocard,Metrocard - Unlimited 7-Day,15.0,0.0
2022-05-31T10:00:00.000,subway,398,77 St (6),Manhattan,metrocard,Metrocard - Full Fare,139.0,5.0
2022-11-28T19:00:00.000,subway,477,72 St (Q),Manhattan,metrocard,Metrocard - Unlimited 7-Day,69.0,0.0
2022-11-28T06:00:00.000,subway,309,103 St (1),Manhattan,metrocard,Metrocard - Other,10.0,0.0
2022-05-31T04:00:00.000,subway,396,96 St (6),Manhattan,metrocard,Metrocard - Unlimited 7-Day,2.0,0.0
2022-11-28T10:00:00.000,subway,602,"14 St-Union Sq (L,N,Q,R,W,4,5,6)",Manhattan,metrocard,Metrocard - Fair Fare,46.0,5.0
2022-11-28T15:00:00.000,subway,611,"Times Sq-42 St (N,Q,R,W,S,1,2,3,7)/42 St (A,C,E)",Manhattan,omny,OMNY - Full Fare,2050.0,17.0
2022-11-28T20:00:00.000,subway,607,"34 St-Herald Sq (B,D,F,M,N,Q,R,W)",Manhattan,metrocard,Metrocard - Unlimited 7-Day,489.0,0.0
2022-11-28T16:00:00.000,subway,9,"57 St-7 Av (N,Q,R,W)",Manhattan,metrocard,Metrocard - Students,80.0,8.0
2022-05-31T11:00:00.000,subway,397,"86 St (4,5,6)",Manhattan,metrocard,Metrocard - Seniors & Disability,80.0,17.0
2022-11-28T19:00:00.000,subway,609,"Bryant Pk (B,D,F,M)/5 Av (7)",Manhattan,metrocard,Metrocard - Seniors & Disability,28.0,1.0
2022-11-28T19:00:00.000,subway,619,"Broadway-Lafayette St (B,D,F,M)/Bleecker St (6)",Manhattan,metrocard,Metrocard - Students,24.0,0.0
2022-11-28T07:00:00.000,subway,475,96 St (Q),Manhattan,metrocard,Metrocard - Unlimited 7-Day,59.0,0.0
2022-11-28T02:00:00.000,subway,607,"34 St-Herald Sq (B,D,F,M,N,Q,R,W)",Manhattan,metrocard,Metrocard - Full Fare,16.0,1.0
2022-11-28T08:00:00.000,subway,308,Cathedral Pkwy (110 St) (1),Manhattan,omny,OMNY - Seniors & Disability,1.0,0.0
2022-05-31T07:00:00.000,subway,403,33 St (6),Manhattan,metrocard,Metrocard - Other,34.0,5.0
2022-05-31T12:00:00.000,subway,399,68 St-Hunter College (6),Manhattan,metrocard,Metrocard - Unlimited 30-Day,72.0,0.0
2022-11-28T21:00:00.000,subway,308,Cathedral Pkwy (110 St) (1),Manhattan,metrocard,Metrocard - Full Fare,37.0,0.0
2022-11-28T06:00:00.000,subway,476,86 St (Q),Manhattan,omny,OMNY - Full Fare,158.0,2.0
2022-11-28T09:00:00.000,subway,601,"14 St (F,M,1,2,3)/6 Av (L)",Manhattan,omny,OMNY - Full Fare,597.0,17.0
2022-05-31T01:00:00.000,subway,396,96 St (6),Manhattan,metrocard,Metrocard - Fair Fare,1.0,0.0
2022-11-28T14:00:00.000,subway,607,"34 St-Herald Sq (B,D,F,M,N,Q,R,W)",Manhattan,metrocard,Metrocard - Fair Fare,109.0,4.0
2022-11-28T14:00:00.000,subway,618,"14 St (A,C,E)/8 Av (L)",Manhattan,omny,OMNY - Full Fare,638.0,1.0
2022-05-31T16:00:00.000,subway,403,33 St (6),Manhattan,omny,OMNY - Full Fare,549.0,3.0
2022-11-28T10:00:00.000,subway,614,"59 St-Columbus Circle (A,B,C,D,1)",Manhattan,omny,OMNY - Full Fare,631.0,8.0
2022-11-28T13:00:00.000,subway,471,34 St-Hudson Yards (7),Manhattan,metrocard,Metrocard - Students,9.0,0.0
2022-11-28T02:00:00.000,subway,602,"14 St-Union Sq (L,N,Q,R,W,4,5,6)",Manhattan,metrocard,Metrocard - Unlimited 30-Day,6.0,0.0
2022-05-31T16:00:00.000,subway,399,68 St-Hunter College (6),Manhattan,metrocard,Metrocard - Students,80.0,18.0
2022-05-31T12:00:00.000,subway,395,103 St (6),Manhattan,metrocard,Metrocard - Students,22.0,0.0
2022-11-28T12:00:00.000,subway,8,"5 Av/59 St (N,R,W)",Manhattan,metrocard,Metrocard - Other,8.0,0.0
2022-05-31T10:00:00.000,subway,399,68 St-Hunter College (6),Manhattan,metrocard,Metrocard - Students,49.0,2.0
2022-11-28T05:00:00.000,subway,613,"Lexington Av (N,R,W)/59 St (4,5,6)",Manhattan,metrocard,Metrocard - Full Fare,21.0,14.0
2022-11-28T15:00:00.000,subway,602,"14 St-Union Sq (L,N,Q,R,W,4,5,6)",Manhattan,metrocard,Metrocard - Unlimited 30-Day,500.0,0.0
2022-05-31T06:00:00.000,subway,403,33 St (6),Manhattan,metrocard,Metrocard - Seniors & Disability,5.0,0.0
2022-11-28T11:00:00.000,subway,471,34 St-Hudson Yards (7),Manhattan,metrocard,Metrocard - Fair Fare,13.0,0.0
2022-11-28T17:00:00.000,subway,475,96 St (Q),Manhattan,metrocard,Metrocard - Fair Fare,29.0,0.0
2022-11-28T13:00:00.000,subway,476,86 St (Q),Manhattan,metrocard,Metrocard - Students,7.0,2.0
2022-11-28T18:00:00.000,subway,602,"14 St-Union Sq (L,N,Q,R,W,4,5,6)",Manhattan,metrocard,Metrocard - Full Fare,989.0,16.0
2022-11-28T22:00:00.000,subway,471,34 St-Hudson Yards (7),Manhattan,metrocard,Metrocard - Full Fare,58.0,0.0
2022-11-28T07:00:00.000,subway,475,96 St (Q),Manhattan,metrocard,Metrocard - Seniors & Disability,28.0,4.0
2022-05-31T09:00:00.000,subway,396,96 St (6),Manhattan,metrocard,Metrocard - Seniors & Disability,36.0,8.0
2022-05-31T05:00:00.000,subway,394,110 St (6),Manhattan,metrocard,Metrocard - Unlimited 30-Day,18.0,0.0
2022-11-28T13:00:00.000,subway,618,"14 St (A,C,E)/8 Av (L)",Manhattan,metrocard,Metrocard - Seniors & Disability,48.0,1.0
2022-11-28T11:00:00.000,subway,308,Cathedral Pkwy (110 St) (1),Manhattan,metrocard,Metrocard - Seniors & Disability,32.0,1.0
2022-11-28T10:00:00.000,subway,475,96 St (Q),Manhattan,metrocard,Metrocard - Students,28.0,0.0
2022-05-31T16:00:00.000,subway,397,"86 St (4,5,6)",Manhattan,metrocard,Metrocard - Full Fare,976.0,67.0
2022-11-28T03:00:00.000,subway,309,103 St (1),Manhattan,metrocard,Metrocard - Unlimited 7-Day,1.0,0.0
2022-05-31T07:00:00.000,subway,404,28 St (6),Manhattan,metrocard,Metrocard - Other,31.0,0.0
2022-11-28T06:00:00.000,subway,605,"168 St (A,C,1)",Manhattan,metrocard,Metrocard - Fair Fare,27.0,0.0
2022-11-28T00:00:00.000,subway,614,"59 St-Columbus Circle (A,B,C,D,1)",Manhattan,metrocard,Metrocard - Fair Fare,7.0,0.0
2022-11-28T03:00:00.000,subway,605,"168 St (A,C,1)",Manhattan,metrocard,Metrocard - Unlimited 7-Day,8.0,0.0
2022-11-28T10:00:00.000,subway,619,"Broadway-Lafayette St (B,D,F,M)/Bleecker St (6)",Manhattan,metrocard,Metrocard - Unlimited 7-Day,56.0,0.0
2022-11-28T19:00:00.000,subway,476,86 St (Q),Manhattan,metrocard,Metrocard - Other,18.0,1.0
2022-11-28T03:00:00.000,subway,610,"Grand Central-42 St (S,4,5,6,7)",Manhattan,metrocard,Metrocard - Other,5.0,0.0
2022-11-28T16:00:00.000,subway,607,"34 St-Herald Sq (B,D,F,M,N,Q,R,W)",Manhattan,metrocard,Metrocard - Students,227.0,0.0
2022-05-31T12:00:00.000,subway,397,"86 St (4,5,6)",Manhattan,metrocard,Metrocard - Unlimited 7-Day,140.0,0.0
2022-11-28T19:00:00.000,subway,477,72 St (Q),Manhattan,metrocard,Metrocard - Full Fare,232.0,2.0
2022-11-28T09:00:00.000,subway,618,"14 St (A,C,E)/8 Av (L)",Manhattan,metrocard,Metrocard - Unlimited 7-Day,75.0,0.0
2022-11-28T09:00:00.000,subway,611,"Times Sq-42 St (N,Q,R,W,S,1,2,3,7)/42 St (A,C,E)",Manhattan,metrocard,Metrocard - Students,50.0,2.0
2022-11-28T17:00:00.000,subway,601,"14 St (F,M,1,2,3)/6 Av (L)",Manhattan,omny,OMNY - Seniors & Disability,1.0,0.0
2022-11-28T11:00:00.000,subway,475,96 St (Q),Manhattan,metrocard,Metrocard - Unlimited 30-Day,59.0,0.0
2022-05-31T11:00:00.000,subway,397,"86 St (4,5,6)",Manhattan,metrocard,Metrocard - Fair Fare,19.0,0.0
2022-11-28T11:00:00.000,subway,612,"Lexington Av-53 St (E,M)/51 St (6)",Manhattan,metrocard,Metrocard - Full Fare,215.0,4.0
2022-11-28T23:00:00.000,subway,610,"Grand Central-42 St (S,4,5,6,7)",Manhattan,omny,OMNY - Full Fare,337.0,2.0
2022-11-28T13:00:00.000,subway,477,72 St (Q),Manhattan,metrocard,Metrocard - Other,20.0,0.0
2022-11-28T01:00:00.000,subway,611,"Times Sq-42 St (N,Q,R,W,S,1,2,3,7)/42 St (A,C,E)",Manhattan,metrocard,Metrocard - Unlimited 7-Day,78.0,0.0
2022-11-28T12:00:00.000,subway,602,"14 St-Union Sq (L,N,Q,R,W,4,5,6)",Manhattan,metrocard,Metrocard - Seniors & Disability,163.0,17.0
2022-05-31T06:00:00.000,subway,396,96 St (6),Manhattan,metrocard,Metrocard - Other,19.0,0.0
2022-11-28T21:00:00.000,subway,601,"14 St (F,M,1,2,3)/6 Av (L)",Manhattan,metrocard,Metrocard - Full Fare,145.0,0.0
2022-11-28T23:00:00.000,subway,614,"59 St-Columbus Circle (A,B,C,D,1)",Manhattan,metrocard,Metrocard - Full Fare,218.0,6.0
2022-05-31T07:00:00.000,subway,404,28 St (6),Manhattan,metrocard,Metrocard - Full Fare,89.0,0.0
2022-11-28T09:00:00.000,subway,9,"57 St-7 Av (N,Q,R,W)",Manhattan,metrocard,Metrocard - Full Fare,148.0,5.0
2022-05-31T08:00:00.000,subway,398,77 St (6),Manhattan,metrocard,Metrocard - Other,70.0,2.0
2022-05-31T00:00:00.000,subway,398,77 St (6),Manhattan,metrocard,Metrocard - Unlimited 7-Day,21.0,0.0
2022-11-28T12:00:00.000,subway,8,"5 Av/59 St (N,R,W)",Manhattan,metrocard,Metrocard - Students,4.0,0.0
2022-11-28T12:00:00.000,subway,611,"Times Sq-42 St (N,Q,R,W,S,1,2,3,7)/42 St (A,C,E)",Manhattan,metrocard,Metrocard - Other,144.0,0.0
2022-11-28T17:00:00.000,subway,475,96 St (Q),Manhattan,metrocard,Metrocard - Other,57.0,0.0
2022-05-31T21:00:00.000,subway,396,96 St (6),Manhattan,omny,OMNY - Full Fare,71.0,4.0
2022-11-28T06:00:00.000,subway,475,96 St (Q),Manhattan,metrocard,Metrocard - Other,39.0,2.0
2022-11-28T21:00:00.000,subway,612,"Lexington Av-53 St (E,M)/51 St (6)",Manhattan,metrocard,Metrocard - Seniors & Disability,20.0,0.0
2022-05-31T16:00:00.000,subway,399,68 St-Hunter College (6),Manhattan,metrocard,Metrocard - Other,68.0,3.0
2022-05-31T18:00:00.000,subway,404,28 St (6),Manhattan,metrocard,Metrocard - Seniors & Disability,24.0,0.0
2022-11-28T08:00:00.000,subway,601,"14 St (F,M,1,2,3)/6 Av (L)",Manhattan,metrocard,Metrocard - Seniors & Disability,48.0,7.0
2022-11-28T19:00:00.000,subway,619,"Broadway-Lafayette St (B,D,F,M)/Bleecker St (6)",Manhattan,metrocard,Metrocard - Unlimited 30-Day,224.0,0.0
2022-05-31T12:00:00.000,subway,397,"86 St (4,5,6)",Manhattan,metrocard,Metrocard - Other,31.0,3.0
2022-11-28T04:00:00.000,subway,612,"Lexington Av-53 St (E,M)/51 St (6)",Manhattan,metrocard,Metrocard - Other,1.0,0.0
2022-11-28T00:00:00.000,subway,618,"14 St (A,C,E)/8 Av (L)",Manhattan,metrocard,Metrocard - Unlimited 30-Day,19.0,0.0
2022-11-28T08:00:00.000,subway,612,"Lexington Av-53 St (E,M)/51 St (6)",Manhattan,metrocard,Metrocard - Seniors & Disability,28.0,1.0
2022-11-28T08:00:00.000,subway,619,"Broadway-Lafayette St (B,D,F,M)/Bleecker St (6)",Manhattan,metrocard,Metrocard - Students,45.0,1.0
2022-11-28T00:00:00.000,subway,619,"Broadway-Lafayette St (B,D,F,M)/Bleecker St (6)",Manhattan,metrocard,Metrocard - Fair Fare,1.0,0.0
2022-11-28T09:00:00.000,subway,618,"14 St (A,C,E)/8 Av (L)",Manhattan,omny,OMNY - Full Fare,410.0,11.0
2022-11-28T07:00:00.000,subway,613,"Lexington Av (N,R,W)/59 St (4,5,6)",Manhattan,omny,OMNY - Full Fare,299.0,40.0
2022-11-28T19:00:00.000,subway,609,"Bryant Pk (B,D,F,M)/5 Av (7)",Manhattan,metrocard,Metrocard - Students,49.0,1.0
2022-11-28T06:00:00.000,subway,477,72 St (Q),Manhattan,metrocard,Metrocard - Students,5.0,0.0
2022-11-28T06:00:00.000,subway,614,"59 St-Columbus Circle (A,B,C,D,1)",Manhattan,metrocard,Metrocard - Unlimited 30-Day,48.0,0.0
2022-05-31T13:00:00.000,subway,399,68 St-Hunter College (6),Manhattan,metrocard,Metrocard - Fair Fare,24.0,0.0
2022-11-28T15:00:00.000,subway,605,"168 St (A,C,1)",Manhattan,metrocard,Metrocard - Unlimited 30-Day,181.0,0.0
2022-05-31T16:00:00.000,subway,405,23 St (6),Manhattan,metrocard,Metrocard - Fair Fare,45.0,1.0
2022-11-28T06:00:00.000,subway,476,86 St (Q),Manhattan,metrocard,Metrocard - Unlimited 30-Day,42.0,0.0
2022-11-28T17:00:00.000,subway,610,"Grand Central-42 St (S,4,5,6,7)",Manhattan,metrocard,Metrocard - Seniors & Disability,268.0,8.0
2022-11-28T09:00:00.000,subway,476,86 St (Q),Manhattan,metrocard,Metrocard - Seniors & Disability,67.0,5.0
2022-11-28T01:00:00.000,subway,607,"34 St-Herald Sq (B,D,F,M,N,Q,R,W)",Manhattan,metrocard,Metrocard - Unlimited 7-Day,21.0,0.0
2022-11-28T20:00:00.000,subway,8,"5 Av/59 St (N,R,W)",Manhattan,metrocard,Metrocard - Unlimited 7-Day,60.0,0.0
2022-11-28T09:00:00.000,subway,609,"Bryant Pk (B,D,F,M)/5 Av (7)",Manhattan,metrocard,Metrocard - Other,21.0,5.0
2022-11-28T06:00:00.000,subway,612,"Lexington Av-53 St (E,M)/51 St (6)",Manhattan,metrocard,Metrocard - Full Fare,44.0,2.0
2022-05-31T11:00:00.000,subway,396,96 St (6),Manhattan,metrocard,Metrocard - Students,43.0,1.0
2022-11-28T21:00:00.000,subway,602,"14 St-Union Sq (L,N,Q,R,W,4,5,6)",Manhattan,metrocard,Metrocard - Other,78.0,0.0
2022-05-31T02:00:00.000,subway,404,28 St (6),Manhattan,metrocard,Metrocard - Unlimited 7-Day,2.0,0.0
2022-05-31T07:00:00.000,subway,397,"86 St (4,5,6)",Manhattan,metrocard,Metrocard - Students,178.0,11.0
2022-11-28T19:00:00.000,subway,607,"34 St-Herald Sq (B,D,F,M,N,Q,R,W)",Manhattan,metrocard,Metrocard - Other,164.0,3.0
2022-11-28T18:00:00.000,subway,614,"59 St-Columbus Circle (A,B,C,D,1)",Manhattan,metrocard,Metrocard - Full Fare,866.0,26.0
2022-11-28T01:00:00.000,subway,612,"Lexington Av-53 St (E,M)/51 St (6)",Manhattan,metrocard,Metrocard - Unlimited 30-Day,3.0,0.0
2022-11-28T08:00:00.000,subway,476,86 St (Q),Manhattan,metrocard,Metrocard - Fair Fare,9.0,0.0
2022-11-28T08:00:00.000,subway,612,"Lexington Av-53 St (E,M)/51 St (6)",Manhattan,metrocard,Metrocard - Fair Fare,9.0,0.0
2022-11-28T15:00:00.000,subway,619,"Broadway-Lafayette St (B,D,F,M)/Bleecker St (6)",Manhattan,metrocard,Metrocard - Other,53.0,0.0
2022-11-28T06:00:00.000,subway,609,"Bryant Pk (B,D,F,M)/5 Av (7)",Manhattan,metrocard,Metrocard - Seniors & Disability,4.0,1.0
2022-11-28T13:00:00.000,subway,8,"5 Av/59 St (N,R,W)",Manhattan,metrocard,Metrocard - Fair Fare,12.0,0.0
2022-11-28T04:00:00.000,subway,611,"Times Sq-42 St (N,Q,R,W,S,1,2,3,7)/42 St (A,C,E)",Manhattan,metrocard,Metrocard - Full Fare,80.0,1.0
2022-11-28T22:00:00.000,subway,8,"5 Av/59 St (N,R,W)",Manhattan,metrocard,Metrocard - Full Fare,60.0,0.0
2022-11-28T11:00:00.000,subway,477,72 St (Q),Manhattan,metrocard,Metrocard - Students,10.0,0.0
2022-05-31T05:00:00.000,subway,395,103 St (6),Manhattan,metrocard,Metrocard - Full Fare,26.0,0.0
2022-11-28T18:00:00.000,subway,471,34 St-Hudson Yards (7),Manhattan,metrocard,Metrocard - Students,17.0,0.0
2022-05-31T11:00:00.000,subway,403,33 St (6),Manhattan,metrocard,Metrocard - Unlimited 7-Day,61.0,0.0
2022-11-28T08:00:00.000,subway,610,"Grand Central-42 St (S,4,5,6,7)",Manhattan,metrocard,Metrocard - Fair Fare,42.0,2.0
2022-11-28T21:00:00.000,subway,309,103 St (1),Manhattan,metrocard,Metrocard - Unlimited 30-Day,28.0,0.0
2022-11-28T08:00:00.000,subway,602,"14 St-Union Sq (L,N,Q,R,W,4,5,6)",Manhattan,metrocard,Metrocard - Students,116.0,5.0
2022-05-31T13:00:00.000,subway,404,28 St (6),Manhattan,metrocard,Metrocard - Seniors & Disability,25.0,0.0
2022-11-28T13:00:00.000,subway,607,"34 St-Herald Sq (B,D,F,M,N,Q,R,W)",Manhattan,metrocard,Metrocard - Students,73.0,0.0
2022-11-28T03:00:00.000,subway,619,"Broadway-Lafayette St (B,D,F,M)/Bleecker St (6)",Manhattan,metrocard,Metrocard - Unlimited 7-Day,4.0,0.0
2022-11-28T19:00:00.000,subway,476,86 St (Q),Manhattan,metrocard,Metrocard - Unlimited 7-Day,49.0,0.0
2022-11-28T06:00:00.000,subway,475,96 St (Q),Manhattan,metrocard,Metrocard - Unlimited 30-Day,47.0,0.0
2022-05-31T18:00:00.000,subway,397,"86 St (4,5,6)",Manhattan,omny,OMNY - Full Fare,868.0,23.0
2022-05-31T23:00:00.000,subway,399,68 St-Hunter College (6),Manhattan,metrocard,Metrocard - Unlimited 7-Day,42.0,0.0
2022-11-28T20:00:00.000,subway,611,"Times Sq-42 St (N,Q,R,W,S,1,2,3,7)/42 St (A,C,E)",Manhattan,metrocard,Metrocard - Students,66.0,1.0
2022-11-28T10:00:00.000,subway,471,34 St-Hudson Yards (7),Manhattan,metrocard,Metrocard - Unlimited 7-Day,56.0,0.0
2022-05-31T11:00:00.000,subway,399,68 St-Hunter College (6),Manhattan,metrocard,Metrocard - Seniors & Disability,36.0,3.0
2022-11-28T22:00:00.000,subway,8,"5 Av/59 St (N,R,W)",Manhattan,metrocard,Metrocard - Other,14.0,0.0
2022-05-31T03:00:00.000,subway,394,110 St (6),Manhattan,metrocard,Metrocard - Full Fare,1.0,0.0
2022-11-28T18:00:00.000,subway,309,103 St (1),Manhattan,metrocard,Metrocard - Seniors & Disability,27.0,1.0
2022-11-28T21:00:00.000,subway,309,103 St (1),Manhattan,metrocard,Metrocard - Fair Fare,4.0,1.0
2022-11-28T23:00:00.000,subway,609,"Bryant Pk (B,D,F,M)/5 Av (7)",Manhattan,metrocard,Metrocard - Full Fare,79.0,1.0
2022-05-31T16:00:00.000,subway,404,28 St (6),Manhattan,metrocard,Metrocard - Unlimited 7-Day,125.0,0.0
2022-11-28T20:00:00.000,subway,613,"Lexington Av (N,R,W)/59 St (4,5,6)",Manhattan,omny,OMNY - Full Fare,588.0,55.0
2022-11-28T12:00:00.000,subway,610,"Grand Central-42 St (S,4,5,6,7)",Manhattan,metrocard,Metrocard - Full Fare,786.0,8.0
2022-11-28T10:00:00.000,subway,8,"5 Av/59 St (N,R,W)",Manhattan,omny,OMNY - Full Fare,77.0,1.0
2022-11-28T21:00:00.000,subway,605,"168 St (A,C,1)",Manhattan,metrocard,Metrocard - Fair Fare,8.0,1.0
2022-11-28T13:00:00.000,subway,476,86 St (Q),Manhattan,metrocard,Metrocard - Seniors & Disability,55.0,3.0
2022-11-28T07:00:00.000,subway,477,72 St (Q),Manhattan,metrocard,Metrocard - Unlimited 7-Day,28.0,0.0
2022-11-28T00:00:00.000,subway,618,"14 St (A,C,E)/8 Av (L)",Manhattan,metrocard,Metrocard - Fair Fare,9.0,0.0
2022-11-28T21:00:00.000,subway,618,"14 St (A,C,E)/8 Av (L)",Manhattan,metrocard,Metrocard - Fair Fare,21.0,1.0
2022-05-31T12:00:00.000,subway,403,33 St (6),Manhattan,metrocard,Metrocard - Other,23.0,0.0
2022-05-31T15:00:00.000,subway,397,"86 St (4,5,6)",Manhattan,metrocard,Metrocard - Unlimited 30-Day,269.0,0.0
2022-05-31T14:00:00.000,subway,404,28 St (6),Manhattan,metrocard,Metrocard - Students,47.0,0.0
2022-11-28T07:00:00.000,subway,619,"Broadway-Lafayette St (B,D,F,M)/Bleecker St (6)",Manhattan,metrocard,Metrocard - Full Fare,79.0,2.0
2022-05-31T20:00:00.000,subway,395,103 St (6),Manhattan,metrocard,Metrocard - Seniors & Disability,9.0,0.0
2022-11-28T18:00:00.000,subway,618,"14 St (A,C,E)/8 Av (L)",Manhattan,metrocard,Metrocard - Unlimited 30-Day,274.0,0.0
2022-11-28T08:00:00.000,subway,471,34 St-Hudson Yards (7),Manhattan,omny,OMNY - Full Fare,253.0,1.0
2022-11-28T20:00:00.000,subway,476,86 St (Q),Manhattan,metrocard,Metrocard - Full Fare,79.0,1.0
2022-11-28T12:00:00.000,subway,612,"Lexington Av-53 St (E,M)/51 St (6)",Manhattan,metrocard,Metrocard - Unlimited 7-Day,108.0,0.0
2022-11-28T04:00:00.000,subway,476,86 St (Q),Manhattan,metrocard,Metrocard - Unlimited 7-Day,2.0,0.0
2022-05-31T01:00:00.000,subway,397,"86 St (4,5,6)",Manhattan,omny,OMNY - Full Fare,3.0,0.0
2022-11-28T01:00:00.000,subway,609,"Bryant Pk (B,D,F,M)/5 Av (7)",Manhattan,metrocard,Metrocard - Unlimited 30-Day,10.0,0.0
2022-11-28T07:00:00.000,subway,477,72 St (Q),Manhattan,metrocard,Metrocard - Seniors & Disability,29.0,0.0
2022-11-28T14:00:00.000,subway,601,"14 St (F,M,1,2,3)/6 Av (L)",Manhattan,metrocard,Metrocard - Unlimited 7-Day,174.0,0.0
2022-11-28T15:00:00.000,subway,618,"14 St (A,C,E)/8 Av (L)",Manhattan,metrocard,Metrocard - Unlimited 30-Day,232.0,0.0
2022-11-28T01:00:00.000,subway,476,86 St (Q),Manhattan,metrocard,Metrocard - Unlimited 7-Day,3.0,0.0
2022-11-28T03:00:00.000,subway,610,"Grand Central-42 St (S,4,5,6,7)",Manhattan,omny,OMNY - Full Fare,7.0,0.0
2022-11-28T04:00:00.000,subway,475,96 St (Q),Manhattan,metrocard,Metrocard - Unlimited 7-Day,7.0,0.0
2022-05-31T09:00:00.000,subway,399,68 St-Hunter College (6),Manhattan,metrocard,Metrocard - Unlimited 7-Day,30.0,0.0
2022-11-28T10:00:00.000,subway,612,"Lexington Av-53 St (E,M)/51 St (6)",Manhattan,metrocard,Metrocard - Unlimited 7-Day,84.0,0.0
2022-11-28T11:00:00.000,subway,619,"Broadway-Lafayette St (B,D,F,M)/Bleecker St (6)",Manhattan,metrocard,Metrocard - Other,22.0,0.0
2022-11-28T06:00:00.000,subway,618,"14 St (A,C,E)/8 Av (L)",Manhattan,metrocard,Metrocard - Full Fare,55.0,4.0
2022-11-28T13:00:00.000,subway,619,"Broadway-Lafayette St (B,D,F,M)/Bleecker St (6)",Manhattan,omny,OMNY - Seniors & Disability,2.0,0.0
2022-11-28T18:00:00.000,subway,602,"14 St-Union Sq (L,N,Q,R,W,4,5,6)",Manhattan,omny,OMNY - Other,3.0,0.0
2022-11-28T09:00:00.000,subway,476,86 St (Q),Manhattan,omny,OMNY - Seniors & Disability,1.0,0.0
2022-11-28T23:00:00.000,subway,471,34 St-Hudson Yards (7),Manhattan,omny,OMNY - Full Fare,105.0,0.0
2022-05-31T18:00:00.000,subway,404,28 St (6),Manhattan,metrocard,Metrocard - Fair Fare,22.0,0.0
2022-11-28T02:00:00.000,subway,471,34 St-Hudson Yards (7),Manhattan,metrocard,Metrocard - Unlimited 30-Day,3.0,0.0
2022-11-28T05:00:00.000,subway,607,"34 St-Herald Sq (B,D,F,M,N,Q,R,W)",Manhattan,metrocard,Metrocard - Other,15.0,0.0
2022-05-31T14:00:00.000,subway,398,77 St (6),Manhattan,omny,OMNY - Full Fare,343.0,6.0
2022-05-31T23:00:00.000,subway,394,110 St (6),Manhattan,omny,OMNY - Full Fare,9.0,0.0
2022-11-28T10:00:00.000,subway,619,"Broadway-Lafayette St (B,D,F,M)/Bleecker St (6)",Manhattan,metrocard,Metrocard - Seniors & Disability,21.0,2.0
2022-11-28T14:00:00.000,subway,309,103 St (1),Manhattan,metrocard,Metrocard - Unlimited 30-Day,58.0,0.0
2022-11-28T13:00:00.000,subway,609,"Bryant Pk (B,D,F,M)/5 Av (7)",Manhattan,metrocard,Metrocard - Full Fare,306.0,3.0
2022-11-28T05:00:00.000,subway,611,"Times Sq-42 St (N,Q,R,W,S,1,2,3,7)/42 St (A,C,E)",Manhattan,metrocard,Metrocard - Students,7.0,0.0
2022-11-28T06:00:00.000,subway,618,"14 St (A,C,E)/8 Av (L)",Manhattan,metrocard,Metrocard - Other,34.0,0.0
2022-05-31T09:00:00.000,subway,399,68 St-Hunter College (6),Manhattan,metrocard,Metrocard - Fair Fare,8.0,0.0
2022-11-28T15:00:00.000,subway,605,"168 St (A,C,1)",Manhattan,omny,OMNY - Seniors & Disability,1.0,1.0
2022-11-28T04:00:00.000,subway,9,"57 St-7 Av (N,Q,R,W)",Manhattan,metrocard,Metrocard - Other,1.0,0.0
2022-05-31T20:00:00.000,subway,398,77 St (6),Manhattan,metrocard,Metrocard - Other,21.0,1.0
2022-05-31T06:00:00.000,subway,399,68 St-Hunter College (6),Manhattan,metrocard,Metrocard - Unlimited 7-Day,10.0,0.0
2022-11-28T09:00:00.000,subway,601,"14 St (F,M,1,2,3)/6 Av (L)",Manhattan,metrocard,Metrocard - Fair Fare,12.0,1.0
2022-11-28T01:00:00.000,subway,609,"Bryant Pk (B,D,F,M)/5 Av (7)",Manhattan,metrocard,Metrocard - Unlimited 7-Day,18.0,0.0
2022-11-28T07:00:00.000,subway,308,Cathedral Pkwy (110 St) (1),Manhattan,metrocard,Metrocard - Unlimited 7-Day,27.0,0.0
2022-11-28T04:00:00.000,subway,477,72 St (Q),Manhattan,metrocard,Metrocard - Full Fare,4.0,0.0
2022-11-28T16:00:00.000,subway,605,"168 St (A,C,1)",Manhattan,metrocard,Metrocard - Fair Fare,79.0,0.0
2022-05-31T14:00:00.000,subway,404,28 St (6),Manhattan,omny,OMNY - Full Fare,245.0,2.0
2022-11-28T14:00:00.000,subway,612,"Lexington Av-53 St (E,M)/51 St (6)",Manhattan,metrocard,Metrocard - Unlimited 30-Day,178.0,0.0
2022-05-31T21:00:00.000,subway,405,23 St (6),Manhattan,metrocard,Metrocard - Fair Fare,8.0,0.0
2022-05-31T11:00:00.000,subway,396,96 St (6),Manhattan,metrocard,Metrocard - Full Fare,109.0,7.0
2022-05-31T07:00:00.000,subway,399,68 St-Hunter College (6),Manhattan,metrocard,Metrocard - Other,14.0,0.0
2022-05-31T07:00:00.000,subway,395,103 St (6),Manhattan,metrocard,Metrocard - Students,110.0,1.0
2022-11-28T17:00:00.000,subway,8,"5 Av/59 St (N,R,W)",Manhattan,metrocard,Metrocard - Unlimited 7-Day,134.0,0.0
2022-11-28T20:00:00.000,subway,605,"168 St (A,C,1)",Manhattan,metrocard,Metrocard - Full Fare,74.0,1.0
2022-11-28T12:00:00.000,subway,613,"Lexington Av (N,R,W)/59 St (4,5,6)",Manhattan,metrocard,Metrocard - Students,18.0,9.0
2022-11-28T14:00:00.000,subway,612,"Lexington Av-53 St (E,M)/51 St (6)",Manhattan,omny,OMNY - Full Fare,805.0,5.0
2022-11-28T13:00:00.000,subway,605,"168 St (A,C,1)",Manhattan,omny,OMNY - Full Fare,262.0,6.0
2022-11-28T10:00:00.000,subway,9,"57 St-7 Av (N,Q,R,W)",Manhattan,omny,OMNY - Full Fare,250.0,7.0
2022-11-28T10:00:00.000,subway,471,34 St-Hudson Yards (7),Manhattan,metrocard,Metrocard - Seniors & Disability,7.0,0.0
2022-05-31T22:00:00.000,subway,394,110 St (6),Manhattan,omny,OMNY - Full Fare,19.0,0.0
2022-11-28T14:00:00.000,subway,614,"59 St-Columbus Circle (A,B,C,D,1)",Manhattan,metrocard,Metrocard - Full Fare,577.0,10.0
2022-11-28T16:00:00.000,subway,602,"14 St-Union Sq (L,N,Q,R,W,4,5,6)",Manhattan,metrocard,Metrocard - Other,262.0,6.0
2022-11-28T15:00:00.000,subway,614,"59 St-Columbus Circle (A,B,C,D,1)",Manhattan,metrocard,Metrocard - Seniors & Disability,178.0,8.0
2022-11-28T18:00:00.000,subway,607,"34 St-Herald Sq (B,D,F,M,N,Q,R,W)",Manhattan,metrocard,Metrocard - Seniors & Disability,171.0,8.0
2022-05-31T02:00:00.000,subway,403,33 St (6),Manhattan,omny,OMNY - Full Fare,1.0,0.0
2022-05-31T19:00:00.000,subway,396,96 St (6),Manhattan,metrocard,Metrocard - Other,27.0,1.0
2022-11-28T22:00:00.000,subway,609,"Bryant Pk (B,D,F,M)/5 Av (7)",Manhattan,metrocard,Metrocard - Unlimited 7-Day,159.0,0.0
2022-11-28T23:00:00.000,subway,610,"Grand Central-42 St (S,4,5,6,7)",Manhattan,metrocard,Metrocard - Fair Fare,31.0,1.0
2022-11-28T11:00:00.000,subway,601,"14 St (F,M,1,2,3)/6 Av (L)",Manhattan,metrocard,Metrocard - Students,15.0,1.0
2022-05-31T12:00:00.000,subway,395,103 St (6),Manhattan,omny,OMNY - Full Fare,78.0,0.0
2022-11-28T22:00:00.000,subway,605,"168 St (A,C,1)",Manhattan,metrocard,Metrocard - Unlimited 7-Day,31.0,0.0
2022-11-28T06:00:00.000,subway,607,"34 St-Herald Sq (B,D,F,M,N,Q,R,W)",Manhattan,omny,OMNY - Full Fare,426.0,14.0
2022-11-28T17:00:00.000,subway,307,116 St-Columbia University (1),Manhattan,omny,OMNY - Full Fare,877.0,3.0
2022-11-28T08:00:00.000,subway,607,"34 St-Herald Sq (B,D,F,M,N,Q,R,W)",Manhattan,omny,OMNY - Full Fare,1692.0,65.0
2022-05-31T04:00:00.000,subway,395,103 St (6),Manhattan,metrocard,Metrocard - Other,4.0,0.0
2022-05-31T08:00:00.000,subway,397,"86 St (4,5,6)",Manhattan,metrocard,Metrocard - Unlimited 7-Day,103.0,0.0
2022-11-28T23:00:00.000,subway,9,"57 St-7 Av (N,Q,R,W)",Manhattan,metrocard,Metrocard - Fair Fare,14.0,0.0
2022-11-28T16:00:00.000,subway,308,Cathedral Pkwy (110 St) (1),Manhattan,omny,OMNY - Full Fare,289.0,3.0
2022-05-31T11:00:00.000,subway,396,96 St (6),Manhattan,omny,OMNY - Full Fare,115.0,4.0
2022-05-31T15:00:00.000,subway,403,33 St (6),Manhattan,metrocard,Metrocard - Full Fare,398.0,5.0
2022-05-31T05:00:00.000,subway,394,110 St (6),Manhattan,metrocard,Metrocard - Students,1.0,0.0
2022-05-31T06:00:00.000,subway,394,110 St (6),Manhattan,metrocard,Metrocard - Seniors & Disability,5.0,0.0
2022-11-28T10:00:00.000,subway,602,"14 St-Union Sq (L,N,Q,R,W,4,5,6)",Manhattan,metrocard,Metrocard - Seniors & Disability,143.0,18.0
2022-11-28T05:00:00.000,subway,476,86 St (Q),Manhattan,metrocard,Metrocard - Other,5.0,0.0
2022-05-31T03:00:00.000,subway,403,33 St (6),Manhattan,metrocard,Metrocard - Unlimited 30-Day,2.0,0.0
2022-11-28T08:00:00.000,subway,602,"14 St-Union Sq (L,N,Q,R,W,4,5,6)",Manhattan,metrocard,Metrocard - Full Fare,392.0,38.0
2022-11-28T13:00:00.000,subway,475,96 St (Q),Manhattan,metrocard,Metrocard - Full Fare,113.0,6.0
2022-11-28T00:00:00.000,subway,477,72 St (Q),Manhattan,metrocard,Metrocard - Unlimited 7-Day,4.0,0.0
2022-05-31T01:00:00.000,subway,396,96 St (6),Manhattan,metrocard,Metrocard - Full Fare,2.0,0.0
2022-05-31T10:00:00.000,subway,396,96 St (6),Manhattan,metrocard,Metrocard - Unlimited 30-Day,41.0,0.0
2022-11-28T13:00:00.000,subway,9,"57 St-7 Av (N,Q,R,W)",Manhattan,metrocard,Metrocard - Seniors & Disability,58.0,8.0
2022-11-28T15:00:00.000,subway,471,34 St-Hudson Yards (7),Manhattan,metrocard,Metrocard - Seniors & Disability,32.0,0.0
2022-11-28T22:00:00.000,subway,619,"Broadway-Lafayette St (B,D,F,M)/Bleecker St (6)",Manhattan,metrocard,Metrocard - Fair Fare,21.0,0.0
2022-11-28T23:00:00.000,subway,9,"57 St-7 Av (N,Q,R,W)",Manhattan,metrocard,Metrocard - Unlimited 7-Day,74.0,0.0
2022-11-28T19:00:00.000,subway,611,"Times Sq-42 St (N,Q,R,W,S,1,2,3,7)/42 St (A,C,E)",Manhattan,metrocard,Metrocard - Full Fare,1128.0,16.0
2022-11-28T22:00:00.000,subway,601,"14 St (F,M,1,2,3)/6 Av (L)",Manhattan,omny,OMNY - Full Fare,362.0,5.0
2022-11-28T09:00:00.000,subway,308,Cathedral Pkwy (110 St) (1),Manhattan,metrocard,Metrocard - Full Fare,75.0,0.0
2022-05-31T15:00:00.000,subway,394,110 St (6),Manhattan,metrocard,Metrocard - Full Fare,142.0,4.0
2022-11-28T18:00:00.000,subway,605,"168 St (A,C,1)",Manhattan,metrocard,Metrocard - Full Fare,192.0,2.0
2022-11-28T23:00:00.000,subway,607,"34 St-Herald Sq (B,D,F,M,N,Q,R,W)",Manhattan,omny,OMNY - Full Fare,441.0,0.0
2022-11-28T18:00:00.000,subway,8,"5 Av/59 St (N,R,W)",Manhattan,metrocard,Metrocard - Students,9.0,0.0
2022-05-31T03:00:00.000,subway,398,77 St (6),Manhattan,metrocard,Metrocard - Seniors & Disability,1.0,0.0
2022-11-28T21:00:00.000,subway,475,96 St (Q),Manhattan,metrocard,Metrocard - Unlimited 7-Day,29.0,0.0
2022-11-28T20:00:00.000,subway,308,Cathedral Pkwy (110 St) (1),Manhattan,metrocard,Metrocard - Unlimited 7-Day,25.0,0.0
2022-11-28T08:00:00.000,subway,9,"57 St-7 Av (N,Q,R,W)",Manhattan,metrocard,Metrocard - Unlimited 7-Day,62.0,0.0
2022-11-28T13:00:00.000,subway,613,"Lexington Av (N,R,W)/59 St (4,5,6)",Manhattan,metrocard,Metrocard - Other,58.0,1.0
2022-05-31T23:00:00.000,subway,404,28 St (6),Manhattan,metrocard,Metrocard - Unlimited 7-Day,41.0,0.0
2022-11-28T09:00:00.000,subway,476,86 St (Q),Manhattan,metrocard,Metrocard - Students,8.0,0.0
2022-11-28T15:00:00.000,subway,619,"Broadway-Lafayette St (B,D,F,M)/Bleecker St (6)",Manhattan,omny,OMNY - Full Fare,792.0,1.0
2022-05-31T10:00:00.000,subway,395,103 St (6),Manhattan,metrocard,Metrocard - Full Fare,71.0,0.0
2022-05-31T07:00:00.000,subway,404,28 St (6),Manhattan,metrocard,Metrocard - Unlimited 30-Day,54.0,0.0
2022-05-31T00:00:00.000,subway,405,23 St (6),Manhattan,metrocard,Metrocard - Fair Fare,1.0,0.0
2022-11-28T12:00:00.000,subway,613,"Lexington Av (N,R,W)/59 St (4,5,6)",Manhattan,metrocard,Metrocard - Unlimited 7-Day,143.0,0.0
2022-11-28T05:00:00.000,subway,614,"59 St-Columbus Circle (A,B,C,D,1)",Manhattan,omny,OMNY - Full Fare,28.0,2.0
2022-11-28T08:00:00.000,subway,611,"Times Sq-42 St (N,Q,R,W,S,1,2,3,7)/42 St (A,C,E)",Manhattan,metrocard,Metrocard - Fair Fare,99.0,2.0
2022-11-28T10:00:00.000,subway,618,"14 St (A,C,E)/8 Av (L)",Manhattan,metrocard,Metrocard - Other,29.0,1.0
2022-11-28T05:00:00.000,subway,605,"168 St (A,C,1)",Manhattan,metrocard,Metrocard - Seniors & Disability,8.0,0.0
2022-11-28T16:00:00.000,subway,8,"5 Av/59 St (N,R,W)",Manhattan,metrocard,Metrocard - Other,55.0,1.0
2022-11-28T06:00:00.000,subway,601,"14 St (F,M,1,2,3)/6 Av (L)",Manhattan,metrocard,Metrocard - Full Fare,76.0,10.0
2022-05-31T06:00:00.000,subway,397,"86 St (4,5,6)",Manhattan,metrocard,Metrocard - Full Fare,101.0,5.0
2022-11-28T17:00:00.000,subway,619,"Broadway-Lafayette St (B,D,F,M)/Bleecker St (6)",Manhattan,metrocard,Metrocard - Fair Fare,52.0,0.0
2022-11-28T16:00:00.000,subway,475,96 St (Q),Manhattan,omny,OMNY - Full Fare,339.0,12.0
2022-11-28T16:00:00.000,subway,308,Cathedral Pkwy (110 St) (1),Manhattan,metrocard,Metrocard - Unlimited 30-Day,91.0,0.0
2022-11-28T14:00:00.000,subway,619,"Broadway-Lafayette St (B,D,F,M)/Bleecker St (6)",Manhattan,metrocard,Metrocard - Unlimited 7-Day,131.0,0.0
2022-11-28T16:00:00.000,subway,477,72 St (Q),Manhattan,omny,OMNY - Seniors & Disability,3.0,0.0
2022-05-31T13:00:00.000,subway,396,96 St (6),Manhattan,metrocard,Metrocard - Unlimited 30-Day,59.0,0.0
2022-11-28T14:00:00.000,subway,477,72 St (Q),Manhattan,metrocard,Metrocard - Seniors & Disability,77.0,3.0
2022-05-31T12:00:00.000,subway,397,"86 St (4,5,6)",Manhattan,omny,OMNY - Full Fare,320.0,7.0
2022-11-28T07:00:00.000,subway,618,"14 St (A,C,E)/8 Av (L)",Manhattan,metrocard,Metrocard - Students,55.0,1.0
2022-11-28T08:00:00.000,subway,609,"Bryant Pk (B,D,F,M)/5 Av (7)",Manhattan,metrocard,Metrocard - Full Fare,119.0,15.0
2022-11-28T00:00:00.000,subway,477,72 St (Q),Manhattan,metrocard,Metrocard - Unlimited 30-Day,6.0,0.0
2022-11-28T06:00:00.000,subway,609,"Bryant Pk (B,D,F,M)/5 Av (7)",Manhattan,metrocard,Metrocard - Full Fare,70.0,14.0
2022-11-28T11:00:00.000,subway,602,"14 St-Union Sq (L,N,Q,R,W,4,5,6)",Manhattan,metrocard,Metrocard - Other,82.0,0.0
2022-05-31T13:00:00.000,subway,398,77 St (6),Manhattan,metrocard,Metrocard - Seniors & Disability,60.0,7.0
2022-11-28T20:00:00.000,subway,612,"Lexington Av-53 St (E,M)/51 St (6)",Manhattan,metrocard,Metrocard - Fair Fare,30.0,0.0
2022-11-28T00:00:00.000,subway,619,"Broadway-Lafayette St (B,D,F,M)/Bleecker St (6)",Manhattan,omny,OMNY - Full Fare,68.0,0.0
2022-11-28T03:00:00.000,subway,611,"Times Sq-42 St (N,Q,R,W,S,1,2,3,7)/42 St (A,C,E)",Manhattan,metrocard,Metrocard - Seniors & Disability,1.0,0.0
2022-11-28T05:00:00.000,subway,471,34 St-Hudson Yards (7),Manhattan,metrocard,Metrocard - Unlimited 7-Day,6.0,0.0
2022-11-28T19:00:00.000,subway,610,"Grand Central-42 St (S,4,5,6,7)",Manhattan,metrocard,Metrocard - Students,48.0,2.0
2022-11-28T19:00:00.000,subway,607,"34 St-Herald Sq (B,D,F,M,N,Q,R,W)",Manhattan,omny,OMNY - Seniors & Disability,1.0,0.0
2022-11-28T01:00:00.000,subway,8,"5 Av/59 St (N,R,W)",Manhattan,metrocard,Metrocard - Other,1.0,0.0
2022-11-28T11:00:00.000,subway,610,"Grand Central-42 St (S,4,5,6,7)",Manhattan,metrocard,Metrocard - Seniors & Disability,125.0,5.0
2022-11-28T07:00:00.000,subway,614,"59 St-Columbus Circle (A,B,C,D,1)",Manhattan,metrocard,Metrocard - Other,71.0,2.0
2022-11-28T22:00:00.000,subway,619,"Broadway-Lafayette St (B,D,F,M)/Bleecker St (6)",Manhattan,metrocard,Metrocard - Full Fare,77.0,0.0
2022-11-28T02:00:00.000,subway,8,"5 Av/59 St (N,R,W)",Manhattan,metrocard,Metrocard - Full Fare,1.0,0.0
2022-05-31T11:00:00.000,subway,395,103 St (6),Manhattan,metrocard,Metrocard - Fair Fare,23.0,2.0
2022-11-28T05:00:00.000,subway,613,"Lexington Av (N,R,W)/59 St (4,5,6)",Manhattan,metrocard,Metrocard - Students,2.0,0.0
2022-11-28T10:00:00.000,subway,609,"Bryant Pk (B,D,F,M)/5 Av (7)",Manhattan,omny,OMNY - Full Fare,225.0,3.0
2022-11-28T05:00:00.000,subway,605,"168 St (A,C,1)",Manhattan,metrocard,Metrocard - Students,5.0,0.0
2022-11-28T06:00:00.000,subway,613,"Lexington Av (N,R,W)/59 St (4,5,6)",Manhattan,metrocard,Metrocard - Unlimited 7-Day,41.0,0.0
2022-05-31T18:00:00.000,subway,396,96 St (6),Manhattan,metrocard,Metrocard - Unlimited 7-Day,73.0,0.0
2022-11-28T23:00:00.000,subway,308,Cathedral Pkwy (110 St) (1),Manhattan,metrocard,Metrocard - Seniors & Disability,1.0,1.0
2022-11-28T01:00:00.000,subway,309,103 St (1),Manhattan,metrocard,Metrocard - Unlimited 7-Day,2.0,0.0
2022-11-28T07:00:00.000,subway,601,"14 St (F,M,1,2,3)/6 Av (L)",Manhattan,omny,OMNY - Seniors & Disability,1.0,0.0
2022-11-28T10:00:00.000,subway,309,103 St (1),Manhattan,metrocard,Metrocard - Other,9.0,1.0
2022-11-28T17:00:00.000,subway,613,"Lexington Av (N,R,W)/59 St (4,5,6)",Manhattan,metrocard,Metrocard - Fair Fare,124.0,6.0
2022-05-31T02:00:00.000,subway,396,96 St (6),Manhattan,metrocard,Metrocard - Other,3.0,0.0
2022-11-28T22:00:00.000,subway,602,"14 St-Union Sq (L,N,Q,R,W,4,5,6)",Manhattan,metrocard,Metrocard - Fair Fare,50.0,0.0
2022-05-31T05:00:00.000,subway,398,77 St (6),Manhattan,metrocard,Metrocard - Unlimited 7-Day,3.0,0.0
2022-05-31T09:00:00.000,subway,404,28 St (6),Manhattan,metrocard,Metrocard - Fair Fare,13.0,0.0
2022-05-31T04:00:00.000,subway,395,103 St (6),Manhattan,metrocard,Metrocard - Unlimited 30-Day,3.0,0.0
2022-11-28T06:00:00.000,subway,8,"5 Av/59 St (N,R,W)",Manhattan,metrocard,Metrocard - Students,1.0,0.0
2022-05-31T06:00:00.000,subway,398,77 St (6),Manhattan,metrocard,Metrocard - Full Fare,49.0,1.0
2022-05-31T08:00:00.000,subway,396,96 St (6),Manhattan,metrocard,Metrocard - Unlimited 7-Day,46.0,0.0
2022-11-28T15:00:00.000,subway,477,72 St (Q),Manhattan,metrocard,Metrocard - Unlimited 30-Day,177.0,0.0
2022-11-28T05:00:00.000,subway,611,"Times Sq-42 St (N,Q,R,W,S,1,2,3,7)/42 St (A,C,E)",Manhattan,metrocard,Metrocard - Unlimited 7-Day,106.0,0.0
2022-11-28T18:00:00.000,subway,476,86 St (Q),Manhattan,metrocard,Metrocard - Unlimited 30-Day,178.0,0.0
2022-11-28T13:00:00.000,subway,477,72 St (Q),Manhattan,metrocard,Metrocard - Unlimited 30-Day,75.0,0.0
2022-11-28T10:00:00.000,subway,618,"14 St (A,C,E)/8 Av (L)",Manhattan,omny,OMNY - Full Fare,243.0,4.0
2022-11-28T08:00:00.000,subway,471,34 St-Hudson Yards (7),Manhattan,metrocard,Metrocard - Fair Fare,13.0,0.0
2022-11-28T17:00:00.000,subway,612,"Lexington Av-53 St (E,M)/51 St (6)",Manhattan,omny,OMNY - Seniors & Disability,3.0,0.0
2022-11-28T04:00:00.000,subway,9,"57 St-7 Av (N,Q,R,W)",Manhattan,omny,OMNY - Full Fare,2.0,0.0
2022-11-28T14:00:00.000,subway,614,"59 St-Columbus Circle (A,B,C,D,1)",Manhattan,omny,OMNY - Full Fare,1041.0,16.0
2022-05-31T17:00:00.000,subway,404,28 St (6),Manhattan,metrocard,Metrocard - Seniors & Disability,39.0,2.0
2022-11-28T09:00:00.000,subway,9,"57 St-7 Av (N,Q,R,W)",Manhattan,metrocard,Metrocard - Unlimited 7-Day,73.0,0.0
2022-11-28T23:00:00.000,subway,471,34 St-Hudson Yards (7),Manhattan,metrocard,Metrocard - Fair Fare,11.0,0.0
2022-11-28T07:00:00.000,subway,609,"Bryant Pk (B,D,F,M)/5 Av (7)",Manhattan,metrocard,Metrocard - Students,16.0,1.0
2022-11-28T07:00:00.000,subway,613,"Lexington Av (N,R,W)/59 St (4,5,6)",Manhattan,metrocard,Metrocard - Seniors & Disability,26.0,6.0
2022-11-28T05:00:00.000,subway,618,"14 St (A,C,E)/8 Av (L)",Manhattan,metrocard,Metrocard - Full Fare,26.0,1.0
2022-11-28T14:00:00.000,subway,8,"5 Av/59 St (N,R,W)",Manhattan,metrocard,Metrocard - Fair Fare,8.0,0.0
2022-11-28T07:00:00.000,subway,602,"14 St-Union Sq (L,N,Q,R,W,4,5,6)",Manhattan,metrocard,Metrocard - Students,201.0,15.0
2022-05-31T07:00:00.000,subway,397,"86 St (4,5,6)",Manhattan,metrocard,Metrocard - Unlimited 30-Day,219.0,0.0
2022-11-28T20:00:00.000,subway,308,Cathedral Pkwy (110 St) (1),Manhattan,metrocard,Metrocard - Students,3.0,0.0
2022-11-28T22:00:00.000,subway,309,103 St (1),Manhattan,metrocard,Metrocard - Fair Fare,5.0,0.0
2022-11-28T20:00:00.000,subway,477,72 St (Q),Manhattan,metrocard,Metrocard - Seniors & Disability,18.0,0.0
2022-05-31T20:00:00.000,subway,394,110 St (6),Manhattan,metrocard,Metrocard - Students,1.0,0.0
2022-05-31T09:00:00.000,subway,395,103 St (6),Manhattan,metrocard,Metrocard - Unlimited 30-Day,59.0,0.0
2022-05-31T13:00:00.000,subway,394,110 St (6),Manhattan,metrocard,Metrocard - Students,16.0,0.0
2022-11-28T15:00:00.000,subway,619,"Broadway-Lafayette St (B,D,F,M)/Bleecker St (6)",Manhattan,metrocard,Metrocard - Full Fare,364.0,2.0
2022-11-28T13:00:00.000,subway,309,103 St (1),Manhattan,metrocard,Metrocard - Unlimited 7-Day,57.0,0.0
2022-11-28T06:00:00.000,subway,605,"168 St (A,C,1)",Manhattan,metrocard,Metrocard - Seniors & Disability,19.0,1.0
2022-11-28T05:00:00.000,subway,601,"14 St (F,M,1,2,3)/6 Av (L)",Manhattan,omny,OMNY - Full Fare,32.0,4.0
2022-11-28T11:00:00.000,subway,477,72 St (Q),Manhattan,metrocard,Metrocard - Fair Fare,9.0,0.0
2022-11-28T10:00:00.000,subway,605,"168 St (A,C,1)",Manhattan,metrocard,Metrocard - Fair Fare,29.0,0.0
2022-11-28T03:00:00.000,subway,601,"14 St (F,M,1,2,3)/6 Av (L)",Manhattan,metrocard,Metrocard - Other,3.0,0.0
2022-05-31T05:00:00.000,subway,396,96 St (6),Manhattan,metrocard,Metrocard - Seniors & Disability,1.0,0.0
2022-11-28T11:00:00.000,subway,610,"Grand Central-42 St (S,4,5,6,7)",Manhattan,omny,OMNY - Full Fare,1037.0,6.0
2022-11-28T11:00:00.000,subway,602,"14 St-Union Sq (L,N,Q,R,W,4,5,6)",Manhattan,metrocard,Metrocard - Unlimited 30-Day,174.0,0.0
2022-11-28T00:00:00.000,subway,9,"57 St-7 Av (N,Q,R,W)",Manhattan,metrocard,Metrocard - Unlimited 30-Day,13.0,0.0
2022-05-31T00:00:00.000,subway,395,103 St (6),Manhattan,omny,OMNY - Full Fare,12.0,0.0
2022-11-28T11:00:00.000,subway,308,Cathedral Pkwy (110 St) (1),Manhattan,metrocard,Metrocard - Other,12.0,0.0
2022-11-28T11:00:00.000,subway,475,96 St (Q),Manhattan,metrocard,Metrocard - Unlimited 7-Day,34.0,0.0
2022-11-28T06:00:00.000,subway,602,"14 St-Union Sq (L,N,Q,R,W,4,5,6)",Manhattan,metrocard,Metrocard - Unlimited 30-Day,62.0,0.0
2022-11-28T17:00:00.000,subway,471,34 St-Hudson Yards (7),Manhattan,metrocard,Metrocard - Students,35.0,0.0
2022-11-28T23:00:00.000,subway,8,"5 Av/59 St (N,R,W)",Manhattan,omny,OMNY - Full Fare,69.0,5.0
2022-11-28T17:00:00.000,subway,614,"59 St-Columbus Circle (A,B,C,D,1)",Manhattan,metrocard,Metrocard - Full Fare,1266.0,41.0
2022-11-28T07:00:00.000,subway,612,"Lexington Av-53 St (E,M)/51 St (6)",Manhattan,metrocard,Metrocard - Full Fare,115.0,7.0
2022-11-28T03:00:00.000,subway,9,"57 St-7 Av (N,Q,R,W)",Manhattan,metrocard,Metrocard - Other,2.0,0.0
2022-05-31T15:00:00.000,subway,403,33 St (6),Manhattan,metrocard,Metrocard - Students,140.0,1.0
2022-11-28T17:00:00.000,subway,601,"14 St (F,M,1,2,3)/6 Av (L)",Manhattan,metrocard,Metrocard - Full Fare,553.0,11.0
2022-11-28T11:00:00.000,subway,611,"Times Sq-42 St (N,Q,R,W,S,1,2,3,7)/42 St (A,C,E)",Manhattan,metrocard,Metrocard - Fair Fare,64.0,1.0
2022-11-28T13:00:00.000,subway,611,"Times Sq-42 St (N,Q,R,W,S,1,2,3,7)/42 St (A,C,E)",Manhattan,metrocard,Metrocard - Students,205.0,2.0
2022-11-28T22:00:00.000,subway,607,"34 St-Herald Sq (B,D,F,M,N,Q,R,W)",Manhattan,metrocard,Metrocard - Fair Fare,73.0,0.0
2022-11-28T16:00:00.000,subway,613,"Lexington Av (N,R,W)/59 St (4,5,6)",Manhattan,metrocard,Metrocard - Seniors & Disability,145.0,25.0
2022-11-28T21:00:00.000,subway,308,Cathedral Pkwy (110 St) (1),Manhattan,omny,OMNY - Full Fare,133.0,3.0
2022-11-28T09:00:00.000,subway,618,"14 St (A,C,E)/8 Av (L)",Manhattan,metrocard,Metrocard - Seniors & Disability,44.0,1.0
2022-11-28T04:00:00.000,subway,607,"34 St-Herald Sq (B,D,F,M,N,Q,R,W)",Manhattan,metrocard,Metrocard - Other,12.0,0.0
2022-11-28T15:00:00.000,subway,476,86 St (Q),Manhattan,metrocard,Metrocard - Other,29.0,0.0
2022-11-28T10:00:00.000,subway,476,86 St (Q),Manhattan,metrocard,Metrocard - Seniors & Disability,62.0,1.0
2022-11-28T10:00:00.000,subway,602,"14 St-Union Sq (L,N,Q,R,W,4,5,6)",Manhattan,omny,OMNY - Full Fare,586.0,15.0
2022-11-28T09:00:00.000,subway,612,"Lexington Av-53 St (E,M)/51 St (6)",Manhattan,omny,OMNY - Full Fare,430.0,3.0
2022-11-28T11:00:00.000,subway,601,"14 St (F,M,1,2,3)/6 Av (L)",Manhattan,metrocard,Metrocard - Seniors & Disability,69.0,5.0
2022-05-31T20:00:00.000,subway,399,68 St-Hunter College (6),Manhattan,metrocard,Metrocard - Students,11.0,1.0
2022-05-31T11:00:00.000,subway,404,28 St (6),Manhattan,metrocard,Metrocard - Other,26.0,1.0
2022-11-28T07:00:00.000,subway,475,96 St (Q),Manhattan,metrocard,Metrocard - Unlimited 30-Day,158.0,0.0
2022-11-28T07:00:00.000,subway,8,"5 Av/59 St (N,R,W)",Manhattan,metrocard,Metrocard - Students,6.0,0.0
2022-11-28T16:00:00.000,subway,609,"Bryant Pk (B,D,F,M)/5 Av (7)",Manhattan,metrocard,Metrocard - Other,152.0,2.0
2022-11-28T04:00:00.000,subway,601,"14 St (F,M,1,2,3)/6 Av (L)",Manhattan,metrocard,Metrocard - Seniors & Disability,1.0,0.0
2022-05-31T16:00:00.000,subway,397,"86 St (4,5,6)",Manhattan,metrocard,Metrocard - Other,110.0,1.0
2022-11-28T07:00:00.000,subway,618,"14 St (A,C,E)/8 Av (L)",Manhattan,metrocard,Metrocard - Fair Fare,16.0,1.0
2022-11-28T13:00:00.000,subway,618,"14 St (A,C,E)/8 Av (L)",Manhattan,metrocard,Metrocard - Unlimited 7-Day,198.0,0.0
2022-11-28T06:00:00.000,subway,471,34 St-Hudson Yards (7),Manhattan,metrocard,Metrocard - Unlimited 7-Day,6.0,0.0
2022-11-28T13:00:00.000,subway,619,"Broadway-Lafayette St (B,D,F,M)/Bleecker St (6)",Manhattan,metrocard,Metrocard - Seniors & Disability,46.0,2.0
2022-11-28T14:00:00.000,subway,607,"34 St-Herald Sq (B,D,F,M,N,Q,R,W)",Manhattan,omny,OMNY - Seniors & Disability,5.0,1.0
2022-05-31T03:00:00.000,subway,394,110 St (6),Manhattan,metrocard,Metrocard - Unlimited 7-Day,4.0,0.0
2022-11-28T06:00:00.000,subway,607,"34 St-Herald Sq (B,D,F,M,N,Q,R,W)",Manhattan,metrocard,Metrocard - Unlimited 7-Day,40.0,0.0
2022-11-28T17:00:00.000,subway,602,"14 St-Union Sq (L,N,Q,R,W,4,5,6)",Manhattan,metrocard,Metrocard - Other,280.0,1.0
2022-05-31T16:00:00.000,subway,403,33 St (6),Manhattan,metrocard,Metrocard - Full Fare,439.0,5.0
2022-11-28T07:00:00.000,subway,610,"Grand Central-42 St (S,4,5,6,7)",Manhattan,metrocard,Metrocard - Full Fare,1453.0,48.0
2022-11-28T00:00:00.000,subway,612,"Lexington Av-53 St (E,M)/51 St (6)",Manhattan,metrocard,Metrocard - Other,6.0,0.0
2022-11-28T21:00:00.000,subway,610,"Grand Central-42 St (S,4,5,6,7)",Manhattan,metrocard,Metrocard - Full Fare,375.0,2.0
2022-05-31T15:00:00.000,subway,399,68 St-Hunter College (6),Manhattan,metrocard,Metrocard - Seniors & Disability,62.0,9.0
2022-11-28T22:00:00.000,subway,601,"14 St (F,M,1,2,3)/6 Av (L)",Manhattan,metrocard,Metrocard - Unlimited 30-Day,87.0,0.0
2022-11-28T16:00:00.000,subway,609,"Bryant Pk (B,D,F,M)/5 Av (7)",Manhattan,metrocard,Metrocard - Seniors & Disability,129.0,5.0
2022-11-28T06:00:00.000,subway,619,"Broadway-Lafayette St (B,D,F,M)/Bleecker St (6)",Manhattan,metrocard,Metrocard - Unlimited 7-Day,10.0,0.0
2022-05-31T10:00:00.000,subway,403,33 St (6),Manhattan,metrocard,Metrocard - Seniors & Disability,32.0,2.0
2022-11-28T05:00:00.000,subway,9,"57 St-7 Av (N,Q,R,W)",Manhattan,omny,OMNY - Full Fare,10.0,0.0
2022-11-28T18:00:00.000,subway,8,"5 Av/59 St (N,R,W)",Manhattan,metrocard,Metrocard - Full Fare,275.0,3.0
2022-11-28T17:00:00.000,subway,618,"14 St (A,C,E)/8 Av (L)",Manhattan,metrocard,Metrocard - Other,136.0,2.0
2022-05-31T18:00:00.000,subway,403,33 St (6),Manhattan,metrocard,Metrocard - Unlimited 30-Day,196.0,0.0
2022-11-28T21:00:00.000,subway,618,"14 St (A,C,E)/8 Av (L)",Manhattan,omny,OMNY - Full Fare,494.0,3.0
2022-11-28T09:00:00.000,subway,9,"57 St-7 Av (N,Q,R,W)",Manhattan,omny,OMNY - Seniors & Disability,2.0,0.0
2022-11-28T01:00:00.000,subway,614,"59 St-Columbus Circle (A,B,C,D,1)",Manhattan,metrocard,Metrocard - Unlimited 30-Day,9.0,0.0
2022-11-28T16:00:00.000,subway,605,"168 St (A,C,1)",Manhattan,metrocard,Metrocard - Seniors & Disability,68.0,5.0
2022-11-28T01:00:00.000,subway,612,"Lexington Av-53 St (E,M)/51 St (6)",Manhattan,metrocard,Metrocard - Seniors & Disability,2.0,0.0
2022-11-28T17:00:00.000,subway,471,34 St-Hudson Yards (7),Manhattan,metrocard,Metrocard - Unlimited 30-Day,178.0,0.0
2022-05-31T17:00:00.000,subway,398,77 St (6),Manhattan,metrocard,Metrocard - Students,64.0,1.0
2022-11-28T05:00:00.000,subway,618,"14 St (A,C,E)/8 Av (L)",Manhattan,metrocard,Metrocard - Unlimited 30-Day,9.0,0.0
2022-11-28T02:00:00.000,subway,611,"Times Sq-42 St (N,Q,R,W,S,1,2,3,7)/42 St (A,C,E)",Manhattan,metrocard,Metrocard - Other,17.0,0.0
2022-11-28T10:00:00.000,subway,619,"Broadway-Lafayette St (B,D,F,M)/Bleecker St (6)",Manhattan,metrocard,Metrocard - Unlimited 30-Day,56.0,0.0
2022-05-31T20:00:00.000,subway,403,33 St (6),Manhattan,omny,OMNY - Full Fare,257.0,1.0
2022-11-28T08:00:00.000,subway,612,"Lexington Av-53 St (E,M)/51 St (6)",Manhattan,omny,OMNY - Seniors & Disability,2.0,0.0
2022-05-31T08:00:00.000,subway,399,68 St-Hunter College (6),Manhattan,metrocard,Metrocard - Unlimited 30-Day,70.0,0.0
2022-05-31T11:00:00.000,subway,404,28 St (6),Manhattan,metrocard,Metrocard - Students,4.0,0.0
2022-05-31T04:00:00.000,subway,395,103 St (6),Manhattan,metrocard,Metrocard - Unlimited 7-Day,8.0,0.0
2022-11-28T17:00:00.000,subway,9,"57 St-7 Av (N,Q,R,W)",Manhattan,metrocard,Metrocard - Fair Fare,52.0,2.0
2022-11-28T17:00:00.000,subway,609,"Bryant Pk (B,D,F,M)/5 Av (7)",Manhattan,omny,OMNY - Full Fare,2797.0,12.0
2022-11-28T09:00:00.000,subway,475,96 St (Q),Manhattan,omny,OMNY - Full Fare,328.0,20.0
2022-11-28T15:00:00.000,subway,607,"34 St-Herald Sq (B,D,F,M,N,Q,R,W)",Manhattan,metrocard,Metrocard - Other,182.0,1.0
2022-11-28T13:00:00.000,subway,613,"Lexington Av (N,R,W)/59 St (4,5,6)",Manhattan,metrocard,Metrocard - Fair Fare,41.0,3.0
2022-11-28T14:00:00.000,subway,619,"Broadway-Lafayette St (B,D,F,M)/Bleecker St (6)",Manhattan,metrocard,Metrocard - Fair Fare,36.0,0.0
2022-11-28T12:00:00.000,subway,476,86 St (Q),Manhattan,metrocard,Metrocard - Fair Fare,17.0,1.0
2022-05-31T02:00:00.000,subway,403,33 St (6),Manhattan,metrocard,Metrocard - Other,4.0,0.0
2022-11-28T05:00:00.000,subway,476,86 St (Q),Manhattan,metrocard,Metrocard - Seniors & Disability,3.0,0.0
2022-11-28T05:00:00.000,subway,605,"168 St (A,C,1)",Manhattan,metrocard,Metrocard - Other,9.0,0.0
2022-05-31T23:00:00.000,subway,397,"86 St (4,5,6)",Manhattan,metrocard,Metrocard - Full Fare,75.0,1.0
2022-05-31T18:00:00.000,subway,395,103 St (6),Manhattan,metrocard,Metrocard - Fair Fare,24.0,0.0
2022-11-28T19:00:00.000,subway,611,"Times Sq-42 St (N,Q,R,W,S,1,2,3,7)/42 St (A,C,E)",Manhattan,omny,OMNY - Full Fare,2317.0,18.0
2022-05-31T12:00:00.000,subway,398,77 St (6),Manhattan,metrocard,Metrocard - Unlimited 30-Day,66.0,0.0
2022-11-28T19:00:00.000,subway,605,"168 St (A,C,1)",Manhattan,metrocard,Metrocard - Unlimited 30-Day,103.0,0.0
2022-05-31T22:00:00.000,subway,397,"86 St (4,5,6)",Manhattan,omny,OMNY - Full Fare,146.0,2.0
2022-05-31T09:00:00.000,subway,398,77 St (6),Manhattan,omny,OMNY - Full Fare,355.0,8.0
2022-11-28T06:00:00.000,subway,475,96 St (Q),Manhattan,metrocard,Metrocard - Seniors & Disability,17.0,3.0
2022-11-28T09:00:00.000,subway,612,"Lexington Av-53 St (E,M)/51 St (6)",Manhattan,metrocard,Metrocard - Other,33.0,0.0
2022-11-28T22:00:00.000,subway,601,"14 St (F,M,1,2,3)/6 Av (L)",Manhattan,metrocard,Metrocard - Full Fare,120.0,3.0
2022-05-31T00:00:00.000,subway,404,28 St (6),Manhattan,metrocard,Metrocard - Unlimited 30-Day,10.0,0.0
2022-05-31T11:00:00.000,subway,396,96 St (6),Manhattan,metrocard,Metrocard - Other,17.0,1.0
2022-11-28T01:00:00.000,subway,619,"Broadway-Lafayette St (B,D,F,M)/Bleecker St (6)",Manhattan,metrocard,Metrocard - Other,6.0,0.0
2022-11-28T14:00:00.000,subway,601,"14 St (F,M,1,2,3)/6 Av (L)",Manhattan,metrocard,Metrocard - Seniors & Disability,111.0,6.0
2022-05-31T20:00:00.000,subway,405,23 St (6),Manhattan,metrocard,Metrocard - Fair Fare,26.0,0.0
2022-11-28T11:00:00.000,subway,607,"34 St-Herald Sq (B,D,F,M,N,Q,R,W)",Manhattan,metrocard,Metrocard - Fair Fare,64.0,1.0
2022-11-28T10:00:00.000,subway,601,"14 St (F,M,1,2,3)/6 Av (L)",Manhattan,omny,OMNY - Full Fare,398.0,2.0
2022-11-28T07:00:00.000,subway,8,"5 Av/59 St (N,R,W)",Manhattan,metrocard,Metrocard - Seniors & Disability,1.0,1.0
2022-11-28T00:00:00.000,subway,8,"5 Av/59 St (N,R,W)",Manhattan,omny,OMNY - Full Fare,8.0,0.0
2022-11-28T20:00:00.000,subway,613,"Lexington Av (N,R,W)/59 St (4,5,6)",Manhattan,metrocard,Metrocard - Students,24.0,3.0
2022-11-28T05:00:00.000,subway,475,96 St (Q),Manhattan,metrocard,Metrocard - Students,2.0,0.0
2022-11-28T12:00:00.000,subway,602,"14 St-Union Sq (L,N,Q,R,W,4,5,6)",Manhattan,metrocard,Metrocard - Students,70.0,1.0
2022-11-28T09:00:00.000,subway,8,"5 Av/59 St (N,R,W)",Manhattan,metrocard,Metrocard - Fair Fare,4.0,0.0
2022-11-28T09:00:00.000,subway,309,103 St (1),Manhattan,metrocard,Metrocard - Fair Fare,16.0,0.0
2022-05-31T17:00:00.000,subway,395,103 St (6),Manhattan,metrocard,Metrocard - Unlimited 7-Day,94.0,0.0
2022-11-28T02:00:00.000,subway,610,"Grand Central-42 St (S,4,5,6,7)",Manhattan,metrocard,Metrocard - Other,6.0,0.0
2022-05-31T19:00:00.000,subway,399,68 St-Hunter College (6),Manhattan,metrocard,Metrocard - Unlimited 7-Day,69.0,0.0
2022-11-28T15:00:00.000,subway,477,72 St (Q),Manhattan,metrocard,Metrocard - Students,206.0,1.0
2022-11-28T10:00:00.000,subway,308,Cathedral Pkwy (110 St) (1),Manhattan,metrocard,Metrocard - Seniors & Disability,41.0,1.0
2022-05-31T17:00:00.000,subway,396,96 St (6),Manhattan,metrocard,Metrocard - Students,67.0,5.0
2022-11-28T19:00:00.000,subway,614,"59 St-Columbus Circle (A,B,C,D,1)",Manhattan,metrocard,Metrocard - Other,164.0,1.0
2022-05-31T07:00:00.000,subway,403,33 St (6),Manhattan,metrocard,Metrocard - Unlimited 7-Day,29.0,0.0
2022-05-31T04:00:00.000,subway,403,33 St (6),Manhattan,metrocard,Metrocard - Fair Fare,1.0,0.0
2022-11-28T17:00:00.000,subway,618,"14 St (A,C,E)/8 Av (L)",Manhattan,metrocard,Metrocard - Fair Fare,48.0,1.0
2022-11-28T21:00:00.000,subway,619,"Broadway-Lafayette St (B,D,F,M)/Bleecker St (6)",Manhattan,metrocard,Metrocard - Unlimited 7-Day,74.0,0.0
2022-11-28T21:00:00.000,subway,609,"Bryant Pk (B,D,F,M)/5 Av (7)",Manhattan,metrocard,Metrocard - Other,26.0,1.0
2022-11-28T08:00:00.000,subway,607,"34 St-Herald Sq (B,D,F,M,N,Q,R,W)",Manhattan,metrocard,Metrocard - Students,46.0,4.0
2022-11-28T18:00:00.000,subway,612,"Lexington Av-53 St (E,M)/51 St (6)",Manhattan,metrocard,Metrocard - Unlimited 7-Day,194.0,0.0
2022-11-28T00:00:00.000,subway,476,86 St (Q),Manhattan,metrocard,Metrocard - Other,2.0,0.0
2022-11-28T16:00:00.000,subway,611,"Times Sq-42 St (N,Q,R,W,S,1,2,3,7)/42 St (A,C,E)",Manhattan,metrocard,Metrocard - Full Fare,1856.0,32.0
2022-11-28T02:00:00.000,subway,605,"168 St (A,C,1)",Manhattan,metrocard,Metrocard - Unlimited 30-Day,5.0,0.0
2022-11-28T07:00:00.000,subway,609,"Bryant Pk (B,D,F,M)/5 Av (7)",Manhattan,metrocard,Metrocard - Unlimited 30-Day,36.0,0.0
2022-11-28T14:00:00.000,subway,612,"Lexington Av-53 St (E,M)/51 St (6)",Manhattan,metrocard,Metrocard - Fair Fare,39.0,0.0
2022-11-28T14:00:00.000,subway,609,"Bryant Pk (B,D,F,M)/5 Av (7)",Manhattan,omny,OMNY - Full Fare,701.0,4.0
2022-11-28T22:00:00.000,subway,475,96 St (Q),Manhattan,metrocard,Metrocard - Unlimited 30-Day,17.0,0.0
2022-11-28T22:00:00.000,subway,475,96 St (Q),Manhattan,omny,OMNY - Full Fare,46.0,1.0
2022-05-31T13:00:00.000,subway,399,68 St-Hunter College (6),Manhattan,metrocard,Metrocard - Unlimited 7-Day,75.0,0.0
2022-11-28T03:00:00.000,subway,619,"Broadway-Lafayette St (B,D,F,M)/Bleecker St (6)",Manhattan,metrocard,Metrocard - Full Fare,6.0,0.0
2022-11-28T19:00:00.000,subway,601,"14 St (F,M,1,2,3)/6 Av (L)",Manhattan,metrocard,Metrocard - Fair Fare,40.0,1.0
2022-11-28T04:00:00.000,subway,475,96 St (Q),Manhattan,metrocard,Metrocard - Fair Fare,1.0,0.0
2022-11-28T20:00:00.000,subway,475,96 St (Q),Manhattan,omny,OMNY - Full Fare,97.0,2.0
2022-11-28T13:00:00.000,subway,8,"5 Av/59 St (N,R,W)",Manhattan,metrocard,Metrocard - Unlimited 7-Day,75.0,0.0
2022-11-28T13:00:00.000,subway,601,"14 St (F,M,1,2,3)/6 Av (L)",Manhattan,metrocard,Metrocard - Fair Fare,22.0,1.0
2022-05-31T08:00:00.000,subway,394,110 St (6),Manhattan,omny,OMNY - Full Fare,192.0,1.0
2022-11-28T12:00:00.000,subway,612,"Lexington Av-53 St (E,M)/51 St (6)",Manhattan,metrocard,Metrocard - Fair Fare,22.0,1.0
2022-11-28T11:00:00.000,subway,618,"14 St (A,C,E)/8 Av (L)",Manhattan,metrocard,Metrocard - Unlimited 30-Day,64.0,0.0
2022-11-28T20:00:00.000,subway,613,"Lexington Av (N,R,W)/59 St (4,5,6)",Manhattan,metrocard,Metrocard - Full Fare,288.0,22.0
2022-11-28T23:00:00.000,subway,610,"Grand Central-42 St (S,4,5,6,7)",Manhattan,metrocard,Metrocard - Other,71.0,0.0
2022-11-28T01:00:00.000,subway,601,"14 St (F,M,1,2,3)/6 Av (L)",Manhattan,metrocard,Metrocard - Fair Fare,3.0,0.0
2022-05-31T21:00:00.000,subway,399,68 St-Hunter College (6),Manhattan,metrocard,Metrocard - Fair Fare,7.0,0.0
2022-05-31T06:00:00.000,subway,395,103 St (6),Manhattan,metrocard,Metrocard - Seniors & Disability,10.0,0.0
2022-11-28T14:00:00.000,subway,9,"57 St-7 Av (N,Q,R,W)",Manhattan,metrocard,Metrocard - Seniors & Disability,55.0,4.0
2022-05-31T05:00:00.000,subway,397,"86 St (4,5,6)",Manhattan,omny,OMNY - Full Fare,37.0,1.0
2022-11-28T18:00:00.000,subway,619,"Broadway-Lafayette St (B,D,F,M)/Bleecker St (6)",Manhattan,metrocard,Metrocard - Other,84.0,0.0
2022-11-28T11:00:00.000,subway,9,"57 St-7 Av (N,Q,R,W)",Manhattan,metrocard,Metrocard - Students,10.0,0.0
2022-11-28T07:00:00.000,subway,607,"34 St-Herald Sq (B,D,F,M,N,Q,R,W)",Manhattan,omny,OMNY - Seniors & Disability,4.0,0.0
2022-11-28T12:00:00.000,subway,475,96 St (Q),Manhattan,metrocard,Metrocard - Other,28.0,0.0
2022-11-28T12:00:00.000,subway,613,"Lexington Av (N,R,W)/59 St (4,5,6)",Manhattan,omny,OMNY - Other,1.0,0.0
2022-11-28T12:00:00.000,subway,607,"34 St-Herald Sq (B,D,F,M,N,Q,R,W)",Manhattan,metrocard,Metrocard - Seniors & Disability,169.0,6.0
2022-11-28T07:00:00.000,subway,476,86 St (Q),Manhattan,metrocard,Metrocard - Unlimited 7-Day,25.0,0.0
2022-05-31T21:00:00.000,subway,396,96 St (6),Manhattan,metrocard,Metrocard - Full Fare,58.0,2.0
2022-05-31T05:00:00.000,subway,403,33 St (6),Manhattan,metrocard,Metrocard - Seniors & Disability,1.0,1.0
2022-05-31T14:00:00.000,subway,397,"86 St (4,5,6)",Manhattan,metrocard,Metrocard - Seniors & Disability,93.0,8.0
2022-05-31T14:00:00.000,subway,404,28 St (6),Manhattan,metrocard,Metrocard - Fair Fare,22.0,0.0
2022-11-28T09:00:00.000,subway,618,"14 St (A,C,E)/8 Av (L)",Manhattan,metrocard,Metrocard - Other,37.0,1.0
2022-11-28T03:00:00.000,subway,471,34 St-Hudson Yards (7),Manhattan,metrocard,Metrocard - Other,3.0,0.0
2022-05-31T18:00:00.000,subway,404,28 St (6),Manhattan,omny,OMNY - Full Fare,436.0,4.0
2022-11-28T09:00:00.000,subway,614,"59 St-Columbus Circle (A,B,C,D,1)",Manhattan,omny,OMNY - Seniors & Disability,4.0,0.0
2022-11-28T19:00:00.000,subway,601,"14 St (F,M,1,2,3)/6 Av (L)",Manhattan,metrocard,Metrocard - Unlimited 7-Day,144.0,0.0
2022-11-28T06:00:00.000,subway,476,86 St (Q),Manhattan,metrocard,Metrocard - Students,6.0,0.0
2022-11-28T14:00:00.000,subway,9,"57 St-7 Av (N,Q,R,W)",Manhattan,metrocard,Metrocard - Full Fare,229.0,12.0
2022-05-31T08:00:00.000,subway,398,77 St (6),Manhattan,metrocard,Metrocard - Students,54.0,4.0
2022-11-28T07:00:00.000,subway,610,"Grand Central-42 St (S,4,5,6,7)",Manhattan,omny,OMNY - Full Fare,1668.0,21.0
2022-11-28T13:00:00.000,subway,476,86 St (Q),Manhattan,metrocard,Metrocard - Unlimited 30-Day,67.0,0.0
2022-11-28T22:00:00.000,subway,618,"14 St (A,C,E)/8 Av (L)",Manhattan,metrocard,Metrocard - Unlimited 30-Day,98.0,0.0
2022-11-28T13:00:00.000,subway,607,"34 St-Herald Sq (B,D,F,M,N,Q,R,W)",Manhattan,metrocard,Metrocard - Unlimited 30-Day,301.0,0.0
2022-05-31T00:00:00.000,subway,147,175 St (A),Manhattan,omny,OMNY - Full Fare,5.0,0.0
2022-11-28T06:00:00.000,subway,609,"Bryant Pk (B,D,F,M)/5 Av (7)",Manhattan,metrocard,Metrocard - Other,17.0,1.0
2022-11-28T16:00:00.000,subway,602,"14 St-Union Sq (L,N,Q,R,W,4,5,6)",Manhattan,omny,OMNY - Seniors & Disability,3.0,0.0
2022-11-28T10:00:00.000,subway,611,"Times Sq-42 St (N,Q,R,W,S,1,2,3,7)/42 St (A,C,E)",Manhattan,metrocard,Metrocard - Seniors & Disability,183.0,5.0
2022-11-28T13:00:00.000,subway,602,"14 St-Union Sq (L,N,Q,R,W,4,5,6)",Manhattan,metrocard,Metrocard - Full Fare,531.0,16.0
2022-11-28T23:00:00.000,subway,8,"5 Av/59 St (N,R,W)",Manhattan,metrocard,Metrocard - Full Fare,49.0,1.0
2022-11-28T02:00:00.000,subway,614,"59 St-Columbus Circle (A,B,C,D,1)",Manhattan,metrocard,Metrocard - Full Fare,9.0,0.0
2022-11-28T11:00:00.000,subway,614,"59 St-Columbus Circle (A,B,C,D,1)",Manhattan,metrocard,Metrocard - Seniors & Disability,100.0,13.0
2022-05-31T11:00:00.000,subway,399,68 St-Hunter College (6),Manhattan,metrocard,Metrocard - Other,29.0,1.0
2022-11-28T00:00:00.000,subway,605,"168 St (A,C,1)",Manhattan,metrocard,Metrocard - Other,7.0,0.0
2022-11-28T16:00:00.000,subway,613,"Lexington Av (N,R,W)/59 St (4,5,6)",Manhattan,metrocard,Metrocard - Students,137.0,13.0
2022-11-28T15:00:00.000,subway,601,"14 St (F,M,1,2,3)/6 Av (L)",Manhattan,metrocard,Metrocard - Students,359.0,2.0
2022-05-31T09:00:00.000,subway,398,77 St (6),Manhattan,metrocard,Metrocard - Seniors & Disability,39.0,4.0
2022-11-28T00:00:00.000,subway,308,Cathedral Pkwy (110 St) (1),Manhattan,omny,OMNY - Full Fare,12.0,0.0
2022-05-31T16:00:00.000,subway,404,28 St (6),Manhattan,metrocard,Metrocard - Other,96.0,1.0
2022-11-28T17:00:00.000,subway,605,"168 St (A,C,1)",Manhattan,omny,OMNY - Full Fare,912.0,2.0
2022-11-28T15:00:00.000,subway,476,86 St (Q),Manhattan,omny,OMNY - Full Fare,385.0,10.0
2022-11-28T16:00:00.000,subway,602,"14 St-Union Sq (L,N,Q,R,W,4,5,6)",Manhattan,metrocard,Metrocard - Seniors & Disability,224.0,13.0
2022-11-28T19:00:00.000,subway,471,34 St-Hudson Yards (7),Manhattan,metrocard,Metrocard - Seniors & Disability,13.0,0.0
2022-11-28T14:00:00.000,subway,605,"168 St (A,C,1)",Manhattan,metrocard,Metrocard - Full Fare,207.0,4.0
2022-05-31T22:00:00.000,subway,395,103 St (6),Manhattan,metrocard,Metrocard - Seniors & Disability,3.0,0.0
2022-05-31T04:00:00.000,subway,397,"86 St (4,5,6)",Manhattan,metrocard,Metrocard - Seniors & Disability,1.0,0.0
2022-11-28T11:00:00.000,subway,475,96 St (Q),Manhattan,metrocard,Metrocard - Other,21.0,2.0
2022-11-28T00:00:00.000,subway,609,"Bryant Pk (B,D,F,M)/5 Av (7)",Manhattan,metrocard,Metrocard - Unlimited 30-Day,21.0,0.0
2022-11-28T19:00:00.000,subway,9,"57 St-7 Av (N,Q,R,W)",Manhattan,metrocard,Metrocard - Fair Fare,27.0,3.0
2022-11-28T18:00:00.000,subway,607,"34 St-Herald Sq (B,D,F,M,N,Q,R,W)",Manhattan,metrocard,Metrocard - Full Fare,1539.0,19.0
2022-11-28T09:00:00.000,subway,605,"168 St (A,C,1)",Manhattan,metrocard,Metrocard - Students,33.0,1.0
2022-05-31T11:00:00.000,subway,403,33 St (6),Manhattan,metrocard,Metrocard - Full Fare,149.0,4.0
2022-11-28T21:00:00.000,subway,307,116 St-Columbia University (1),Manhattan,omny,OMNY - Full Fare,432.0,3.0
2022-11-28T17:00:00.000,subway,477,72 St (Q),Manhattan,metrocard,Metrocard - Students,76.0,1.0
2022-05-31T01:00:00.000,subway,333,"Wall St (2,3)",Manhattan,omny,OMNY - Full Fare,5.0,0.0
2022-05-31T06:00:00.000,subway,399,68 St-Hunter College (6),Manhattan,metrocard,Metrocard - Full Fare,22.0,2.0
2022-05-31T12:00:00.000,subway,397,"86 St (4,5,6)",Manhattan,metrocard,Metrocard - Unlimited 30-Day,117.0,0.0
2022-11-28T06:00:00.000,subway,601,"14 St (F,M,1,2,3)/6 Av (L)",Manhattan,metrocard,Metrocard - Unlimited 30-Day,35.0,0.0
2022-11-28T04:00:00.000,subway,308,Cathedral Pkwy (110 St) (1),Manhattan,metrocard,Metrocard - Unlimited 30-Day,1.0,0.0
2022-11-28T12:00:00.000,subway,605,"168 St (A,C,1)",Manhattan,metrocard,Metrocard - Fair Fare,26.0,0.0
2022-05-31T08:00:00.000,subway,397,"86 St (4,5,6)",Manhattan,omny,OMNY - Full Fare,1061.0,60.0
2022-11-28T10:00:00.000,subway,610,"Grand Central-42 St (S,4,5,6,7)",Manhattan,metrocard,Metrocard - Unlimited 30-Day,169.0,0.0
2022-11-28T11:00:00.000,subway,618,"14 St (A,C,E)/8 Av (L)",Manhattan,metrocard,Metrocard - Students,16.0,1.0
2022-11-28T05:00:00.000,subway,609,"Bryant Pk (B,D,F,M)/5 Av (7)",Manhattan,metrocard,Metrocard - Full Fare,23.0,3.0
2022-11-28T18:00:00.000,subway,610,"Grand Central-42 St (S,4,5,6,7)",Manhattan,metrocard,Metrocard - Unlimited 7-Day,466.0,0.0
2022-11-28T06:00:00.000,subway,602,"14 St-Union Sq (L,N,Q,R,W,4,5,6)",Manhattan,metrocard,Metrocard - Seniors & Disability,15.0,5.0
2022-05-31T20:00:00.000,subway,404,28 St (6),Manhattan,omny,OMNY - Full Fare,164.0,2.0
2022-11-28T23:00:00.000,subway,619,"Broadway-Lafayette St (B,D,F,M)/Bleecker St (6)",Manhattan,metrocard,Metrocard - Other,12.0,0.0
2022-11-28T05:00:00.000,subway,8,"5 Av/59 St (N,R,W)",Manhattan,metrocard,Metrocard - Unlimited 30-Day,4.0,0.0
2022-11-28T17:00:00.000,subway,475,96 St (Q),Manhattan,metrocard,Metrocard - Unlimited 7-Day,81.0,0.0
2022-11-28T09:00:00.000,subway,607,"34 St-Herald Sq (B,D,F,M,N,Q,R,W)",Manhattan,metrocard,Metrocard - Other,130.0,3.0
2022-05-31T06:00:00.000,subway,396,96 St (6),Manhattan,metrocard,Metrocard - Full Fare,51.0,3.0
2022-11-28T18:00:00.000,subway,619,"Broadway-Lafayette St (B,D,F,M)/Bleecker St (6)",Manhattan,metrocard,Metrocard - Fair Fare,52.0,0.0
2022-11-28T07:00:00.000,subway,610,"Grand Central-42 St (S,4,5,6,7)",Manhattan,metrocard,Metrocard - Unlimited 7-Day,137.0,0.0
2022-11-28T02:00:00.000,subway,476,86 St (Q),Manhattan,metrocard,Metrocard - Unlimited 30-Day,1.0,0.0
2022-11-28T06:00:00.000,subway,9,"57 St-7 Av (N,Q,R,W)",Manhattan,metrocard,Metrocard - Students,2.0,0.0
2022-05-31T20:00:00.000,subway,394,110 St (6),Manhattan,metrocard,Metrocard - Unlimited 7-Day,35.0,0.0
2022-11-28T06:00:00.000,subway,477,72 St (Q),Manhattan,metrocard,Metrocard - Unlimited 7-Day,2.0,0.0
2022-11-28T19:00:00.000,subway,471,34 St-Hudson Yards (7),Manhattan,metrocard,Metrocard - Students,11.0,0.0
2022-11-28T01:00:00.000,subway,613,"Lexington Av (N,R,W)/59 St (4,5,6)",Manhattan,metrocard,Metrocard - Other,3.0,0.0
2022-11-28T08:00:00.000,subway,9,"57 St-7 Av (N,Q,R,W)",Manhattan,metrocard,Metrocard - Other,28.0,1.0
2022-11-28T13:00:00.000,subway,476,86 St (Q),Manhattan,metrocard,Metrocard - Full Fare,113.0,1.0
2022-05-31T06:00:00.000,subway,396,96 St (6),Manhattan,metrocard,Metrocard - Unlimited 30-Day,38.0,0.0
2022-11-28T15:00:00.000,subway,610,"Grand Central-42 St (S,4,5,6,7)",Manhattan,metrocard,Metrocard - Students,151.0,7.0
2022-11-28T15:00:00.000,subway,607,"34 St-Herald Sq (B,D,F,M,N,Q,R,W)",Manhattan,metrocard,Metrocard - Unlimited 7-Day,588.0,0.0
2022-05-31T19:00:00.000,subway,397,"86 St (4,5,6)",Manhattan,metrocard,Metrocard - Seniors & Disability,32.0,5.0
2022-05-31T10:00:00.000,subway,394,110 St (6),Manhattan,metrocard,Metrocard - Other,15.0,1.0
2022-05-31T02:00:00.000,subway,397,"86 St (4,5,6)",Manhattan,metrocard,Metrocard - Full Fare,5.0,0.0
2022-05-31T16:00:00.000,subway,399,68 St-Hunter College (6),Manhattan,metrocard,Metrocard - Full Fare,632.0,48.0
2022-05-31T20:00:00.000,subway,403,33 St (6),Manhattan,metrocard,Metrocard - Students,9.0,0.0
2022-11-28T06:00:00.000,subway,602,"14 St-Union Sq (L,N,Q,R,W,4,5,6)",Manhattan,metrocard,Metrocard - Other,40.0,1.0
2022-11-28T21:00:00.000,subway,607,"34 St-Herald Sq (B,D,F,M,N,Q,R,W)",Manhattan,metrocard,Metrocard - Students,3.0,0.0
2022-11-28T15:00:00.000,subway,602,"14 St-Union Sq (L,N,Q,R,W,4,5,6)",Manhattan,metrocard,Metrocard - Other,199.0,7.0
2022-11-28T19:00:00.000,subway,9,"57 St-7 Av (N,Q,R,W)",Manhattan,omny,OMNY - Full Fare,730.0,7.0
2022-11-28T06:00:00.000,subway,471,34 St-Hudson Yards (7),Manhattan,metrocard,Metrocard - Full Fare,33.0,0.0
2022-11-28T15:00:00.000,subway,610,"Grand Central-42 St (S,4,5,6,7)",Manhattan,metrocard,Metrocard - Other,299.0,2.0
2022-11-28T02:00:00.000,subway,607,"34 St-Herald Sq (B,D,F,M,N,Q,R,W)",Manhattan,metrocard,Metrocard - Seniors & Disability,2.0,0.0
2022-11-28T16:00:00.000,subway,612,"Lexington Av-53 St (E,M)/51 St (6)",Manhattan,metrocard,Metrocard - Fair Fare,77.0,1.0
2022-05-31T15:00:00.000,subway,395,103 St (6),Manhattan,metrocard,Metrocard - Fair Fare,39.0,1.0
2022-11-28T14:00:00.000,subway,618,"14 St (A,C,E)/8 Av (L)",Manhattan,metrocard,Metrocard - Other,45.0,1.0
2022-11-28T13:00:00.000,subway,607,"34 St-Herald Sq (B,D,F,M,N,Q,R,W)",Manhattan,metrocard,Metrocard - Full Fare,792.0,7.0
2022-11-28T22:00:00.000,subway,605,"168 St (A,C,1)",Manhattan,metrocard,Metrocard - Other,14.0,0.0
2022-11-28T11:00:00.000,subway,8,"5 Av/59 St (N,R,W)",Manhattan,metrocard,Metrocard - Other,10.0,0.0
2022-11-28T21:00:00.000,subway,308,Cathedral Pkwy (110 St) (1),Manhattan,metrocard,Metrocard - Fair Fare,9.0,1.0
2022-11-28T09:00:00.000,subway,8,"5 Av/59 St (N,R,W)",Manhattan,metrocard,Metrocard - Other,8.0,0.0
2022-05-31T15:00:00.000,subway,403,33 St (6),Manhattan,omny,OMNY - Full Fare,366.0,9.0
2022-05-31T17:00:00.000,subway,396,96 St (6),Manhattan,metrocard,Metrocard - Unlimited 30-Day,216.0,0.0
2022-11-28T18:00:00.000,subway,477,72 St (Q),Manhattan,metrocard,Metrocard - Seniors & Disability,60.0,5.0
2022-11-28T02:00:00.000,subway,605,"168 St (A,C,1)",Manhattan,omny,OMNY - Full Fare,3.0,0.0
2022-11-28T10:00:00.000,subway,613,"Lexington Av (N,R,W)/59 St (4,5,6)",Manhattan,metrocard,Metrocard - Unlimited 7-Day,128.0,0.0
2022-11-28T16:00:00.000,subway,609,"Bryant Pk (B,D,F,M)/5 Av (7)",Manhattan,metrocard,Metrocard - Fair Fare,94.0,1.0
2022-11-28T14:00:00.000,subway,602,"14 St-Union Sq (L,N,Q,R,W,4,5,6)",Manhattan,metrocard,Metrocard - Unlimited 7-Day,403.0,0.0
2022-05-31T08:00:00.000,subway,399,68 St-Hunter College (6),Manhattan,metrocard,Metrocard - Other,38.0,1.0
2022-11-28T13:00:00.000,subway,471,34 St-Hudson Yards (7),Manhattan,metrocard,Metrocard - Other,29.0,0.0
2022-11-28T23:00:00.000,subway,613,"Lexington Av (N,R,W)/59 St (4,5,6)",Manhattan,metrocard,Metrocard - Unlimited 30-Day,85.0,0.0
2022-05-31T14:00:00.000,subway,395,103 St (6),Manhattan,metrocard,Metrocard - Full Fare,113.0,0.0
2022-11-28T07:00:00.000,subway,610,"Grand Central-42 St (S,4,5,6,7)",Manhattan,metrocard,Metrocard - Seniors & Disability,105.0,4.0
2022-11-28T22:00:00.000,subway,618,"14 St (A,C,E)/8 Av (L)",Manhattan,metrocard,Metrocard - Seniors & Disability,14.0,0.0
2022-11-28T15:00:00.000,subway,609,"Bryant Pk (B,D,F,M)/5 Av (7)",Manhattan,metrocard,Metrocard - Unlimited 7-Day,283.0,0.0
2022-11-28T20:00:00.000,subway,613,"Lexington Av (N,R,W)/59 St (4,5,6)",Manhattan,metrocard,Metrocard - Seniors & Disability,24.0,2.0
2022-11-28T08:00:00.000,subway,605,"168 St (A,C,1)",Manhattan,metrocard,Metrocard - Unlimited 7-Day,139.0,0.0
2022-11-28T02:00:00.000,subway,601,"14 St (F,M,1,2,3)/6 Av (L)",Manhattan,metrocard,Metrocard - Full Fare,5.0,0.0
2022-11-28T20:00:00.000,subway,609,"Bryant Pk (B,D,F,M)/5 Av (7)",Manhattan,metrocard,Metrocard - Full Fare,299.0,4.0
2022-11-28T03:00:00.000,subway,614,"59 St-Columbus Circle (A,B,C,D,1)",Manhattan,metrocard,Metrocard - Full Fare,2.0,0.0
2022-11-28T16:00:00.000,subway,613,"Lexington Av (N,R,W)/59 St (4,5,6)",Manhattan,metrocard,Metrocard - Unlimited 7-Day,414.0,0.0
2022-11-28T10:00:00.000,subway,619,"Broadway-Lafayette St (B,D,F,M)/Bleecker St (6)",Manhattan,metrocard,Metrocard - Full Fare,83.0,0.0
2022-05-31T17:00:00.000,subway,397,"86 St (4,5,6)",Manhattan,metrocard,Metrocard - Students,163.0,4.0
2022-11-28T01:00:00.000,subway,614,"59 St-Columbus Circle (A,B,C,D,1)",Manhattan,omny,OMNY - Full Fare,42.0,1.0
2022-11-28T08:00:00.000,subway,9,"57 St-7 Av (N,Q,R,W)",Manhattan,metrocard,Metrocard - Full Fare,157.0,9.0
2022-05-31T12:00:00.000,subway,398,77 St (6),Manhattan,metrocard,Metrocard - Fair Fare,14.0,0.0
2022-11-28T09:00:00.000,subway,605,"168 St (A,C,1)",Manhattan,metrocard,Metrocard - Full Fare,130.0,5.0
2022-11-28T19:00:00.000,subway,471,34 St-Hudson Yards (7),Manhattan,metrocard,Metrocard - Unlimited 7-Day,133.0,0.0
2022-11-28T06:00:00.000,subway,618,"14 St (A,C,E)/8 Av (L)",Manhattan,omny,OMNY - Full Fare,100.0,4.0
2022-11-28T19:00:00.000,subway,602,"14 St-Union Sq (L,N,Q,R,W,4,5,6)",Manhattan,metrocard,Metrocard - Unlimited 7-Day,329.0,0.0
2022-05-31T17:00:00.000,subway,397,"86 St (4,5,6)",Manhattan,metrocard,Metrocard - Unlimited 7-Day,400.0,0.0
2022-11-28T14:00:00.000,subway,605,"168 St (A,C,1)",Manhattan,metrocard,Metrocard - Students,49.0,0.0
2022-11-28T17:00:00.000,subway,471,34 St-Hudson Yards (7),Manhattan,omny,OMNY - Full Fare,1157.0,2.0
2022-11-28T09:00:00.000,subway,308,Cathedral Pkwy (110 St) (1),Manhattan,metrocard,Metrocard - Unlimited 30-Day,59.0,0.0
2022-11-28T13:00:00.000,subway,8,"5 Av/59 St (N,R,W)",Manhattan,metrocard,Metrocard - Full Fare,105.0,1.0
2022-05-31T16:00:00.000,subway,394,110 St (6),Manhattan,metrocard,Metrocard - Seniors & Disability,12.0,1.0
2022-11-28T10:00:00.000,subway,607,"34 St-Herald Sq (B,D,F,M,N,Q,R,W)",Manhattan,metrocard,Metrocard - Full Fare,693.0,6.0
2022-11-28T22:00:00.000,subway,609,"Bryant Pk (B,D,F,M)/5 Av (7)",Manhattan,omny,OMNY - Full Fare,322.0,2.0
2022-11-28T18:00:00.000,subway,476,86 St (Q),Manhattan,metrocard,Metrocard - Students,35.0,1.0
2022-11-28T01:00:00.000,subway,619,"Broadway-Lafayette St (B,D,F,M)/Bleecker St (6)",Manhattan,metrocard,Metrocard - Fair Fare,1.0,0.0
2022-05-31T12:00:00.000,subway,396,96 St (6),Manhattan,metrocard,Metrocard - Fair Fare,18.0,1.0
2022-11-28T22:00:00.000,subway,8,"5 Av/59 St (N,R,W)",Manhattan,metrocard,Metrocard - Seniors & Disability,9.0,0.0
2022-11-28T13:00:00.000,subway,607,"34 St-Herald Sq (B,D,F,M,N,Q,R,W)",Manhattan,omny,OMNY - Full Fare,1195.0,17.0
2022-05-31T19:00:00.000,subway,397,"86 St (4,5,6)",Manhattan,metrocard,Metrocard - Full Fare,362.0,18.0
2022-11-28T12:00:00.000,subway,601,"14 St (F,M,1,2,3)/6 Av (L)",Manhattan,omny,OMNY - Seniors & Disability,3.0,0.0
2022-11-28T20:00:00.000,subway,476,86 St (Q),Manhattan,omny,OMNY - Full Fare,140.0,4.0
2022-11-28T11:00:00.000,subway,612,"Lexington Av-53 St (E,M)/51 St (6)",Manhattan,metrocard,Metrocard - Seniors & Disability,53.0,1.0
2022-11-28T22:00:00.000,subway,477,72 St (Q),Manhattan,metrocard,Metrocard - Other,14.0,0.0
2022-11-28T07:00:00.000,subway,308,Cathedral Pkwy (110 St) (1),Manhattan,metrocard,Metrocard - Other,17.0,1.0
2022-11-28T03:00:00.000,subway,308,Cathedral Pkwy (110 St) (1),Manhattan,metrocard,Metrocard - Unlimited 30-Day,1.0,0.0
2022-05-31T14:00:00.000,subway,394,110 St (6),Manhattan,metrocard,Metrocard - Unlimited 30-Day,52.0,0.0
2022-05-31T17:00:00.000,subway,396,96 St (6),Manhattan,metrocard,Metrocard - Seniors & Disability,26.0,3.0
2022-11-28T17:00:00.000,subway,309,103 St (1),Manhattan,metrocard,Metrocard - Unlimited 7-Day,63.0,0.0
2022-11-28T12:00:00.000,subway,309,103 St (1),Manhattan,metrocard,Metrocard - Full Fare,72.0,0.0
2022-11-28T12:00:00.000,subway,476,86 St (Q),Manhattan,omny,OMNY - Seniors & Disability,3.0,0.0
2022-11-28T17:00:00.000,subway,611,"Times Sq-42 St (N,Q,R,W,S,1,2,3,7)/42 St (A,C,E)",Manhattan,omny,OMNY - Seniors & Disability,7.0,1.0
2022-11-28T11:00:00.000,subway,9,"57 St-7 Av (N,Q,R,W)",Manhattan,metrocard,Metrocard - Fair Fare,6.0,1.0
2022-11-28T18:00:00.000,subway,610,"Grand Central-42 St (S,4,5,6,7)",Manhattan,metrocard,Metrocard - Fair Fare,143.0,1.0
2022-05-31T10:00:00.000,subway,404,28 St (6),Manhattan,metrocard,Metrocard - Unlimited 7-Day,70.0,0.0
2022-11-28T22:00:00.000,subway,476,86 St (Q),Manhattan,metrocard,Metrocard - Unlimited 7-Day,38.0,0.0
2022-11-28T19:00:00.000,subway,308,Cathedral Pkwy (110 St) (1),Manhattan,metrocard,Metrocard - Seniors & Disability,30.0,0.0
2022-11-28T19:00:00.000,subway,309,103 St (1),Manhattan,metrocard,Metrocard - Full Fare,61.0,2.0
2022-05-31T09:00:00.000,subway,397,"86 St (4,5,6)",Manhattan,metrocard,Metrocard - Other,83.0,2.0
2022-05-31T05:00:00.000,subway,397,"86 St (4,5,6)",Manhattan,metrocard,Metrocard - Unlimited 7-Day,11.0,0.0
2022-11-28T00:00:00.000,subway,612,"Lexington Av-53 St (E,M)/51 St (6)",Manhattan,metrocard,Metrocard - Unlimited 7-Day,24.0,0.0
2022-05-31T08:00:00.000,subway,403,33 St (6),Manhattan,omny,OMNY - Full Fare,559.0,34.0
2022-05-31T20:00:00.000,subway,394,110 St (6),Manhattan,omny,OMNY - Full Fare,53.0,1.0
2022-11-28T07:00:00.000,subway,607,"34 St-Herald Sq (B,D,F,M,N,Q,R,W)",Manhattan,metrocard,Metrocard - Unlimited 30-Day,228.0,0.0
2022-11-28T10:00:00.000,subway,307,116 St-Columbia University (1),Manhattan,omny,OMNY - Full Fare,154.0,3.0
2022-11-28T04:00:00.000,subway,602,"14 St-Union Sq (L,N,Q,R,W,4,5,6)",Manhattan,metrocard,Metrocard - Unlimited 7-Day,14.0,0.0
2022-05-31T19:00:00.000,subway,394,110 St (6),Manhattan,metrocard,Metrocard - Full Fare,56.0,1.0
2022-11-28T19:00:00.000,subway,619,"Broadway-Lafayette St (B,D,F,M)/Bleecker St (6)",Manhattan,omny,OMNY - Full Fare,1169.0,4.0
2022-11-28T09:00:00.000,subway,609,"Bryant Pk (B,D,F,M)/5 Av (7)",Manhattan,metrocard,Metrocard - Seniors & Disability,14.0,3.0
2022-11-28T12:00:00.000,subway,618,"14 St (A,C,E)/8 Av (L)",Manhattan,metrocard,Metrocard - Fair Fare,19.0,0.0
2022-11-28T13:00:00.000,subway,601,"14 St (F,M,1,2,3)/6 Av (L)",Manhattan,metrocard,Metrocard - Unlimited 30-Day,141.0,0.0
2022-11-28T18:00:00.000,subway,619,"Broadway-Lafayette St (B,D,F,M)/Bleecker St (6)",Manhattan,metrocard,Metrocard - Seniors & Disability,37.0,0.0
2022-11-28T13:00:00.000,subway,9,"57 St-7 Av (N,Q,R,W)",Manhattan,metrocard,Metrocard - Unlimited 30-Day,81.0,0.0
2022-11-28T00:00:00.000,subway,613,"Lexington Av (N,R,W)/59 St (4,5,6)",Manhattan,metrocard,Metrocard - Seniors & Disability,3.0,0.0
2022-11-28T20:00:00.000,subway,309,103 St (1),Manhattan,metrocard,Metrocard - Other,8.0,0.0
2022-11-28T14:00:00.000,subway,475,96 St (Q),Manhattan,metrocard,Metrocard - Seniors & Disability,31.0,6.0
2022-11-28T19:00:00.000,subway,8,"5 Av/59 St (N,R,W)",Manhattan,omny,OMNY - Full Fare,270.0,6.0
2022-11-28T19:00:00.000,subway,8,"5 Av/59 St (N,R,W)",Manhattan,metrocard,Metrocard - Unlimited 30-Day,90.0,0.0
2022-05-31T21:00:00.000,subway,397,"86 St (4,5,6)",Manhattan,metrocard,Metrocard - Fair Fare,21.0,0.0
2022-11-28T13:00:00.000,subway,475,96 St (Q),Manhattan,metrocard,Metrocard - Unlimited 7-Day,37.0,0.0
2022-11-28T15:00:00.000,subway,610,"Grand Central-42 St (S,4,5,6,7)",Manhattan,omny,OMNY - Full Fare,1992.0,11.0
2022-11-28T19:00:00.000,subway,614,"59 St-Columbus Circle (A,B,C,D,1)",Manhattan,metrocard,Metrocard - Fair Fare,80.0,0.0
2022-05-31T00:00:00.000,subway,394,110 St (6),Manhattan,metrocard,Metrocard - Full Fare,4.0,0.0
2022-11-28T20:00:00.000,subway,618,"14 St (A,C,E)/8 Av (L)",Manhattan,metrocard,Metrocard - Full Fare,158.0,1.0
2022-05-31T05:00:00.000,subway,398,77 St (6),Manhattan,metrocard,Metrocard - Fair Fare,1.0,0.0
2022-11-28T00:00:00.000,subway,309,103 St (1),Manhattan,metrocard,Metrocard - Fair Fare,2.0,0.0
2022-11-28T12:00:00.000,subway,613,"Lexington Av (N,R,W)/59 St (4,5,6)",Manhattan,omny,OMNY - Seniors & Disability,4.0,1.0
2022-11-28T00:00:00.000,subway,607,"34 St-Herald Sq (B,D,F,M,N,Q,R,W)",Manhattan,metrocard,Metrocard - Unlimited 7-Day,82.0,0.0
2022-11-28T19:00:00.000,subway,475,96 St (Q),Manhattan,metrocard,Metrocard - Students,10.0,0.0
2022-11-28T09:00:00.000,subway,602,"14 St-Union Sq (L,N,Q,R,W,4,5,6)",Manhattan,metrocard,Metrocard - Unlimited 7-Day,112.0,0.0
2022-11-28T17:00:00.000,subway,618,"14 St (A,C,E)/8 Av (L)",Manhattan,metrocard,Metrocard - Unlimited 7-Day,291.0,0.0
2022-11-28T08:00:00.000,subway,309,103 St (1),Manhattan,metrocard,Metrocard - Unlimited 30-Day,113.0,0.0
2022-11-28T19:00:00.000,subway,618,"14 St (A,C,E)/8 Av (L)",Manhattan,metrocard,Metrocard - Unlimited 7-Day,141.0,0.0
2022-11-28T21:00:00.000,subway,601,"14 St (F,M,1,2,3)/6 Av (L)",Manhattan,metrocard,Metrocard - Seniors & Disability,28.0,2.0
2022-05-31T10:00:00.000,subway,404,28 St (6),Manhattan,metrocard,Metrocard - Seniors & Disability,17.0,0.0
2022-11-28T17:00:00.000,subway,611,"Times Sq-42 St (N,Q,R,W,S,1,2,3,7)/42 St (A,C,E)",Manhattan,metrocard,Metrocard - Unlimited 30-Day,1169.0,0.0
2022-11-28T00:00:00.000,subway,607,"34 St-Herald Sq (B,D,F,M,N,Q,R,W)",Manhattan,metrocard,Metrocard - Other,18.0,0.0
2022-11-28T12:00:00.000,subway,602,"14 St-Union Sq (L,N,Q,R,W,4,5,6)",Manhattan,omny,OMNY - Full Fare,856.0,17.0
2022-11-28T11:00:00.000,subway,619,"Broadway-Lafayette St (B,D,F,M)/Bleecker St (6)",Manhattan,metrocard,Metrocard - Students,14.0,0.0
2022-11-28T01:00:00.000,subway,613,"Lexington Av (N,R,W)/59 St (4,5,6)",Manhattan,metrocard,Metrocard - Fair Fare,1.0,1.0
2022-05-31T14:00:00.000,subway,396,96 St (6),Manhattan,metrocard,Metrocard - Other,31.0,0.0
2022-11-28T07:00:00.000,subway,614,"59 St-Columbus Circle (A,B,C,D,1)",Manhattan,metrocard,Metrocard - Students,147.0,12.0
2022-11-28T15:00:00.000,subway,611,"Times Sq-42 St (N,Q,R,W,S,1,2,3,7)/42 St (A,C,E)",Manhattan,metrocard,Metrocard - Unlimited 7-Day,794.0,0.0
2022-05-31T22:00:00.000,subway,404,28 St (6),Manhattan,metrocard,Metrocard - Full Fare,74.0,0.0
2022-11-28T15:00:00.000,subway,611,"Times Sq-42 St (N,Q,R,W,S,1,2,3,7)/42 St (A,C,E)",Manhattan,metrocard,Metrocard - Fair Fare,158.0,0.0
2022-05-31T20:00:00.000,subway,395,103 St (6),Manhattan,metrocard,Metrocard - Students,10.0,1.0
2022-11-28T21:00:00.000,subway,477,72 St (Q),Manhattan,metrocard,Metrocard - Fair Fare,11.0,0.0
2022-05-31T03:00:00.000,subway,403,33 St (6),Manhattan,metrocard,Metrocard - Unlimited 7-Day,3.0,0.0
2022-11-28T18:00:00.000,subway,607,"34 St-Herald Sq (B,D,F,M,N,Q,R,W)",Manhattan,omny,OMNY - Full Fare,3224.0,26.0
2022-11-28T06:00:00.000,subway,9,"57 St-7 Av (N,Q,R,W)",Manhattan,metrocard,Metrocard - Fair Fare,4.0,0.0
2022-05-31T22:00:00.000,subway,396,96 St (6),Manhattan,metrocard,Metrocard - Seniors & Disability,5.0,0.0
2022-05-31T15:00:00.000,subway,398,77 St (6),Manhattan,metrocard,Metrocard - Unlimited 7-Day,290.0,0.0
2022-05-31T19:00:00.000,subway,403,33 St (6),Manhattan,metrocard,Metrocard - Students,13.0,0.0
2022-11-28T09:00:00.000,subway,614,"59 St-Columbus Circle (A,B,C,D,1)",Manhattan,metrocard,Metrocard - Fair Fare,38.0,1.0
2022-11-28T13:00:00.000,subway,611,"Times Sq-42 St (N,Q,R,W,S,1,2,3,7)/42 St (A,C,E)",Manhattan,metrocard,Metrocard - Unlimited 7-Day,460.0,0.0
2022-11-28T02:00:00.000,subway,475,96 St (Q),Manhattan,metrocard,Metrocard - Unlimited 30-Day,1.0,0.0
2022-11-28T23:00:00.000,subway,613,"Lexington Av (N,R,W)/59 St (4,5,6)",Manhattan,metrocard,Metrocard - Unlimited 7-Day,100.0,0.0
2022-05-31T06:00:00.000,subway,404,28 St (6),Manhattan,metrocard,Metrocard - Fair Fare,5.0,0.0
2022-05-31T21:00:00.000,subway,399,68 St-Hunter College (6),Manhattan,metrocard,Metrocard - Unlimited 30-Day,36.0,0.0
2022-11-28T19:00:00.000,subway,605,"168 St (A,C,1)",Manhattan,metrocard,Metrocard - Students,12.0,0.0
2022-05-31T13:00:00.000,subway,394,110 St (6),Manhattan,metrocard,Metrocard - Seniors & Disability,14.0,3.0
2022-11-28T06:00:00.000,subway,618,"14 St (A,C,E)/8 Av (L)",Manhattan,omny,OMNY - Seniors & Disability,1.0,0.0
2022-05-31T20:00:00.000,subway,404,28 St (6),Manhattan,metrocard,Metrocard - Unlimited 30-Day,68.0,0.0
2022-11-28T18:00:00.000,subway,477,72 St (Q),Manhattan,omny,OMNY - Full Fare,762.0,3.0
2022-11-28T18:00:00.000,subway,471,34 St-Hudson Yards (7),Manhattan,metrocard,Metrocard - Fair Fare,27.0,0.0
2022-05-31T16:00:00.000,subway,403,33 St (6),Manhattan,metrocard,Metrocard - Seniors & Disability,68.0,3.0
2022-11-28T16:00:00.000,subway,613,"Lexington Av (N,R,W)/59 St (4,5,6)",Manhattan,metrocard,Metrocard - Full Fare,1098.0,81.0
2022-11-28T21:00:00.000,subway,607,"34 St-Herald Sq (B,D,F,M,N,Q,R,W)",Manhattan,metrocard,Metrocard - Unlimited 7-Day,326.0,0.0
2022-05-31T20:00:00.000,subway,403,33 St (6),Manhattan,metrocard,Metrocard - Full Fare,120.0,1.0
2022-11-28T10:00:00.000,subway,619,"Broadway-Lafayette St (B,D,F,M)/Bleecker St (6)",Manhattan,metrocard,Metrocard - Fair Fare,11.0,0.0
2022-11-28T03:00:00.000,subway,607,"34 St-Herald Sq (B,D,F,M,N,Q,R,W)",Manhattan,metrocard,Metrocard - Full Fare,13.0,0.0
2022-11-28T08:00:00.000,subway,613,"Lexington Av (N,R,W)/59 St (4,5,6)",Manhattan,metrocard,Metrocard - Unlimited 30-Day,148.0,0.0
2022-11-28T05:00:00.000,subway,475,96 St (Q),Manhattan,omny,OMNY - Full Fare,46.0,6.0
2022-11-28T05:00:00.000,subway,614,"59 St-Columbus Circle (A,B,C,D,1)",Manhattan,metrocard,Metrocard - Students,1.0,0.0
2022-11-28T12:00:00.000,subway,612,"Lexington Av-53 St (E,M)/51 St (6)",Manhattan,omny,OMNY - Seniors & Disability,4.0,0.0
2022-05-31T00:00:00.000,subway,395,103 St (6),Manhattan,metrocard,Metrocard - Unlimited 7-Day,1.0,0.0
2022-11-28T12:00:00.000,subway,609,"Bryant Pk (B,D,F,M)/5 Av (7)",Manhattan,metrocard,Metrocard - Students,20.0,0.0
2022-11-28T04:00:00.000,subway,611,"Times Sq-42 St (N,Q,R,W,S,1,2,3,7)/42 St (A,C,E)",Manhattan,omny,OMNY - Full Fare,62.0,0.0
2022-05-31T16:00:00.000,subway,398,77 St (6),Manhattan,metrocard,Metrocard - Other,82.0,3.0
2022-05-31T06:00:00.000,subway,398,77 St (6),Manhattan,omny,OMNY - Full Fare,71.0,1.0
2022-11-28T23:00:00.000,subway,610,"Grand Central-42 St (S,4,5,6,7)",Manhattan,metrocard,Metrocard - Unlimited 30-Day,115.0,0.0
2022-11-28T14:00:00.000,subway,9,"57 St-7 Av (N,Q,R,W)",Manhattan,omny,OMNY - Seniors & Disability,3.0,0.0
2022-11-28T21:00:00.000,subway,612,"Lexington Av-53 St (E,M)/51 St (6)",Manhattan,omny,OMNY - Full Fare,395.0,1.0
2022-05-31T09:00:00.000,subway,333,"Wall St (2,3)",Manhattan,omny,OMNY - Full Fare,168.0,0.0
2022-11-28T17:00:00.000,subway,618,"14 St (A,C,E)/8 Av (L)",Manhattan,omny,OMNY - Full Fare,1680.0,12.0
2022-05-31T22:00:00.000,subway,403,33 St (6),Manhattan,metrocard,Metrocard - Unlimited 30-Day,55.0,0.0
2022-05-31T11:00:00.000,subway,403,33 St (6),Manhattan,metrocard,Metrocard - Fair Fare,13.0,0.0
2022-11-28T03:00:00.000,subway,475,96 St (Q),Manhattan,metrocard,Metrocard - Full Fare,2.0,1.0
2022-11-28T10:00:00.000,subway,614,"59 St-Columbus Circle (A,B,C,D,1)",Manhattan,metrocard,Metrocard - Unlimited 7-Day,155.0,0.0
2022-11-28T13:00:00.000,subway,612,"Lexington Av-53 St (E,M)/51 St (6)",Manhattan,metrocard,Metrocard - Other,42.0,2.0
2022-11-28T18:00:00.000,subway,9,"57 St-7 Av (N,Q,R,W)",Manhattan,metrocard,Metrocard - Unlimited 30-Day,263.0,0.0
2022-05-31T23:00:00.000,subway,399,68 St-Hunter College (6),Manhattan,metrocard,Metrocard - Other,9.0,1.0
2022-05-31T05:00:00.000,subway,404,28 St (6),Manhattan,omny,OMNY - Full Fare,11.0,0.0
2022-11-28T11:00:00.000,subway,471,34 St-Hudson Yards (7),Manhattan,metrocard,Metrocard - Unlimited 30-Day,21.0,0.0
2022-11-28T14:00:00.000,subway,618,"14 St (A,C,E)/8 Av (L)",Manhattan,metrocard,Metrocard - Seniors & Disability,78.0,4.0
2022-11-28T21:00:00.000,subway,602,"14 St-Union Sq (L,N,Q,R,W,4,5,6)",Manhattan,omny,OMNY - Seniors & Disability,1.0,0.0
2022-05-31T12:00:00.000,subway,398,77 St (6),Manhattan,metrocard,Metrocard - Unlimited 7-Day,84.0,0.0
2022-11-28T21:00:00.000,subway,611,"Times Sq-42 St (N,Q,R,W,S,1,2,3,7)/42 St (A,C,E)",Manhattan,omny,OMNY - Full Fare,1654.0,7.0
2022-11-28T08:00:00.000,subway,611,"Times Sq-42 St (N,Q,R,W,S,1,2,3,7)/42 St (A,C,E)",Manhattan,metrocard,Metrocard - Unlimited 7-Day,581.0,0.0
2022-11-28T06:00:00.000,subway,477,72 St (Q),Manhattan,metrocard,Metrocard - Fair Fare,1.0,0.0
2022-05-31T01:00:00.000,subway,397,"86 St (4,5,6)",Manhattan,metrocard,Metrocard - Fair Fare,3.0,0.0
2022-11-28T01:00:00.000,subway,605,"168 St (A,C,1)",Manhattan,metrocard,Metrocard - Fair Fare,1.0,0.0
2022-11-28T11:00:00.000,subway,605,"168 St (A,C,1)",Manhattan,metrocard,Metrocard - Seniors & Disability,53.0,1.0
2022-05-31T19:00:00.000,subway,399,68 St-Hunter College (6),Manhattan,metrocard,Metrocard - Unlimited 30-Day,129.0,0.0
2022-11-28T10:00:00.000,subway,607,"34 St-Herald Sq (B,D,F,M,N,Q,R,W)",Manhattan,metrocard,Metrocard - Unlimited 7-Day,212.0,0.0
2022-05-31T16:00:00.000,subway,398,77 St (6),Manhattan,metrocard,Metrocard - Unlimited 30-Day,257.0,0.0
2022-11-28T23:00:00.000,subway,477,72 St (Q),Manhattan,omny,OMNY - Full Fare,59.0,1.0
2022-05-31T22:00:00.000,subway,396,96 St (6),Manhattan,metrocard,Metrocard - Students,1.0,0.0
2022-11-28T16:00:00.000,subway,476,86 St (Q),Manhattan,metrocard,Metrocard - Fair Fare,38.0,0.0
2022-11-28T21:00:00.000,subway,619,"Broadway-Lafayette St (B,D,F,M)/Bleecker St (6)",Manhattan,omny,OMNY - Full Fare,484.0,0.0
2022-05-31T11:00:00.000,subway,394,110 St (6),Manhattan,metrocard,Metrocard - Unlimited 30-Day,28.0,0.0
2022-05-31T18:00:00.000,subway,399,68 St-Hunter College (6),Manhattan,metrocard,Metrocard - Fair Fare,35.0,2.0
2022-11-28T22:00:00.000,subway,611,"Times Sq-42 St (N,Q,R,W,S,1,2,3,7)/42 St (A,C,E)",Manhattan,metrocard,Metrocard - Fair Fare,87.0,0.0
2022-05-31T01:00:00.000,subway,398,77 St (6),Manhattan,metrocard,Metrocard - Full Fare,6.0,0.0
2022-11-28T18:00:00.000,subway,602,"14 St-Union Sq (L,N,Q,R,W,4,5,6)",Manhattan,metrocard,Metrocard - Fair Fare,119.0,3.0
2022-05-31T11:00:00.000,subway,404,28 St (6),Manhattan,omny,OMNY - Full Fare,167.0,0.0
2022-11-28T16:00:00.000,subway,9,"57 St-7 Av (N,Q,R,W)",Manhattan,metrocard,Metrocard - Unlimited 7-Day,206.0,0.0
2022-05-31T22:00:00.000,subway,397,"86 St (4,5,6)",Manhattan,metrocard,Metrocard - Fair Fare,24.0,0.0
2022-11-28T15:00:00.000,subway,614,"59 St-Columbus Circle (A,B,C,D,1)",Manhattan,metrocard,Metrocard - Unlimited 30-Day,448.0,0.0
2022-11-28T07:00:00.000,subway,610,"Grand Central-42 St (S,4,5,6,7)",Manhattan,omny,OMNY - Seniors & Disability,1.0,0.0
2022-11-28T11:00:00.000,subway,610,"Grand Central-42 St (S,4,5,6,7)",Manhattan,metrocard,Metrocard - Students,20.0,0.0
2022-11-28T14:00:00.000,subway,601,"14 St (F,M,1,2,3)/6 Av (L)",Manhattan,omny,OMNY - Full Fare,577.0,6.0
2022-11-28T22:00:00.000,subway,609,"Bryant Pk (B,D,F,M)/5 Av (7)",Manhattan,metrocard,Metrocard - Unlimited 30-Day,106.0,0.0
2022-05-31T14:00:00.000,subway,396,96 St (6),Manhattan,metrocard,Metrocard - Unlimited 7-Day,71.0,0.0
2022-05-31T17:00:00.000,subway,404,28 St (6),Manhattan,metrocard,Metrocard - Students,33.0,1.0
2022-11-28T06:00:00.000,subway,8,"5 Av/59 St (N,R,W)",Manhattan,omny,OMNY - Full Fare,15.0,3.0
2022-05-31T10:00:00.000,subway,394,110 St (6),Manhattan,metrocard,Metrocard - Unlimited 7-Day,46.0,0.0
2022-11-28T03:00:00.000,subway,476,86 St (Q),Manhattan,omny,OMNY - Full Fare,1.0,0.0
2022-11-28T11:00:00.000,subway,619,"Broadway-Lafayette St (B,D,F,M)/Bleecker St (6)",Manhattan,metrocard,Metrocard - Unlimited 7-Day,91.0,0.0
2022-11-28T18:00:00.000,subway,614,"59 St-Columbus Circle (A,B,C,D,1)",Manhattan,omny,OMNY - Seniors & Disability,2.0,0.0
2022-11-28T17:00:00.000,subway,609,"Bryant Pk (B,D,F,M)/5 Av (7)",Manhattan,metrocard,Metrocard - Unlimited 30-Day,719.0,0.0
2022-11-28T01:00:00.000,subway,619,"Broadway-Lafayette St (B,D,F,M)/Bleecker St (6)",Manhattan,metrocard,Metrocard - Full Fare,12.0,0.0
2022-11-28T18:00:00.000,subway,614,"59 St-Columbus Circle (A,B,C,D,1)",Manhattan,omny,OMNY - Full Fare,2079.0,35.0
2022-11-28T09:00:00.000,subway,611,"Times Sq-42 St (N,Q,R,W,S,1,2,3,7)/42 St (A,C,E)",Manhattan,metrocard,Metrocard - Unlimited 30-Day,435.0,0.0
2022-11-28T01:00:00.000,subway,602,"14 St-Union Sq (L,N,Q,R,W,4,5,6)",Manhattan,metrocard,Metrocard - Fair Fare,6.0,0.0
2022-11-28T12:00:00.000,subway,609,"Bryant Pk (B,D,F,M)/5 Av (7)",Manhattan,metrocard,Metrocard - Fair Fare,14.0,1.0
2022-11-28T23:00:00.000,subway,611,"Times Sq-42 St (N,Q,R,W,S,1,2,3,7)/42 St (A,C,E)",Manhattan,omny,OMNY - Full Fare,832.0,4.0
2022-05-31T09:00:00.000,subway,399,68 St-Hunter College (6),Manhattan,omny,OMNY - Full Fare,148.0,4.0
2022-05-31T23:00:00.000,subway,397,"86 St (4,5,6)",Manhattan,metrocard,Metrocard - Other,7.0,1.0
2022-11-28T13:00:00.000,subway,309,103 St (1),Manhattan,metrocard,Metrocard - Students,7.0,0.0
2022-11-28T09:00:00.000,subway,8,"5 Av/59 St (N,R,W)",Manhattan,metrocard,Metrocard - Unlimited 7-Day,24.0,0.0
2022-11-28T20:00:00.000,subway,619,"Broadway-Lafayette St (B,D,F,M)/Bleecker St (6)",Manhattan,omny,OMNY - Seniors & Disability,1.0,0.0
2022-05-31T18:00:00.000,subway,394,110 St (6),Manhattan,metrocard,Metrocard - Other,13.0,1.0
2022-05-31T13:00:00.000,subway,404,28 St (6),Manhattan,metrocard,Metrocard - Other,20.0,0.0
2022-05-31T00:00:00.000,subway,399,68 St-Hunter College (6),Manhattan,metrocard,Metrocard - Fair Fare,4.0,0.0
2022-11-28T05:00:00.000,subway,601,"14 St (F,M,1,2,3)/6 Av (L)",Manhattan,metrocard,Metrocard - Unlimited 7-Day,14.0,0.0
2022-11-28T11:00:00.000,subway,475,96 St (Q),Manhattan,omny,OMNY - Seniors & Disability,1.0,0.0
2022-11-28T08:00:00.000,subway,476,86 St (Q),Manhattan,metrocard,Metrocard - Other,106.0,2.0
2022-11-28T02:00:00.000,subway,607,"34 St-Herald Sq (B,D,F,M,N,Q,R,W)",Manhattan,metrocard,Metrocard - Unlimited 30-Day,5.0,0.0
2022-11-28T17:00:00.000,subway,614,"59 St-Columbus Circle (A,B,C,D,1)",Manhattan,metrocard,Metrocard - Unlimited 30-Day,682.0,0.0
2022-11-28T22:00:00.000,subway,618,"14 St (A,C,E)/8 Av (L)",Manhattan,metrocard,Metrocard - Other,37.0,0.0
2022-11-28T12:00:00.000,subway,8,"5 Av/59 St (N,R,W)",Manhattan,metrocard,Metrocard - Seniors & Disability,18.0,2.0
2022-11-28T08:00:00.000,subway,607,"34 St-Herald Sq (B,D,F,M,N,Q,R,W)",Manhattan,metrocard,Metrocard - Seniors & Disability,77.0,9.0
2022-11-28T22:00:00.000,subway,602,"14 St-Union Sq (L,N,Q,R,W,4,5,6)",Manhattan,omny,OMNY - Full Fare,834.0,5.0
2022-11-28T23:00:00.000,subway,611,"Times Sq-42 St (N,Q,R,W,S,1,2,3,7)/42 St (A,C,E)",Manhattan,metrocard,Metrocard - Students,1.0,0.0
2022-11-28T08:00:00.000,subway,9,"57 St-7 Av (N,Q,R,W)",Manhattan,metrocard,Metrocard - Unlimited 30-Day,85.0,0.0
2022-05-31T17:00:00.000,subway,395,103 St (6),Manhattan,omny,OMNY - Full Fare,233.0,2.0
2022-05-31T10:00:00.000,subway,395,103 St (6),Manhattan,metrocard,Metrocard - Seniors & Disability,17.0,0.0
2022-11-28T12:00:00.000,subway,612,"Lexington Av-53 St (E,M)/51 St (6)",Manhattan,metrocard,Metrocard - Students,11.0,0.0
2022-11-28T09:00:00.000,subway,618,"14 St (A,C,E)/8 Av (L)",Manhattan,metrocard,Metrocard - Unlimited 30-Day,62.0,0.0
2022-11-28T05:00:00.000,subway,613,"Lexington Av (N,R,W)/59 St (4,5,6)",Manhattan,metrocard,Metrocard - Other,4.0,0.0
2022-11-28T23:00:00.000,subway,612,"Lexington Av-53 St (E,M)/51 St (6)",Manhattan,metrocard,Metrocard - Unlimited 7-Day,95.0,0.0
2022-11-28T22:00:00.000,subway,601,"14 St (F,M,1,2,3)/6 Av (L)",Manhattan,metrocard,Metrocard - Other,39.0,1.0
2022-11-28T06:00:00.000,subway,601,"14 St (F,M,1,2,3)/6 Av (L)",Manhattan,metrocard,Metrocard - Fair Fare,6.0,0.0
2022-11-28T23:00:00.000,subway,607,"34 St-Herald Sq (B,D,F,M,N,Q,R,W)",Manhattan,metrocard,Metrocard - Seniors & Disability,16.0,0.0
2022-05-31T17:00:00.000,subway,396,96 St (6),Manhattan,metrocard,Metrocard - Fair Fare,51.0,4.0
2022-05-31T20:00:00.000,subway,403,33 St (6),Manhattan,metrocard,Metrocard - Other,29.0,0.0
2022-11-28T14:00:00.000,subway,613,"Lexington Av (N,R,W)/59 St (4,5,6)",Manhattan,omny,OMNY - Full Fare,677.0,93.0
2022-11-28T13:00:00.000,subway,614,"59 St-Columbus Circle (A,B,C,D,1)",Manhattan,omny,OMNY - Seniors & Disability,3.0,0.0
2022-11-28T19:00:00.000,subway,609,"Bryant Pk (B,D,F,M)/5 Av (7)",Manhattan,omny,OMNY - Other,2.0,0.0
2022-11-28T02:00:00.000,subway,618,"14 St (A,C,E)/8 Av (L)",Manhattan,metrocard,Metrocard - Unlimited 7-Day,11.0,0.0
2022-11-28T17:00:00.000,subway,607,"34 St-Herald Sq (B,D,F,M,N,Q,R,W)",Manhattan,metrocard,Metrocard - Unlimited 30-Day,1139.0,0.0
2022-11-28T09:00:00.000,subway,612,"Lexington Av-53 St (E,M)/51 St (6)",Manhattan,metrocard,Metrocard - Unlimited 30-Day,101.0,0.0
2022-11-28T05:00:00.000,subway,619,"Broadway-Lafayette St (B,D,F,M)/Bleecker St (6)",Manhattan,metrocard,Metrocard - Unlimited 30-Day,2.0,0.0
2022-11-28T17:00:00.000,subway,605,"168 St (A,C,1)",Manhattan,metrocard,Metrocard - Other,67.0,0.0
2022-11-28T13:00:00.000,subway,9,"57 St-7 Av (N,Q,R,W)",Manhattan,metrocard,Metrocard - Other,42.0,0.0
2022-11-28T04:00:00.000,subway,612,"Lexington Av-53 St (E,M)/51 St (6)",Manhattan,metrocard,Metrocard - Unlimited 30-Day,2.0,0.0
2022-05-31T11:00:00.000,subway,399,68 St-Hunter College (6),Manhattan,omny,OMNY - Full Fare,165.0,6.0
2022-11-28T10:00:00.000,subway,609,"Bryant Pk (B,D,F,M)/5 Av (7)",Manhattan,metrocard,Metrocard - Unlimited 30-Day,52.0,0.0
2022-05-31T23:00:00.000,subway,404,28 St (6),Manhattan,metrocard,Metrocard - Other,5.0,0.0
2022-11-28T21:00:00.000,subway,602,"14 St-Union Sq (L,N,Q,R,W,4,5,6)",Manhattan,metrocard,Metrocard - Unlimited 30-Day,261.0,0.0
2022-11-28T23:00:00.000,subway,9,"57 St-7 Av (N,Q,R,W)",Manhattan,metrocard,Metrocard - Unlimited 30-Day,63.0,0.0
2022-11-28T20:00:00.000,subway,612,"Lexington Av-53 St (E,M)/51 St (6)",Manhattan,metrocard,Metrocard - Full Fare,221.0,5.0
2022-05-31T17:00:00.000,subway,404,28 St (6),Manhattan,metrocard,Metrocard - Full Fare,417.0,0.0
2022-05-31T18:00:00.000,subway,403,33 St (6),Manhattan,metrocard,Metrocard - Unlimited 7-Day,117.0,0.0
2022-11-28T07:00:00.000,subway,471,34 St-Hudson Yards (7),Manhattan,metrocard,Metrocard - Other,27.0,0.0
2022-11-28T13:00:00.000,subway,477,72 St (Q),Manhattan,metrocard,Metrocard - Full Fare,154.0,1.0
2022-05-31T21:00:00.000,subway,398,77 St (6),Manhattan,metrocard,Metrocard - Full Fare,105.0,1.0
2022-11-28T07:00:00.000,subway,605,"168 St (A,C,1)",Manhattan,metrocard,Metrocard - Unlimited 30-Day,156.0,0.0
2022-11-28T06:00:00.000,subway,619,"Broadway-Lafayette St (B,D,F,M)/Bleecker St (6)",Manhattan,metrocard,Metrocard - Other,5.0,0.0
2022-05-31T17:00:00.000,subway,399,68 St-Hunter College (6),Manhattan,omny,OMNY - Full Fare,631.0,33.0
2022-11-28T23:00:00.000,subway,601,"14 St (F,M,1,2,3)/6 Av (L)",Manhattan,metrocard,Metrocard - Unlimited 7-Day,76.0,0.0
2022-05-31T18:00:00.000,subway,396,96 St (6),Manhattan,omny,OMNY - Full Fare,285.0,7.0
2022-11-28T23:00:00.000,subway,605,"168 St (A,C,1)",Manhattan,metrocard,Metrocard - Seniors & Disability,1.0,0.0
2022-05-31T08:00:00.000,subway,395,103 St (6),Manhattan,metrocard,Metrocard - Fair Fare,59.0,0.0
2022-05-31T20:00:00.000,subway,399,68 St-Hunter College (6),Manhattan,metrocard,Metrocard - Seniors & Disability,16.0,1.0
2022-11-28T04:00:00.000,subway,618,"14 St (A,C,E)/8 Av (L)",Manhattan,metrocard,Metrocard - Seniors & Disability,1.0,0.0
2022-11-28T09:00:00.000,subway,8,"5 Av/59 St (N,R,W)",Manhattan,metrocard,Metrocard - Unlimited 30-Day,21.0,0.0
2022-11-28T18:00:00.000,subway,475,96 St (Q),Manhattan,metrocard,Metrocard - Unlimited 30-Day,86.0,0.0
2022-11-28T09:00:00.000,subway,477,72 St (Q),Manhattan,metrocard,Metrocard - Other,34.0,0.0
2022-05-31T21:00:00.000,subway,399,68 St-Hunter College (6),Manhattan,metrocard,Metrocard - Full Fare,60.0,3.0
2022-11-28T05:00:00.000,subway,602,"14 St-Union Sq (L,N,Q,R,W,4,5,6)",Manhattan,omny,OMNY - Full Fare,32.0,3.0
2022-11-28T17:00:00.000,subway,308,Cathedral Pkwy (110 St) (1),Manhattan,metrocard,Metrocard - Unlimited 7-Day,66.0,0.0
2022-11-28T15:00:00.000,subway,611,"Times Sq-42 St (N,Q,R,W,S,1,2,3,7)/42 St (A,C,E)",Manhattan,omny,OMNY - Seniors & Disability,1.0,0.0
2022-05-31T12:00:00.000,subway,398,77 St (6),Manhattan,metrocard,Metrocard - Students,23.0,0.0
2022-11-28T09:00:00.000,subway,475,96 St (Q),Manhattan,metrocard,Metrocard - Fair Fare,40.0,3.0
2022-11-28T09:00:00.000,subway,602,"14 St-Union Sq (L,N,Q,R,W,4,5,6)",Manhattan,metrocard,Metrocard - Full Fare,320.0,25.0
2022-11-28T12:00:00.000,subway,308,Cathedral Pkwy (110 St) (1),Manhattan,metrocard,Metrocard - Fair Fare,18.0,0.0
2022-11-28T14:00:00.000,subway,308,Cathedral Pkwy (110 St) (1),Manhattan,metrocard,Metrocard - Fair Fare,21.0,0.0
2022-11-28T06:00:00.000,subway,610,"Grand Central-42 St (S,4,5,6,7)",Manhattan,metrocard,Metrocard - Unlimited 30-Day,120.0,0.0
2022-11-28T23:00:00.000,subway,308,Cathedral Pkwy (110 St) (1),Manhattan,metrocard,Metrocard - Unlimited 30-Day,18.0,0.0
2022-11-28T13:00:00.000,subway,612,"Lexington Av-53 St (E,M)/51 St (6)",Manhattan,metrocard,Metrocard - Unlimited 7-Day,126.0,0.0
2022-11-28T15:00:00.000,subway,618,"14 St (A,C,E)/8 Av (L)",Manhattan,metrocard,Metrocard - Students,368.0,1.0
2022-11-28T03:00:00.000,subway,610,"Grand Central-42 St (S,4,5,6,7)",Manhattan,metrocard,Metrocard - Unlimited 7-Day,3.0,0.0
2022-11-28T18:00:00.000,subway,309,103 St (1),Manhattan,metrocard,Metrocard - Other,30.0,0.0
2022-11-28T06:00:00.000,subway,614,"59 St-Columbus Circle (A,B,C,D,1)",Manhattan,metrocard,Metrocard - Unlimited 7-Day,39.0,0.0
2022-05-31T18:00:00.000,subway,395,103 St (6),Manhattan,metrocard,Metrocard - Full Fare,121.0,1.0
2022-11-28T00:00:00.000,subway,477,72 St (Q),Manhattan,omny,OMNY - Full Fare,11.0,0.0
2022-11-28T18:00:00.000,subway,9,"57 St-7 Av (N,Q,R,W)",Manhattan,metrocard,Metrocard - Full Fare,438.0,8.0
2022-11-28T19:00:00.000,subway,8,"5 Av/59 St (N,R,W)",Manhattan,metrocard,Metrocard - Fair Fare,6.0,0.0
2022-05-31T04:00:00.000,subway,404,28 St (6),Manhattan,metrocard,Metrocard - Other,1.0,0.0
2022-11-28T11:00:00.000,subway,611,"Times Sq-42 St (N,Q,R,W,S,1,2,3,7)/42 St (A,C,E)",Manhattan,metrocard,Metrocard - Full Fare,884.0,10.0
2022-11-28T02:00:00.000,subway,602,"14 St-Union Sq (L,N,Q,R,W,4,5,6)",Manhattan,metrocard,Metrocard - Other,11.0,0.0
2022-11-28T01:00:00.000,subway,308,Cathedral Pkwy (110 St) (1),Manhattan,metrocard,Metrocard - Full Fare,5.0,0.0
2022-11-28T07:00:00.000,subway,609,"Bryant Pk (B,D,F,M)/5 Av (7)",Manhattan,omny,OMNY - Full Fare,121.0,26.0
2022-11-28T17:00:00.000,subway,602,"14 St-Union Sq (L,N,Q,R,W,4,5,6)",Manhattan,omny,OMNY - Full Fare,3099.0,32.0
2022-11-28T21:00:00.000,subway,605,"168 St (A,C,1)",Manhattan,omny,OMNY - Full Fare,68.0,0.0
2022-05-31T01:00:00.000,subway,396,96 St (6),Manhattan,metrocard,Metrocard - Unlimited 7-Day,4.0,0.0
2022-11-28T07:00:00.000,subway,9,"57 St-7 Av (N,Q,R,W)",Manhattan,metrocard,Metrocard - Seniors & Disability,16.0,0.0
2022-05-31T02:00:00.000,subway,404,28 St (6),Manhattan,metrocard,Metrocard - Full Fare,3.0,0.0
2022-11-28T08:00:00.000,subway,609,"Bryant Pk (B,D,F,M)/5 Av (7)",Manhattan,metrocard,Metrocard - Unlimited 7-Day,57.0,0.0
2022-05-31T20:00:00.000,subway,397,"86 St (4,5,6)",Manhattan,metrocard,Metrocard - Students,43.0,3.0
2022-11-28T12:00:00.000,subway,308,Cathedral Pkwy (110 St) (1),Manhattan,metrocard,Metrocard - Unlimited 7-Day,28.0,0.0
2022-05-31T23:00:00.000,subway,396,96 St (6),Manhattan,metrocard,Metrocard - Unlimited 30-Day,21.0,0.0
2022-11-28T21:00:00.000,subway,8,"5 Av/59 St (N,R,W)",Manhattan,metrocard,Metrocard - Fair Fare,11.0,1.0
2022-05-31T08:00:00.000,subway,397,"86 St (4,5,6)",Manhattan,metrocard,Metrocard - Other,148.0,5.0
2022-11-28T12:00:00.000,subway,309,103 St (1),Manhattan,metrocard,Metrocard - Seniors & Disability,47.0,1.0
2022-11-28T20:00:00.000,subway,308,Cathedral Pkwy (110 St) (1),Manhattan,metrocard,Metrocard - Full Fare,30.0,4.0
2022-11-28T21:00:00.000,subway,602,"14 St-Union Sq (L,N,Q,R,W,4,5,6)",Manhattan,metrocard,Metrocard - Seniors & Disability,56.0,1.0
2022-11-28T00:00:00.000,subway,611,"Times Sq-42 St (N,Q,R,W,S,1,2,3,7)/42 St (A,C,E)",Manhattan,metrocard,Metrocard - Seniors & Disability,7.0,0.0
2022-11-28T20:00:00.000,subway,476,86 St (Q),Manhattan,metrocard,Metrocard - Seniors & Disability,13.0,1.0
2022-11-28T10:00:00.000,subway,601,"14 St (F,M,1,2,3)/6 Av (L)",Manhattan,metrocard,Metrocard - Other,36.0,0.0
2022-11-28T00:00:00.000,subway,471,34 St-Hudson Yards (7),Manhattan,metrocard,Metrocard - Seniors & Disability,5.0,0.0
2022-11-28T07:00:00.000,subway,477,72 St (Q),Manhattan,metrocard,Metrocard - Other,46.0,0.0
2022-11-28T00:00:00.000,subway,477,72 St (Q),Manhattan,metrocard,Metrocard - Fair Fare,1.0,0.0
2022-11-28T18:00:00.000,subway,475,96 St (Q),Manhattan,metrocard,Metrocard - Full Fare,154.0,10.0
2022-11-28T14:00:00.000,subway,610,"Grand Central-42 St (S,4,5,6,7)",Manhattan,metrocard,Metrocard - Unlimited 7-Day,441.0,0.0
2022-05-31T06:00:00.000,subway,394,110 St (6),Manhattan,metrocard,Metrocard - Full Fare,87.0,0.0
2022-11-28T12:00:00.000,subway,476,86 St (Q),Manhattan,metrocard,Metrocard - Unlimited 7-Day,39.0,0.0
2022-11-28T06:00:00.000,subway,605,"168 St (A,C,1)",Manhattan,omny,OMNY - Full Fare,139.0,1.0
2022-11-28T08:00:00.000,subway,308,Cathedral Pkwy (110 St) (1),Manhattan,omny,OMNY - Full Fare,323.0,6.0
2022-11-28T11:00:00.000,subway,309,103 St (1),Manhattan,metrocard,Metrocard - Students,6.0,0.0
2022-11-28T04:00:00.000,subway,614,"59 St-Columbus Circle (A,B,C,D,1)",Manhattan,metrocard,Metrocard - Seniors & Disability,3.0,0.0
2022-05-31T00:00:00.000,subway,405,23 St (6),Manhattan,metrocard,Metrocard - Full Fare,7.0,0.0
2022-11-28T11:00:00.000,subway,307,116 St-Columbia University (1),Manhattan,omny,OMNY - Seniors & Disability,2.0,0.0
2022-11-28T20:00:00.000,subway,614,"59 St-Columbus Circle (A,B,C,D,1)",Manhattan,metrocard,Metrocard - Students,51.0,0.0
2022-11-28T07:00:00.000,subway,476,86 St (Q),Manhattan,metrocard,Metrocard - Full Fare,184.0,3.0
2022-11-28T18:00:00.000,subway,601,"14 St (F,M,1,2,3)/6 Av (L)",Manhattan,metrocard,Metrocard - Students,74.0,0.0
2022-11-28T17:00:00.000,subway,602,"14 St-Union Sq (L,N,Q,R,W,4,5,6)",Manhattan,metrocard,Metrocard - Students,345.0,6.0
2022-11-28T17:00:00.000,subway,476,86 St (Q),Manhattan,metrocard,Metrocard - Full Fare,293.0,10.0
2022-11-28T06:00:00.000,subway,9,"57 St-7 Av (N,Q,R,W)",Manhattan,metrocard,Metrocard - Seniors & Disability,6.0,3.0
2022-05-31T20:00:00.000,subway,395,103 St (6),Manhattan,omny,OMNY - Full Fare,53.0,0.0
2022-11-28T19:00:00.000,subway,611,"Times Sq-42 St (N,Q,R,W,S,1,2,3,7)/42 St (A,C,E)",Manhattan,metrocard,Metrocard - Other,243.0,2.0
2022-11-28T15:00:00.000,subway,618,"14 St (A,C,E)/8 Av (L)",Manhattan,metrocard,Metrocard - Full Fare,522.0,7.0
2022-05-31T18:00:00.000,subway,404,28 St (6),Manhattan,metrocard,Metrocard - Unlimited 30-Day,141.0,0.0
2022-11-28T11:00:00.000,subway,607,"34 St-Herald Sq (B,D,F,M,N,Q,R,W)",Manhattan,metrocard,Metrocard - Unlimited 7-Day,293.0,0.0
2022-05-31T10:00:00.000,subway,395,103 St (6),Manhattan,metrocard,Metrocard - Other,15.0,0.0
2022-11-28T06:00:00.000,subway,619,"Broadway-Lafayette St (B,D,F,M)/Bleecker St (6)",Manhattan,omny,OMNY - Full Fare,84.0,2.0
2022-11-28T06:00:00.000,subway,611,"Times Sq-42 St (N,Q,R,W,S,1,2,3,7)/42 St (A,C,E)",Manhattan,omny,OMNY - Full Fare,2151.0,77.0
2022-05-31T06:00:00.000,subway,394,110 St (6),Manhattan,metrocard,Metrocard - Other,19.0,0.0
2022-05-31T09:00:00.000,subway,396,96 St (6),Manhattan,omny,OMNY - Full Fare,210.0,15.0
2022-11-28T13:00:00.000,subway,612,"Lexington Av-53 St (E,M)/51 St (6)",Manhattan,metrocard,Metrocard - Students,21.0,0.0
2022-11-28T02:00:00.000,subway,609,"Bryant Pk (B,D,F,M)/5 Av (7)",Manhattan,omny,OMNY - Full Fare,12.0,0.0
2022-05-31T07:00:00.000,subway,403,33 St (6),Manhattan,metrocard,Metrocard - Full Fare,145.0,32.0
2022-11-28T16:00:00.000,subway,619,"Broadway-Lafayette St (B,D,F,M)/Bleecker St (6)",Manhattan,metrocard,Metrocard - Students,81.0,5.0
2022-05-31T19:00:00.000,subway,404,28 St (6),Manhattan,metrocard,Metrocard - Fair Fare,18.0,0.0
2022-11-28T00:00:00.000,subway,308,Cathedral Pkwy (110 St) (1),Manhattan,metrocard,Metrocard - Unlimited 7-Day,6.0,0.0
2022-11-28T19:00:00.000,subway,602,"14 St-Union Sq (L,N,Q,R,W,4,5,6)",Manhattan,metrocard,Metrocard - Students,105.0,1.0
2022-11-28T06:00:00.000,subway,471,34 St-Hudson Yards (7),Manhattan,metrocard,Metrocard - Students,3.0,0.0
2022-11-28T16:00:00.000,subway,609,"Bryant Pk (B,D,F,M)/5 Av (7)",Manhattan,metrocard,Metrocard - Full Fare,821.0,11.0
2022-11-28T03:00:00.000,subway,613,"Lexington Av (N,R,W)/59 St (4,5,6)",Manhattan,metrocard,Metrocard - Unlimited 7-Day,3.0,0.0
2022-11-28T22:00:00.000,subway,609,"Bryant Pk (B,D,F,M)/5 Av (7)",Manhattan,metrocard,Metrocard - Fair Fare,26.0,0.0
2022-05-31T18:00:00.000,subway,396,96 St (6),Manhattan,metrocard,Metrocard - Full Fare,195.0,8.0
2022-11-28T18:00:00.000,subway,618,"14 St (A,C,E)/8 Av (L)",Manhattan,metrocard,Metrocard - Seniors & Disability,47.0,1.0
2022-11-28T16:00:00.000,subway,471,34 St-Hudson Yards (7),Manhattan,metrocard,Metrocard - Full Fare,463.0,2.0
2022-11-28T21:00:00.000,subway,613,"Lexington Av (N,R,W)/59 St (4,5,6)",Manhattan,metrocard,Metrocard - Fair Fare,30.0,2.0
2022-11-28T09:00:00.000,subway,607,"34 St-Herald Sq (B,D,F,M,N,Q,R,W)",Manhattan,omny,OMNY - Seniors & Disability,1.0,0.0
2022-11-28T07:00:00.000,subway,475,96 St (Q),Manhattan,metrocard,Metrocard - Other,52.0,3.0
2022-11-28T11:00:00.000,subway,8,"5 Av/59 St (N,R,W)",Manhattan,metrocard,Metrocard - Unlimited 7-Day,56.0,0.0
2022-11-28T21:00:00.000,subway,609,"Bryant Pk (B,D,F,M)/5 Av (7)",Manhattan,metrocard,Metrocard - Unlimited 7-Day,166.0,0.0
2022-05-31T16:00:00.000,subway,403,33 St (6),Manhattan,metrocard,Metrocard - Fair Fare,48.0,0.0
2022-05-31T02:00:00.000,subway,395,103 St (6),Manhattan,metrocard,Metrocard - Other,2.0,0.0
2022-11-28T01:00:00.000,subway,602,"14 St-Union Sq (L,N,Q,R,W,4,5,6)",Manhattan,metrocard,Metrocard - Seniors & Disability,3.0,0.0
2022-05-31T04:00:00.000,subway,395,103 St (6),Manhattan,metrocard,Metrocard - Seniors & Disability,3.0,0.0
2022-11-28T02:00:00.000,subway,614,"59 St-Columbus Circle (A,B,C,D,1)",Manhattan,metrocard,Metrocard - Other,3.0,0.0
2022-11-28T21:00:00.000,subway,471,34 St-Hudson Yards (7),Manhattan,metrocard,Metrocard - Other,18.0,0.0
2022-05-31T12:00:00.000,subway,396,96 St (6),Manhattan,omny,OMNY - Full Fare,159.0,10.0
2022-11-28T00:00:00.000,subway,601,"14 St (F,M,1,2,3)/6 Av (L)",Manhattan,metrocard,Metrocard - Seniors & Disability,1.0,1.0
2022-11-28T19:00:00.000,subway,477,72 St (Q),Manhattan,omny,OMNY - Full Fare,542.0,8.0
2022-11-28T16:00:00.000,subway,471,34 St-Hudson Yards (7),Manhattan,metrocard,Metrocard - Seniors & Disability,38.0,0.0
2022-11-28T15:00:00.000,subway,607,"34 St-Herald Sq (B,D,F,M,N,Q,R,W)",Manhattan,metrocard,Metrocard - Students,175.0,5.0
2022-05-31T02:00:00.000,subway,396,96 St (6),Manhattan,metrocard,Metrocard - Full Fare,1.0,0.0
2022-11-28T20:00:00.000,subway,612,"Lexington Av-53 St (E,M)/51 St (6)",Manhattan,metrocard,Metrocard - Seniors & Disability,22.0,2.0
2022-11-28T21:00:00.000,subway,605,"168 St (A,C,1)",Manhattan,metrocard,Metrocard - Full Fare,35.0,0.0
2022-11-28T23:00:00.000,subway,476,86 St (Q),Manhattan,metrocard,Metrocard - Seniors & Disability,1.0,0.0
2022-11-28T03:00:00.000,subway,308,Cathedral Pkwy (110 St) (1),Manhattan,omny,OMNY - Full Fare,1.0,0.0
2022-11-28T18:00:00.000,subway,475,96 St (Q),Manhattan,metrocard,Metrocard - Other,38.0,1.0
2022-05-31T10:00:00.000,subway,396,96 St (6),Manhattan,omny,OMNY - Full Fare,146.0,8.0
2022-11-28T04:00:00.000,subway,611,"Times Sq-42 St (N,Q,R,W,S,1,2,3,7)/42 St (A,C,E)",Manhattan,metrocard,Metrocard - Fair Fare,10.0,0.0
2022-11-28T04:00:00.000,subway,614,"59 St-Columbus Circle (A,B,C,D,1)",Manhattan,metrocard,Metrocard - Fair Fare,1.0,0.0
2022-11-28T15:00:00.000,subway,605,"168 St (A,C,1)",Manhattan,metrocard,Metrocard - Seniors & Disability,69.0,1.0
2022-11-28T15:00:00.000,subway,612,"Lexington Av-53 St (E,M)/51 St (6)",Manhattan,metrocard,Metrocard - Full Fare,713.0,8.0
2022-05-31T22:00:00.000,subway,404,28 St (6),Manhattan,metrocard,Metrocard - Unlimited 7-Day,69.0,0.0
2022-11-28T23:00:00.000,subway,619,"Broadway-Lafayette St (B,D,F,M)/Bleecker St (6)",Manhattan,metrocard,Metrocard - Fair Fare,5.0,0.0
2022-11-28T12:00:00.000,subway,605,"168 St (A,C,1)",Manhattan,metrocard,Metrocard - Unlimited 30-Day,63.0,0.0
2022-11-28T16:00:00.000,subway,471,34 St-Hudson Yards (7),Manhattan,metrocard,Metrocard - Fair Fare,36.0,1.0
2022-11-28T18:00:00.000,subway,611,"Times Sq-42 St (N,Q,R,W,S,1,2,3,7)/42 St (A,C,E)",Manhattan,metrocard,Metrocard - Full Fare,1963.0,13.0
2022-05-31T20:00:00.000,subway,395,103 St (6),Manhattan,metrocard,Metrocard - Unlimited 30-Day,27.0,0.0
2022-11-28T11:00:00.000,subway,476,86 St (Q),Manhattan,metrocard,Metrocard - Unlimited 30-Day,49.0,0.0
2022-11-28T19:00:00.000,subway,308,Cathedral Pkwy (110 St) (1),Manhattan,omny,OMNY - Full Fare,155.0,1.0
2022-11-28T18:00:00.000,subway,610,"Grand Central-42 St (S,4,5,6,7)",Manhattan,metrocard,Metrocard - Unlimited 30-Day,951.0,0.0
2022-05-31T04:00:00.000,subway,396,96 St (6),Manhattan,metrocard,Metrocard - Unlimited 30-Day,1.0,0.0
2022-05-31T08:00:00.000,subway,404,28 St (6),Manhattan,metrocard,Metrocard - Unlimited 30-Day,67.0,0.0
2022-11-28T01:00:00.000,subway,475,96 St (Q),Manhattan,omny,OMNY - Full Fare,4.0,0.0
2022-11-28T15:00:00.000,subway,611,"Times Sq-42 St (N,Q,R,W,S,1,2,3,7)/42 St (A,C,E)",Manhattan,metrocard,Metrocard - Other,212.0,0.0
2022-11-28T11:00:00.000,subway,9,"57 St-7 Av (N,Q,R,W)",Manhattan,metrocard,Metrocard - Other,25.0,0.0
2022-11-28T23:00:00.000,subway,477,72 St (Q),Manhattan,metrocard,Metrocard - Seniors & Disability,4.0,0.0
2022-11-28T04:00:00.000,subway,610,"Grand Central-42 St (S,4,5,6,7)",Manhattan,metrocard,Metrocard - Unlimited 7-Day,10.0,0.0
2022-11-28T22:00:00.000,subway,9,"57 St-7 Av (N,Q,R,W)",Manhattan,metrocard,Metrocard - Other,38.0,0.0
2022-11-28T11:00:00.000,subway,611,"Times Sq-42 St (N,Q,R,W,S,1,2,3,7)/42 St (A,C,E)",Manhattan,omny,OMNY - Full Fare,1363.0,15.0
2022-11-28T22:00:00.000,subway,475,96 St (Q),Manhattan,metrocard,Metrocard - Fair Fare,5.0,0.0
2022-11-28T19:00:00.000,subway,307,116 St-Columbia University (1),Manhattan,omny,OMNY - Seniors & Disability,1.0,0.0
2022-11-28T08:00:00.000,subway,609,"Bryant Pk (B,D,F,M)/5 Av (7)",Manhattan,metrocard,Metrocard - Other,22.0,2.0
2022-11-28T04:00:00.000,subway,613,"Lexington Av (N,R,W)/59 St (4,5,6)",Manhattan,metrocard,Metrocard - Other,5.0,0.0
2022-11-28T12:00:00.000,subway,610,"Grand Central-42 St (S,4,5,6,7)",Manhattan,metrocard,Metrocard - Seniors & Disability,179.0,8.0
2022-11-28T18:00:00.000,subway,618,"14 St (A,C,E)/8 Av (L)",Manhattan,omny,OMNY - Full Fare,1388.0,9.0
2022-11-28T10:00:00.000,subway,619,"Broadway-Lafayette St (B,D,F,M)/Bleecker St (6)",Manhattan,metrocard,Metrocard - Other,27.0,0.0
2022-11-28T00:00:00.000,subway,308,Cathedral Pkwy (110 St) (1),Manhattan,metrocard,Metrocard - Full Fare,5.0,0.0
2022-11-28T23:00:00.000,subway,607,"34 St-Herald Sq (B,D,F,M,N,Q,R,W)",Manhattan,metrocard,Metrocard - Other,33.0,0.0
2022-11-28T07:00:00.000,subway,476,86 St (Q),Manhattan,omny,OMNY - Full Fare,486.0,7.0
2022-11-28T15:00:00.000,subway,619,"Broadway-Lafayette St (B,D,F,M)/Bleecker St (6)",Manhattan,metrocard,Metrocard - Unlimited 7-Day,212.0,0.0
2022-11-28T08:00:00.000,subway,618,"14 St (A,C,E)/8 Av (L)",Manhattan,metrocard,Metrocard - Students,57.0,1.0
2022-05-31T19:00:00.000,subway,399,68 St-Hunter College (6),Manhattan,omny,OMNY - Full Fare,285.0,8.0
2022-11-28T21:00:00.000,subway,605,"168 St (A,C,1)",Manhattan,metrocard,Metrocard - Seniors & Disability,4.0,0.0
2022-11-28T14:00:00.000,subway,475,96 St (Q),Manhattan,metrocard,Metrocard - Full Fare,141.0,6.0
2022-11-28T10:00:00.000,subway,602,"14 St-Union Sq (L,N,Q,R,W,4,5,6)",Manhattan,metrocard,Metrocard - Other,101.0,3.0
2022-11-28T20:00:00.000,subway,475,96 St (Q),Manhattan,metrocard,Metrocard - Unlimited 30-Day,38.0,0.0
2022-11-28T21:00:00.000,subway,612,"Lexington Av-53 St (E,M)/51 St (6)",Manhattan,metrocard,Metrocard - Fair Fare,19.0,0.0
2022-05-31T10:00:00.000,subway,395,103 St (6),Manhattan,metrocard,Metrocard - Fair Fare,16.0,0.0
2022-11-28T15:00:00.000,subway,614,"59 St-Columbus Circle (A,B,C,D,1)",Manhattan,omny,OMNY - Seniors & Disability,4.0,0.0
2022-11-28T10:00:00.000,subway,602,"14 St-Union Sq (L,N,Q,R,W,4,5,6)",Manhattan,omny,OMNY - Seniors & Disability,1.0,0.0
2022-05-31T23:00:00.000,subway,394,110 St (6),Manhattan,metrocard,Metrocard - Full Fare,5.0,0.0
2022-11-28T12:00:00.000,subway,613,"Lexington Av (N,R,W)/59 St (4,5,6)",Manhattan,metrocard,Metrocard - Unlimited 30-Day,138.0,0.0
2022-11-28T02:00:00.000,subway,609,"Bryant Pk (B,D,F,M)/5 Av (7)",Manhattan,metrocard,Metrocard - Unlimited 30-Day,3.0,0.0
2022-11-28T00:00:00.000,subway,613,"Lexington Av (N,R,W)/59 St (4,5,6)",Manhattan,omny,OMNY - Full Fare,57.0,7.0
2022-11-28T02:00:00.000,subway,612,"Lexington Av-53 St (E,M)/51 St (6)",Manhattan,metrocard,Metrocard - Unlimited 30-Day,4.0,0.0
2022-11-28T12:00:00.000,subway,614,"59 St-Columbus Circle (A,B,C,D,1)",Manhattan,metrocard,Metrocard - Other,113.0,0.0
2022-11-28T13:00:00.000,subway,471,34 St-Hudson Yards (7),Manhattan,omny,OMNY - Full Fare,257.0,1.0
2022-11-28T20:00:00.000,subway,9,"57 St-7 Av (N,Q,R,W)",Manhattan,metrocard,Metrocard - Full Fare,163.0,5.0
2022-11-28T22:00:00.000,subway,601,"14 St (F,M,1,2,3)/6 Av (L)",Manhattan,omny,OMNY - Seniors & Disability,1.0,0.0
2022-05-31T14:00:00.000,subway,397,"86 St (4,5,6)",Manhattan,metrocard,Metrocard - Students,84.0,3.0
2022-11-28T01:00:00.000,subway,613,"Lexington Av (N,R,W)/59 St (4,5,6)",Manhattan,metrocard,Metrocard - Full Fare,10.0,3.0
2022-11-28T00:00:00.000,subway,619,"Broadway-Lafayette St (B,D,F,M)/Bleecker St (6)",Manhattan,metrocard,Metrocard - Unlimited 7-Day,36.0,0.0
2022-11-28T19:00:00.000,subway,613,"Lexington Av (N,R,W)/59 St (4,5,6)",Manhattan,metrocard,Metrocard - Unlimited 7-Day,199.0,0.0
2022-11-28T19:00:00.000,subway,611,"Times Sq-42 St (N,Q,R,W,S,1,2,3,7)/42 St (A,C,E)",Manhattan,metrocard,Metrocard - Fair Fare,151.0,1.0
2022-11-28T19:00:00.000,subway,309,103 St (1),Manhattan,metrocard,Metrocard - Seniors & Disability,27.0,0.0
2022-11-28T05:00:00.000,subway,8,"5 Av/59 St (N,R,W)",Manhattan,metrocard,Metrocard - Other,1.0,0.0
2022-05-31T12:00:00.000,subway,396,96 St (6),Manhattan,metrocard,Metrocard - Seniors & Disability,45.0,12.0
2022-05-31T06:00:00.000,subway,395,103 St (6),Manhattan,metrocard,Metrocard - Full Fare,59.0,0.0
2022-05-31T20:00:00.000,subway,399,68 St-Hunter College (6),Manhattan,metrocard,Metrocard - Unlimited 7-Day,53.0,0.0
2022-05-31T17:00:00.000,subway,405,23 St (6),Manhattan,metrocard,Metrocard - Fair Fare,53.0,3.0
2022-11-28T04:00:00.000,subway,607,"34 St-Herald Sq (B,D,F,M,N,Q,R,W)",Manhattan,metrocard,Metrocard - Fair Fare,4.0,0.0
2022-11-28T04:00:00.000,subway,610,"Grand Central-42 St (S,4,5,6,7)",Manhattan,metrocard,Metrocard - Full Fare,9.0,1.0
2022-11-28T06:00:00.000,subway,614,"59 St-Columbus Circle (A,B,C,D,1)",Manhattan,omny,OMNY - Full Fare,143.0,9.0
2022-11-28T20:00:00.000,subway,613,"Lexington Av (N,R,W)/59 St (4,5,6)",Manhattan,metrocard,Metrocard - Fair Fare,38.0,4.0
2022-05-31T17:00:00.000,subway,404,28 St (6),Manhattan,metrocard,Metrocard - Unlimited 7-Day,99.0,0.0
2022-11-28T18:00:00.000,subway,476,86 St (Q),Manhattan,metrocard,Metrocard - Seniors & Disability,32.0,2.0
2022-11-28T00:00:00.000,subway,476,86 St (Q),Manhattan,metrocard,Metrocard - Unlimited 30-Day,7.0,0.0
2022-11-28T02:00:00.000,subway,602,"14 St-Union Sq (L,N,Q,R,W,4,5,6)",Manhattan,omny,OMNY - Full Fare,20.0,0.0
2022-11-28T06:00:00.000,subway,477,72 St (Q),Manhattan,metrocard,Metrocard - Unlimited 30-Day,38.0,0.0
2022-05-31T22:00:00.000,subway,397,"86 St (4,5,6)",Manhattan,metrocard,Metrocard - Unlimited 30-Day,68.0,0.0
2022-05-31T15:00:00.000,subway,394,110 St (6),Manhattan,omny,OMNY - Full Fare,134.0,0.0
2022-11-28T06:00:00.000,subway,619,"Broadway-Lafayette St (B,D,F,M)/Bleecker St (6)",Manhattan,metrocard,Metrocard - Full Fare,27.0,3.0
2022-11-28T16:00:00.000,subway,601,"14 St (F,M,1,2,3)/6 Av (L)",Manhattan,metrocard,Metrocard - Unlimited 30-Day,292.0,0.0
2022-05-31T07:00:00.000,subway,403,33 St (6),Manhattan,metrocard,Metrocard - Unlimited 30-Day,53.0,0.0
2022-11-28T16:00:00.000,subway,8,"5 Av/59 St (N,R,W)",Manhattan,metrocard,Metrocard - Unlimited 7-Day,154.0,0.0
2022-11-28T10:00:00.000,subway,8,"5 Av/59 St (N,R,W)",Manhattan,metrocard,Metrocard - Full Fare,51.0,3.0
2022-11-28T08:00:00.000,subway,601,"14 St (F,M,1,2,3)/6 Av (L)",Manhattan,omny,OMNY - Seniors & Disability,4.0,0.0
2022-11-28T08:00:00.000,subway,613,"Lexington Av (N,R,W)/59 St (4,5,6)",Manhattan,metrocard,Metrocard - Seniors & Disability,35.0,8.0
2022-11-28T18:00:00.000,subway,619,"Broadway-Lafayette St (B,D,F,M)/Bleecker St (6)",Manhattan,metrocard,Metrocard - Students,46.0,1.0
2022-05-31T13:00:00.000,subway,394,110 St (6),Manhattan,metrocard,Metrocard - Unlimited 7-Day,48.0,0.0
2022-11-28T22:00:00.000,subway,9,"57 St-7 Av (N,Q,R,W)",Manhattan,metrocard,Metrocard - Seniors & Disability,27.0,1.0
2022-11-28T15:00:00.000,subway,602,"14 St-Union Sq (L,N,Q,R,W,4,5,6)",Manhattan,omny,OMNY - Full Fare,1812.0,26.0
2022-11-28T12:00:00.000,subway,9,"57 St-7 Av (N,Q,R,W)",Manhattan,metrocard,Metrocard - Fair Fare,8.0,0.0
2022-11-28T13:00:00.000,subway,618,"14 St (A,C,E)/8 Av (L)",Manhattan,metrocard,Metrocard - Full Fare,261.0,3.0
2022-11-28T14:00:00.000,subway,618,"14 St (A,C,E)/8 Av (L)",Manhattan,metrocard,Metrocard - Unlimited 30-Day,134.0,0.0
2022-11-28T05:00:00.000,subway,9,"57 St-7 Av (N,Q,R,W)",Manhattan,metrocard,Metrocard - Full Fare,12.0,0.0
2022-11-28T13:00:00.000,subway,618,"14 St (A,C,E)/8 Av (L)",Manhattan,metrocard,Metrocard - Students,39.0,0.0
2022-11-28T19:00:00.000,subway,613,"Lexington Av (N,R,W)/59 St (4,5,6)",Manhattan,metrocard,Metrocard - Other,67.0,4.0
2022-11-28T22:00:00.000,subway,605,"168 St (A,C,1)",Manhattan,metrocard,Metrocard - Unlimited 30-Day,29.0,0.0
2022-05-31T00:00:00.000,subway,397,"86 St (4,5,6)",Manhattan,metrocard,Metrocard - Seniors & Disability,2.0,1.0
2022-05-31T10:00:00.000,subway,396,96 St (6),Manhattan,metrocard,Metrocard - Seniors & Disability,32.0,9.0
2022-11-28T06:00:00.000,subway,309,103 St (1),Manhattan,metrocard,Metrocard - Students,18.0,0.0
2022-11-28T19:00:00.000,subway,477,72 St (Q),Manhattan,metrocard,Metrocard - Other,39.0,1.0
2022-05-31T17:00:00.000,subway,395,103 St (6),Manhattan,metrocard,Metrocard - Unlimited 30-Day,126.0,0.0
2022-11-28T05:00:00.000,subway,612,"Lexington Av-53 St (E,M)/51 St (6)",Manhattan,metrocard,Metrocard - Unlimited 7-Day,7.0,0.0
2022-11-28T13:00:00.000,subway,618,"14 St (A,C,E)/8 Av (L)",Manhattan,omny,OMNY - Full Fare,432.0,3.0
2022-11-28T18:00:00.000,subway,601,"14 St (F,M,1,2,3)/6 Av (L)",Manhattan,omny,OMNY - Full Fare,1309.0,11.0
2022-11-28T00:00:00.000,subway,612,"Lexington Av-53 St (E,M)/51 St (6)",Manhattan,metrocard,Metrocard - Fair Fare,8.0,0.0
2022-05-31T21:00:00.000,subway,398,77 St (6),Manhattan,omny,OMNY - Full Fare,139.0,7.0
2022-05-31T17:00:00.000,subway,404,28 St (6),Manhattan,metrocard,Metrocard - Fair Fare,43.0,0.0
2022-11-28T15:00:00.000,subway,308,Cathedral Pkwy (110 St) (1),Manhattan,metrocard,Metrocard - Full Fare,132.0,3.0
2022-11-28T23:00:00.000,subway,471,34 St-Hudson Yards (7),Manhattan,metrocard,Metrocard - Unlimited 7-Day,45.0,0.0
2022-11-28T09:00:00.000,subway,607,"34 St-Herald Sq (B,D,F,M,N,Q,R,W)",Manhattan,metrocard,Metrocard - Seniors & Disability,88.0,8.0
2022-11-28T14:00:00.000,subway,308,Cathedral Pkwy (110 St) (1),Manhattan,metrocard,Metrocard - Students,46.0,1.0
2022-11-28T15:00:00.000,subway,8,"5 Av/59 St (N,R,W)",Manhattan,metrocard,Metrocard - Seniors & Disability,38.0,6.0
2022-05-31T05:00:00.000,subway,396,96 St (6),Manhattan,omny,OMNY - Full Fare,13.0,0.0
2022-05-31T11:00:00.000,subway,403,33 St (6),Manhattan,metrocard,Metrocard - Other,27.0,2.0
2022-11-28T05:00:00.000,subway,619,"Broadway-Lafayette St (B,D,F,M)/Bleecker St (6)",Manhattan,metrocard,Metrocard - Seniors & Disability,2.0,0.0
2022-11-28T07:00:00.000,subway,602,"14 St-Union Sq (L,N,Q,R,W,4,5,6)",Manhattan,metrocard,Metrocard - Unlimited 30-Day,166.0,0.0
2022-11-28T00:00:00.000,subway,475,96 St (Q),Manhattan,metrocard,Metrocard - Unlimited 30-Day,4.0,0.0
2022-05-31T04:00:00.000,subway,394,110 St (6),Manhattan,metrocard,Metrocard - Other,4.0,0.0
2022-11-28T15:00:00.000,subway,475,96 St (Q),Manhattan,metrocard,Metrocard - Unlimited 30-Day,121.0,0.0
2022-05-31T06:00:00.000,subway,404,28 St (6),Manhattan,metrocard,Metrocard - Seniors & Disability,5.0,0.0
2022-11-28T08:00:00.000,subway,610,"Grand Central-42 St (S,4,5,6,7)",Manhattan,metrocard,Metrocard - Other,325.0,10.0
2022-11-28T17:00:00.000,subway,602,"14 St-Union Sq (L,N,Q,R,W,4,5,6)",Manhattan,metrocard,Metrocard - Full Fare,1287.0,29.0
2022-05-31T08:00:00.000,subway,395,103 St (6),Manhattan,metrocard,Metrocard - Other,36.0,0.0
2022-05-31T19:00:00.000,subway,396,96 St (6),Manhattan,metrocard,Metrocard - Unlimited 30-Day,87.0,0.0
2022-11-28T14:00:00.000,subway,471,34 St-Hudson Yards (7),Manhattan,metrocard,Metrocard - Students,11.0,0.0
2022-11-28T10:00:00.000,subway,477,72 St (Q),Manhattan,metrocard,Metrocard - Full Fare,143.0,0.0
2022-11-28T17:00:00.000,subway,605,"168 St (A,C,1)",Manhattan,metrocard,Metrocard - Fair Fare,61.0,0.0
2022-11-28T00:00:00.000,subway,609,"Bryant Pk (B,D,F,M)/5 Av (7)",Manhattan,metrocard,Metrocard - Full Fare,30.0,0.0
2022-11-28T07:00:00.000,subway,619,"Broadway-Lafayette St (B,D,F,M)/Bleecker St (6)",Manhattan,metrocard,Metrocard - Students,83.0,6.0
2022-11-28T00:00:00.000,subway,618,"14 St (A,C,E)/8 Av (L)",Manhattan,metrocard,Metrocard - Other,6.0,0.0
2022-05-31T03:00:00.000,subway,399,68 St-Hunter College (6),Manhattan,metrocard,Metrocard - Unlimited 7-Day,1.0,0.0
2022-05-31T17:00:00.000,subway,396,96 St (6),Manhattan,omny,OMNY - Full Fare,520.0,12.0
2022-11-28T01:00:00.000,subway,607,"34 St-Herald Sq (B,D,F,M,N,Q,R,W)",Manhattan,metrocard,Metrocard - Other,14.0,0.0
2022-05-31T21:00:00.000,subway,404,28 St (6),Manhattan,metrocard,Metrocard - Full Fare,78.0,0.0
2022-11-28T14:00:00.000,subway,309,103 St (1),Manhattan,metrocard,Metrocard - Seniors & Disability,46.0,1.0
2022-11-28T09:00:00.000,subway,614,"59 St-Columbus Circle (A,B,C,D,1)",Manhattan,metrocard,Metrocard - Full Fare,266.0,10.0
2022-05-31T06:00:00.000,subway,394,110 St (6),Manhattan,omny,OMNY - Full Fare,63.0,0.0
2022-11-28T17:00:00.000,subway,308,Cathedral Pkwy (110 St) (1),Manhattan,omny,OMNY - Seniors & Disability,3.0,0.0
2022-05-31T12:00:00.000,subway,394,110 St (6),Manhattan,metrocard,Metrocard - Students,18.0,0.0
2022-05-31T10:00:00.000,subway,396,96 St (6),Manhattan,metrocard,Metrocard - Full Fare,125.0,8.0
2022-05-31T16:00:00.000,subway,399,68 St-Hunter College (6),Manhattan,omny,OMNY - Full Fare,485.0,24.0
2022-11-28T13:00:00.000,subway,612,"Lexington Av-53 St (E,M)/51 St (6)",Manhattan,metrocard,Metrocard - Unlimited 30-Day,141.0,0.0
2022-05-31T16:00:00.000,subway,395,103 St (6),Manhattan,metrocard,Metrocard - Full Fare,184.0,4.0
2022-11-28T13:00:00.000,subway,309,103 St (1),Manhattan,metrocard,Metrocard - Other,12.0,0.0
2022-11-28T12:00:00.000,subway,619,"Broadway-Lafayette St (B,D,F,M)/Bleecker St (6)",Manhattan,metrocard,Metrocard - Full Fare,162.0,2.0
2022-05-31T23:00:00.000,subway,404,28 St (6),Manhattan,metrocard,Metrocard - Seniors & Disability,2.0,0.0
2022-11-28T13:00:00.000,subway,602,"14 St-Union Sq (L,N,Q,R,W,4,5,6)",Manhattan,metrocard,Metrocard - Seniors & Disability,173.0,8.0
2022-11-28T13:00:00.000,subway,9,"57 St-7 Av (N,Q,R,W)",Manhattan,omny,OMNY - Full Fare,344.0,9.0
2022-11-28T07:00:00.000,subway,308,Cathedral Pkwy (110 St) (1),Manhattan,metrocard,Metrocard - Fair Fare,12.0,0.0
2022-11-28T10:00:00.000,subway,475,96 St (Q),Manhattan,metrocard,Metrocard - Unlimited 30-Day,76.0,0.0
2022-11-28T05:00:00.000,subway,618,"14 St (A,C,E)/8 Av (L)",Manhattan,metrocard,Metrocard - Unlimited 7-Day,18.0,0.0
2022-05-31T05:00:00.000,subway,395,103 St (6),Manhattan,metrocard,Metrocard - Unlimited 30-Day,14.0,0.0
2022-05-31T09:00:00.000,subway,394,110 St (6),Manhattan,metrocard,Metrocard - Seniors & Disability,26.0,0.0
2022-11-28T19:00:00.000,subway,611,"Times Sq-42 St (N,Q,R,W,S,1,2,3,7)/42 St (A,C,E)",Manhattan,metrocard,Metrocard - Seniors & Disability,168.0,4.0
2022-11-28T16:00:00.000,subway,605,"168 St (A,C,1)",Manhattan,omny,OMNY - Full Fare,729.0,4.0
2022-11-28T05:00:00.000,subway,308,Cathedral Pkwy (110 St) (1),Manhattan,metrocard,Metrocard - Other,3.0,0.0
2022-11-28T17:00:00.000,subway,619,"Broadway-Lafayette St (B,D,F,M)/Bleecker St (6)",Manhattan,metrocard,Metrocard - Full Fare,457.0,1.0
2022-11-28T16:00:00.000,subway,476,86 St (Q),Manhattan,metrocard,Metrocard - Unlimited 7-Day,119.0,0.0
2022-11-28T17:00:00.000,subway,9,"57 St-7 Av (N,Q,R,W)",Manhattan,metrocard,Metrocard - Full Fare,608.0,15.0
2022-05-31T08:00:00.000,subway,394,110 St (6),Manhattan,metrocard,Metrocard - Students,118.0,1.0
2022-11-28T20:00:00.000,subway,307,116 St-Columbia University (1),Manhattan,omny,OMNY - Full Fare,806.0,3.0
2022-11-28T11:00:00.000,subway,613,"Lexington Av (N,R,W)/59 St (4,5,6)",Manhattan,metrocard,Metrocard - Full Fare,237.0,68.0
2022-05-31T16:00:00.000,subway,396,96 St (6),Manhattan,metrocard,Metrocard - Full Fare,452.0,28.0
2022-11-28T18:00:00.000,subway,619,"Broadway-Lafayette St (B,D,F,M)/Bleecker St (6)",Manhattan,metrocard,Metrocard - Unlimited 30-Day,316.0,0.0
2022-05-31T19:00:00.000,subway,397,"86 St (4,5,6)",Manhattan,metrocard,Metrocard - Students,52.0,1.0
2022-05-31T18:00:00.000,subway,396,96 St (6),Manhattan,metrocard,Metrocard - Other,45.0,2.0
2022-05-31T00:00:00.000,subway,396,96 St (6),Manhattan,metrocard,Metrocard - Unlimited 7-Day,6.0,0.0
2022-11-28T09:00:00.000,subway,612,"Lexington Av-53 St (E,M)/51 St (6)",Manhattan,metrocard,Metrocard - Seniors & Disability,31.0,1.0
2022-11-28T21:00:00.000,subway,607,"34 St-Herald Sq (B,D,F,M,N,Q,R,W)",Manhattan,metrocard,Metrocard - Unlimited 30-Day,285.0,0.0
2022-11-28T16:00:00.000,subway,8,"5 Av/59 St (N,R,W)",Manhattan,metrocard,Metrocard - Fair Fare,23.0,0.0
2022-11-28T16:00:00.000,subway,476,86 St (Q),Manhattan,metrocard,Metrocard - Unlimited 30-Day,145.0,0.0
2022-11-28T09:00:00.000,subway,609,"Bryant Pk (B,D,F,M)/5 Av (7)",Manhattan,metrocard,Metrocard - Full Fare,135.0,9.0
2022-11-28T19:00:00.000,subway,602,"14 St-Union Sq (L,N,Q,R,W,4,5,6)",Manhattan,metrocard,Metrocard - Full Fare,624.0,18.0
2022-05-31T14:00:00.000,subway,395,103 St (6),Manhattan,metrocard,Metrocard - Seniors & Disability,21.0,1.0
2022-11-28T14:00:00.000,subway,476,86 St (Q),Manhattan,metrocard,Metrocard - Students,11.0,0.0
2022-11-28T05:00:00.000,subway,602,"14 St-Union Sq (L,N,Q,R,W,4,5,6)",Manhattan,metrocard,Metrocard - Students,1.0,0.0
2022-05-31T01:00:00.000,subway,394,110 St (6),Manhattan,metrocard,Metrocard - Unlimited 7-Day,1.0,0.0
2022-11-28T10:00:00.000,subway,308,Cathedral Pkwy (110 St) (1),Manhattan,metrocard,Metrocard - Full Fare,61.0,1.0
2022-11-28T22:00:00.000,subway,9,"57 St-7 Av (N,Q,R,W)",Manhattan,metrocard,Metrocard - Unlimited 7-Day,107.0,0.0
2022-11-28T01:00:00.000,subway,477,72 St (Q),Manhattan,metrocard,Metrocard - Unlimited 7-Day,3.0,0.0
2022-05-31T07:00:00.000,subway,404,28 St (6),Manhattan,metrocard,Metrocard - Fair Fare,13.0,0.0
2022-11-28T18:00:00.000,subway,618,"14 St (A,C,E)/8 Av (L)",Manhattan,metrocard,Metrocard - Students,53.0,1.0
2022-11-28T10:00:00.000,subway,309,103 St (1),Manhattan,metrocard,Metrocard - Unlimited 30-Day,55.0,0.0
2022-11-28T03:00:00.000,subway,602,"14 St-Union Sq (L,N,Q,R,W,4,5,6)",Manhattan,metrocard,Metrocard - Unlimited 30-Day,2.0,0.0
2022-11-28T14:00:00.000,subway,613,"Lexington Av (N,R,W)/59 St (4,5,6)",Manhattan,metrocard,Metrocard - Other,67.0,4.0
2022-11-28T19:00:00.000,subway,8,"5 Av/59 St (N,R,W)",Manhattan,metrocard,Metrocard - Students,6.0,1.0
2022-11-28T16:00:00.000,subway,610,"Grand Central-42 St (S,4,5,6,7)",Manhattan,metrocard,Metrocard - Students,122.0,2.0
2022-11-28T08:00:00.000,subway,476,86 St (Q),Manhattan,metrocard,Metrocard - Seniors & Disability,67.0,3.0
2022-11-28T19:00:00.000,subway,8,"5 Av/59 St (N,R,W)",Manhattan,metrocard,Metrocard - Other,26.0,0.0
2022-11-28T19:00:00.000,subway,614,"59 St-Columbus Circle (A,B,C,D,1)",Manhattan,metrocard,Metrocard - Seniors & Disability,77.0,4.0
2022-05-31T12:00:00.000,subway,403,33 St (6),Manhattan,metrocard,Metrocard - Fair Fare,18.0,1.0
2022-05-31T21:00:00.000,subway,403,33 St (6),Manhattan,metrocard,Metrocard - Unlimited 30-Day,58.0,0.0
2022-11-28T21:00:00.000,subway,8,"5 Av/59 St (N,R,W)",Manhattan,metrocard,Metrocard - Unlimited 7-Day,38.0,0.0
2022-11-28T09:00:00.000,subway,609,"Bryant Pk (B,D,F,M)/5 Av (7)",Manhattan,metrocard,Metrocard - Students,4.0,0.0
2022-11-28T12:00:00.000,subway,475,96 St (Q),Manhattan,omny,OMNY - Full Fare,152.0,3.0
2022-11-28T13:00:00.000,subway,605,"168 St (A,C,1)",Manhattan,metrocard,Metrocard - Unlimited 7-Day,80.0,0.0
2022-11-28T05:00:00.000,subway,614,"59 St-Columbus Circle (A,B,C,D,1)",Manhattan,metrocard,Metrocard - Seniors & Disability,6.0,1.0
2022-05-31T08:00:00.000,subway,394,110 St (6),Manhattan,metrocard,Metrocard - Unlimited 30-Day,119.0,0.0
2022-11-28T04:00:00.000,subway,605,"168 St (A,C,1)",Manhattan,metrocard,Metrocard - Seniors & Disability,3.0,1.0
2022-11-28T03:00:00.000,subway,601,"14 St (F,M,1,2,3)/6 Av (L)",Manhattan,omny,OMNY - Full Fare,5.0,0.0
2022-11-28T17:00:00.000,subway,475,96 St (Q),Manhattan,omny,OMNY - Full Fare,383.0,17.0
2022-05-31T10:00:00.000,subway,397,"86 St (4,5,6)",Manhattan,metrocard,Metrocard - Full Fare,203.0,7.0
2022-05-31T10:00:00.000,subway,396,96 St (6),Manhattan,metrocard,Metrocard - Students,12.0,1.0
2022-11-28T16:00:00.000,subway,476,86 St (Q),Manhattan,metrocard,Metrocard - Full Fare,322.0,12.0
2022-11-28T02:00:00.000,subway,611,"Times Sq-42 St (N,Q,R,W,S,1,2,3,7)/42 St (A,C,E)",Manhattan,metrocard,Metrocard - Seniors & Disability,5.0,0.0
2022-11-28T21:00:00.000,subway,8,"5 Av/59 St (N,R,W)",Manhattan,omny,OMNY - Full Fare,145.0,1.0
2022-11-28T02:00:00.000,subway,607,"34 St-Herald Sq (B,D,F,M,N,Q,R,W)",Manhattan,omny,OMNY - Full Fare,36.0,0.0
2022-11-28T07:00:00.000,subway,602,"14 St-Union Sq (L,N,Q,R,W,4,5,6)",Manhattan,metrocard,Metrocard - Unlimited 7-Day,83.0,0.0
2022-11-28T19:00:00.000,subway,308,Cathedral Pkwy (110 St) (1),Manhattan,metrocard,Metrocard - Unlimited 30-Day,31.0,0.0
2022-11-28T03:00:00.000,subway,471,34 St-Hudson Yards (7),Manhattan,metrocard,Metrocard - Full Fare,2.0,0.0
2022-11-28T10:00:00.000,subway,613,"Lexington Av (N,R,W)/59 St (4,5,6)",Manhattan,omny,OMNY - Full Fare,369.0,105.0
2022-05-31T22:00:00.000,subway,395,103 St (6),Manhattan,metrocard,Metrocard - Unlimited 7-Day,25.0,0.0
2022-11-28T09:00:00.000,subway,609,"Bryant Pk (B,D,F,M)/5 Av (7)",Manhattan,omny,OMNY - Full Fare,186.0,14.0
2022-05-31T13:00:00.000,subway,404,28 St (6),Manhattan,metrocard,Metrocard - Unlimited 30-Day,59.0,0.0
2022-05-31T13:00:00.000,subway,397,"86 St (4,5,6)",Manhattan,omny,OMNY - Full Fare,381.0,11.0
2022-11-28T19:00:00.000,subway,611,"Times Sq-42 St (N,Q,R,W,S,1,2,3,7)/42 St (A,C,E)",Manhattan,metrocard,Metrocard - Students,154.0,0.0
2022-11-28T09:00:00.000,subway,619,"Broadway-Lafayette St (B,D,F,M)/Bleecker St (6)",Manhattan,omny,OMNY - Full Fare,407.0,2.0
2022-11-28T15:00:00.000,subway,614,"59 St-Columbus Circle (A,B,C,D,1)",Manhattan,metrocard,Metrocard - Unlimited 7-Day,376.0,0.0
2022-11-28T18:00:00.000,subway,475,96 St (Q),Manhattan,omny,OMNY - Seniors & Disability,1.0,0.0
2022-11-28T19:00:00.000,subway,9,"57 St-7 Av (N,Q,R,W)",Manhattan,metrocard,Metrocard - Students,24.0,0.0
2022-05-31T06:00:00.000,subway,403,33 St (6),Manhattan,omny,OMNY - Full Fare,77.0,13.0
2022-11-28T21:00:00.000,subway,618,"14 St (A,C,E)/8 Av (L)",Manhattan,metrocard,Metrocard - Seniors & Disability,8.0,3.0
2022-11-28T00:00:00.000,subway,610,"Grand Central-42 St (S,4,5,6,7)",Manhattan,metrocard,Metrocard - Fair Fare,9.0,0.0
2022-11-28T02:00:00.000,subway,613,"Lexington Av (N,R,W)/59 St (4,5,6)",Manhattan,metrocard,Metrocard - Unlimited 7-Day,7.0,0.0
2022-05-31T02:00:00.000,subway,403,33 St (6),Manhattan,metrocard,Metrocard - Full Fare,1.0,0.0
2022-11-28T20:00:00.000,subway,612,"Lexington Av-53 St (E,M)/51 St (6)",Manhattan,metrocard,Metrocard - Other,39.0,0.0
2022-11-28T07:00:00.000,subway,611,"Times Sq-42 St (N,Q,R,W,S,1,2,3,7)/42 St (A,C,E)",Manhattan,metrocard,Metrocard - Full Fare,2989.0,65.0
2022-05-31T19:00:00.000,subway,397,"86 St (4,5,6)",Manhattan,metrocard,Metrocard - Other,72.0,4.0
2022-11-28T13:00:00.000,subway,471,34 St-Hudson Yards (7),Manhattan,metrocard,Metrocard - Full Fare,159.0,0.0
2022-11-28T10:00:00.000,subway,614,"59 St-Columbus Circle (A,B,C,D,1)",Manhattan,metrocard,Metrocard - Unlimited 30-Day,142.0,0.0
2022-11-28T05:00:00.000,subway,475,96 St (Q),Manhattan,metrocard,Metrocard - Unlimited 30-Day,17.0,0.0
2022-05-31T09:00:00.000,subway,394,110 St (6),Manhattan,metrocard,Metrocard - Full Fare,107.0,1.0
2022-11-28T06:00:00.000,subway,610,"Grand Central-42 St (S,4,5,6,7)",Manhattan,metrocard,Metrocard - Students,17.0,0.0
2022-11-28T17:00:00.000,subway,610,"Grand Central-42 St (S,4,5,6,7)",Manhattan,omny,OMNY - Full Fare,5917.0,21.0
2022-05-31T20:00:00.000,subway,396,96 St (6),Manhattan,metrocard,Metrocard - Students,6.0,0.0
2022-11-28T07:00:00.000,subway,613,"Lexington Av (N,R,W)/59 St (4,5,6)",Manhattan,metrocard,Metrocard - Unlimited 7-Day,79.0,0.0
2022-11-28T16:00:00.000,subway,601,"14 St (F,M,1,2,3)/6 Av (L)",Manhattan,omny,OMNY - Seniors & Disability,1.0,0.0
2022-11-28T17:00:00.000,subway,605,"168 St (A,C,1)",Manhattan,metrocard,Metrocard - Students,55.0,1.0
2022-11-28T06:00:00.000,subway,613,"Lexington Av (N,R,W)/59 St (4,5,6)",Manhattan,omny,OMNY - Seniors & Disability,1.0,0.0
2022-11-28T08:00:00.000,subway,611,"Times Sq-42 St (N,Q,R,W,S,1,2,3,7)/42 St (A,C,E)",Manhattan,metrocard,Metrocard - Unlimited 30-Day,727.0,0.0
2022-11-28T20:00:00.000,subway,605,"168 St (A,C,1)",Manhattan,metrocard,Metrocard - Fair Fare,10.0,0.0
2022-11-28T16:00:00.000,subway,612,"Lexington Av-53 St (E,M)/51 St (6)",Manhattan,metrocard,Metrocard - Seniors & Disability,126.0,3.0
2022-11-28T09:00:00.000,subway,618,"14 St (A,C,E)/8 Av (L)",Manhattan,metrocard,Metrocard - Fair Fare,11.0,1.0
2022-11-28T05:00:00.000,subway,308,Cathedral Pkwy (110 St) (1),Manhattan,metrocard,Metrocard - Full Fare,4.0,0.0
2022-05-31T00:00:00.000,subway,397,"86 St (4,5,6)",Manhattan,omny,OMNY - Full Fare,33.0,1.0
2022-11-28T20:00:00.000,subway,618,"14 St (A,C,E)/8 Av (L)",Manhattan,metrocard,Metrocard - Fair Fare,24.0,0.0
2022-11-28T18:00:00.000,subway,609,"Bryant Pk (B,D,F,M)/5 Av (7)",Manhattan,metrocard,Metrocard - Seniors & Disability,88.0,4.0
2022-11-28T08:00:00.000,subway,619,"Broadway-Lafayette St (B,D,F,M)/Bleecker St (6)",Manhattan,metrocard,Metrocard - Fair Fare,18.0,2.0
2022-11-28T01:00:00.000,subway,471,34 St-Hudson Yards (7),Manhattan,metrocard,Metrocard - Unlimited 7-Day,4.0,0.0
2022-11-28T17:00:00.000,subway,607,"34 St-Herald Sq (B,D,F,M,N,Q,R,W)",Manhattan,metrocard,Metrocard - Fair Fare,275.0,3.0
2022-11-28T03:00:00.000,subway,476,86 St (Q),Manhattan,metrocard,Metrocard - Unlimited 7-Day,2.0,0.0
2022-11-28T05:00:00.000,subway,475,96 St (Q),Manhattan,metrocard,Metrocard - Fair Fare,7.0,1.0
2022-11-28T11:00:00.000,subway,602,"14 St-Union Sq (L,N,Q,R,W,4,5,6)",Manhattan,metrocard,Metrocard - Fair Fare,63.0,2.0
2022-11-28T21:00:00.000,subway,476,86 St (Q),Manhattan,metrocard,Metrocard - Full Fare,52.0,0.0
2022-11-28T17:00:00.000,subway,601,"14 St (F,M,1,2,3)/6 Av (L)",Manhattan,metrocard,Metrocard - Unlimited 7-Day,261.0,0.0
2022-11-28T09:00:00.000,subway,309,103 St (1),Manhattan,metrocard,Metrocard - Unlimited 7-Day,78.0,0.0
2022-11-28T10:00:00.000,subway,476,86 St (Q),Manhattan,omny,OMNY - Seniors & Disability,1.0,0.0
2022-11-28T13:00:00.000,subway,613,"Lexington Av (N,R,W)/59 St (4,5,6)",Manhattan,omny,OMNY - Seniors & Disability,3.0,1.0
2022-11-28T11:00:00.000,subway,309,103 St (1),Manhattan,metrocard,Metrocard - Full Fare,67.0,1.0
2022-11-28T08:00:00.000,subway,475,96 St (Q),Manhattan,metrocard,Metrocard - Unlimited 7-Day,90.0,0.0
2022-11-28T11:00:00.000,subway,475,96 St (Q),Manhattan,metrocard,Metrocard - Students,101.0,1.0
2022-11-28T06:00:00.000,subway,8,"5 Av/59 St (N,R,W)",Manhattan,metrocard,Metrocard - Unlimited 7-Day,4.0,0.0
2022-05-31T08:00:00.000,subway,399,68 St-Hunter College (6),Manhattan,metrocard,Metrocard - Seniors & Disability,17.0,4.0
2022-11-28T17:00:00.000,subway,602,"14 St-Union Sq (L,N,Q,R,W,4,5,6)",Manhattan,omny,OMNY - Other,2.0,0.0
2022-05-31T16:00:00.000,subway,396,96 St (6),Manhattan,metrocard,Metrocard - Fair Fare,49.0,2.0
2022-11-28T09:00:00.000,subway,614,"59 St-Columbus Circle (A,B,C,D,1)",Manhattan,omny,OMNY - Full Fare,715.0,9.0
2022-11-28T07:00:00.000,subway,475,96 St (Q),Manhattan,omny,OMNY - Full Fare,369.0,31.0
2022-11-28T09:00:00.000,subway,308,Cathedral Pkwy (110 St) (1),Manhattan,omny,OMNY - Full Fare,185.0,1.0
2022-11-28T02:00:00.000,subway,612,"Lexington Av-53 St (E,M)/51 St (6)",Manhattan,omny,OMNY - Full Fare,9.0,1.0
2022-11-28T12:00:00.000,subway,9,"57 St-7 Av (N,Q,R,W)",Manhattan,metrocard,Metrocard - Unlimited 30-Day,73.0,0.0
2022-05-31T06:00:00.000,subway,399,68 St-Hunter College (6),Manhattan,metrocard,Metrocard - Unlimited 30-Day,18.0,0.0
2022-05-31T05:00:00.000,subway,398,77 St (6),Manhattan,metrocard,Metrocard - Unlimited 30-Day,6.0,0.0
2022-11-28T05:00:00.000,subway,471,34 St-Hudson Yards (7),Manhattan,metrocard,Metrocard - Unlimited 30-Day,11.0,0.0
2022-05-31T09:00:00.000,subway,399,68 St-Hunter College (6),Manhattan,metrocard,Metrocard - Unlimited 30-Day,48.0,0.0
2022-11-28T01:00:00.000,subway,602,"14 St-Union Sq (L,N,Q,R,W,4,5,6)",Manhattan,metrocard,Metrocard - Unlimited 7-Day,15.0,0.0
2022-11-28T15:00:00.000,subway,610,"Grand Central-42 St (S,4,5,6,7)",Manhattan,metrocard,Metrocard - Full Fare,1367.0,9.0
2022-11-28T09:00:00.000,subway,613,"Lexington Av (N,R,W)/59 St (4,5,6)",Manhattan,metrocard,Metrocard - Other,49.0,7.0
2022-11-28T16:00:00.000,subway,618,"14 St (A,C,E)/8 Av (L)",Manhattan,metrocard,Metrocard - Seniors & Disability,71.0,9.0
2022-11-28T13:00:00.000,subway,609,"Bryant Pk (B,D,F,M)/5 Av (7)",Manhattan,metrocard,Metrocard - Unlimited 30-Day,121.0,0.0
2022-05-31T13:00:00.000,subway,404,28 St (6),Manhattan,omny,OMNY - Full Fare,163.0,0.0
2022-11-28T06:00:00.000,subway,607,"34 St-Herald Sq (B,D,F,M,N,Q,R,W)",Manhattan,metrocard,Metrocard - Unlimited 30-Day,89.0,0.0
2022-11-28T12:00:00.000,subway,614,"59 St-Columbus Circle (A,B,C,D,1)",Manhattan,omny,OMNY - Seniors & Disability,9.0,1.0
2022-05-31T00:00:00.000,subway,403,33 St (6),Manhattan,metrocard,Metrocard - Other,9.0,0.0
2022-11-28T00:00:00.000,subway,612,"Lexington Av-53 St (E,M)/51 St (6)",Manhattan,metrocard,Metrocard - Full Fare,38.0,1.0
2022-11-28T07:00:00.000,subway,613,"Lexington Av (N,R,W)/59 St (4,5,6)",Manhattan,metrocard,Metrocard - Unlimited 30-Day,108.0,0.0
2022-05-31T17:00:00.000,subway,397,"86 St (4,5,6)",Manhattan,metrocard,Metrocard - Full Fare,892.0,59.0
2022-11-28T08:00:00.000,subway,613,"Lexington Av (N,R,W)/59 St (4,5,6)",Manhattan,metrocard,Metrocard - Fair Fare,21.0,4.0
2022-11-28T08:00:00.000,subway,601,"14 St (F,M,1,2,3)/6 Av (L)",Manhattan,metrocard,Metrocard - Fair Fare,12.0,2.0
2022-11-28T17:00:00.000,subway,612,"Lexington Av-53 St (E,M)/51 St (6)",Manhattan,omny,OMNY - Full Fare,3072.0,11.0
2022-11-28T16:00:00.000,subway,8,"5 Av/59 St (N,R,W)",Manhattan,metrocard,Metrocard - Unlimited 30-Day,148.0,0.0
2022-11-28T03:00:00.000,subway,9,"57 St-7 Av (N,Q,R,W)",Manhattan,metrocard,Metrocard - Unlimited 7-Day,3.0,0.0
2022-05-31T08:00:00.000,subway,399,68 St-Hunter College (6),Manhattan,metrocard,Metrocard - Fair Fare,11.0,2.0
2022-11-28T19:00:00.000,subway,475,96 St (Q),Manhattan,metrocard,Metrocard - Seniors & Disability,12.0,0.0
2022-11-28T04:00:00.000,subway,471,34 St-Hudson Yards (7),Manhattan,metrocard,Metrocard - Other,4.0,0.0
2022-11-28T03:00:00.000,subway,619,"Broadway-Lafayette St (B,D,F,M)/Bleecker St (6)",Manhattan,metrocard,Metrocard - Other,3.0,0.0
2022-11-28T14:00:00.000,subway,609,"Bryant Pk (B,D,F,M)/5 Av (7)",Manhattan,metrocard,Metrocard - Students,44.0,3.0
2022-11-28T18:00:00.000,subway,605,"168 St (A,C,1)",Manhattan,metrocard,Metrocard - Other,40.0,0.0
2022-11-28T20:00:00.000,subway,476,86 St (Q),Manhattan,metrocard,Metrocard - Other,7.0,0.0
2022-11-28T05:00:00.000,subway,607,"34 St-Herald Sq (B,D,F,M,N,Q,R,W)",Manhattan,metrocard,Metrocard - Full Fare,119.0,1.0
2022-11-28T15:00:00.000,subway,612,"Lexington Av-53 St (E,M)/51 St (6)",Manhattan,metrocard,Metrocard - Other,93.0,1.0
2022-05-31T18:00:00.000,subway,398,77 St (6),Manhattan,metrocard,Metrocard - Unlimited 30-Day,253.0,0.0
2022-11-28T16:00:00.000,subway,609,"Bryant Pk (B,D,F,M)/5 Av (7)",Manhattan,omny,OMNY - Seniors & Disability,1.0,0.0
2022-05-31T10:00:00.000,subway,397,"86 St (4,5,6)",Manhattan,metrocard,Metrocard - Fair Fare,17.0,1.0
2022-11-28T04:00:00.000,subway,609,"Bryant Pk (B,D,F,M)/5 Av (7)",Manhattan,metrocard,Metrocard - Unlimited 7-Day,5.0,0.0
2022-11-28T19:00:00.000,subway,618,"14 St (A,C,E)/8 Av (L)",Manhattan,metrocard,Metrocard - Unlimited 30-Day,185.0,0.0
2022-11-28T18:00:00.000,subway,611,"Times Sq-42 St (N,Q,R,W,S,1,2,3,7)/42 St (A,C,E)",Manhattan,metrocard,Metrocard - Unlimited 30-Day,1084.0,0.0
2022-11-28T04:00:00.000,subway,601,"14 St (F,M,1,2,3)/6 Av (L)",Manhattan,metrocard,Metrocard - Unlimited 7-Day,3.0,0.0
2022-11-28T16:00:00.000,subway,8,"5 Av/59 St (N,R,W)",Manhattan,omny,OMNY - Full Fare,503.0,12.0
2022-11-28T06:00:00.000,subway,601,"14 St (F,M,1,2,3)/6 Av (L)",Manhattan,metrocard,Metrocard - Students,5.0,0.0
2022-05-31T11:00:00.000,subway,397,"86 St (4,5,6)",Manhattan,metrocard,Metrocard - Unlimited 7-Day,88.0,0.0
2022-05-31T11:00:00.000,subway,395,103 St (6),Manhattan,metrocard,Metrocard - Students,25.0,0.0
2022-11-28T05:00:00.000,subway,618,"14 St (A,C,E)/8 Av (L)",Manhattan,metrocard,Metrocard - Seniors & Disability,1.0,0.0
2022-05-31T17:00:00.000,subway,398,77 St (6),Manhattan,metrocard,Metrocard - Seniors & Disability,69.0,6.0
2022-11-28T06:00:00.000,subway,605,"168 St (A,C,1)",Manhattan,metrocard,Metrocard - Full Fare,127.0,1.0
2022-11-28T07:00:00.000,subway,609,"Bryant Pk (B,D,F,M)/5 Av (7)",Manhattan,metrocard,Metrocard - Fair Fare,7.0,0.0
2022-11-28T14:00:00.000,subway,602,"14 St-Union Sq (L,N,Q,R,W,4,5,6)",Manhattan,metrocard,Metrocard - Unlimited 30-Day,366.0,0.0
2022-11-28T09:00:00.000,subway,9,"57 St-7 Av (N,Q,R,W)",Manhattan,metrocard,Metrocard - Fair Fare,3.0,0.0
2022-11-28T20:00:00.000,subway,308,Cathedral Pkwy (110 St) (1),Manhattan,metrocard,Metrocard - Other,8.0,0.0
2022-05-31T00:00:00.000,subway,399,68 St-Hunter College (6),Manhattan,metrocard,Metrocard - Other,4.0,0.0
2022-05-31T21:00:00.000,subway,399,68 St-Hunter College (6),Manhattan,metrocard,Metrocard - Seniors & Disability,10.0,1.0
2022-11-28T03:00:00.000,subway,475,96 St (Q),Manhattan,metrocard,Metrocard - Other,7.0,0.0
2022-05-31T19:00:00.000,subway,403,33 St (6),Manhattan,metrocard,Metrocard - Unlimited 7-Day,73.0,0.0
2022-11-28T20:00:00.000,subway,601,"14 St (F,M,1,2,3)/6 Av (L)",Manhattan,metrocard,Metrocard - Full Fare,186.0,0.0
2022-11-28T18:00:00.000,subway,614,"59 St-Columbus Circle (A,B,C,D,1)",Manhattan,metrocard,Metrocard - Fair Fare,96.0,3.0
2022-11-28T10:00:00.000,subway,308,Cathedral Pkwy (110 St) (1),Manhattan,metrocard,Metrocard - Unlimited 7-Day,21.0,0.0
2022-05-31T05:00:00.000,subway,396,96 St (6),Manhattan,metrocard,Metrocard - Other,2.0,0.0
2022-05-31T15:00:00.000,subway,399,68 St-Hunter College (6),Manhattan,metrocard,Metrocard - Other,32.0,2.0
2022-11-28T17:00:00.000,subway,607,"34 St-Herald Sq (B,D,F,M,N,Q,R,W)",Manhattan,metrocard,Metrocard - Seniors & Disability,324.0,9.0
2022-11-28T17:00:00.000,subway,607,"34 St-Herald Sq (B,D,F,M,N,Q,R,W)",Manhattan,omny,OMNY - Other,2.0,0.0
2022-11-28T19:00:00.000,subway,476,86 St (Q),Manhattan,metrocard,Metrocard - Fair Fare,11.0,0.0
2022-11-28T19:00:00.000,subway,609,"Bryant Pk (B,D,F,M)/5 Av (7)",Manhattan,metrocard,Metrocard - Unlimited 30-Day,335.0,0.0
2022-11-28T00:00:00.000,subway,610,"Grand Central-42 St (S,4,5,6,7)",Manhattan,metrocard,Metrocard - Full Fare,56.0,1.0
2022-05-31T20:00:00.000,subway,399,68 St-Hunter College (6),Manhattan,metrocard,Metrocard - Full Fare,127.0,6.0
2022-05-31T12:00:00.000,subway,403,33 St (6),Manhattan,metrocard,Metrocard - Full Fare,143.0,4.0
2022-11-28T11:00:00.000,subway,611,"Times Sq-42 St (N,Q,R,W,S,1,2,3,7)/42 St (A,C,E)",Manhattan,metrocard,Metrocard - Other,153.0,1.0
2022-11-28T06:00:00.000,subway,614,"59 St-Columbus Circle (A,B,C,D,1)",Manhattan,metrocard,Metrocard - Other,34.0,1.0
2022-05-31T05:00:00.000,subway,394,110 St (6),Manhattan,metrocard,Metrocard - Seniors & Disability,1.0,0.0
2022-11-28T16:00:00.000,subway,602,"14 St-Union Sq (L,N,Q,R,W,4,5,6)",Manhattan,metrocard,Metrocard - Fair Fare,165.0,4.0
2022-05-31T19:00:00.000,subway,403,33 St (6),Manhattan,metrocard,Metrocard - Full Fare,189.0,1.0
2022-05-31T10:00:00.000,subway,404,28 St (6),Manhattan,omny,OMNY - Full Fare,169.0,2.0
2022-05-31T15:00:00.000,subway,404,28 St (6),Manhattan,metrocard,Metrocard - Other,49.0,0.0
2022-11-28T15:00:00.000,subway,308,Cathedral Pkwy (110 St) (1),Manhattan,omny,OMNY - Full Fare,237.0,6.0
2022-11-28T09:00:00.000,subway,602,"14 St-Union Sq (L,N,Q,R,W,4,5,6)",Manhattan,metrocard,Metrocard - Seniors & Disability,101.0,10.0
2022-11-28T15:00:00.000,subway,614,"59 St-Columbus Circle (A,B,C,D,1)",Manhattan,metrocard,Metrocard - Students,677.0,29.0
2022-11-28T07:00:00.000,subway,614,"59 St-Columbus Circle (A,B,C,D,1)",Manhattan,metrocard,Metrocard - Unlimited 30-Day,147.0,0.0
2022-11-28T07:00:00.000,subway,9,"57 St-7 Av (N,Q,R,W)",Manhattan,metrocard,Metrocard - Other,21.0,0.0
2022-11-28T20:00:00.000,subway,618,"14 St (A,C,E)/8 Av (L)",Manhattan,metrocard,Metrocard - Other,58.0,0.0
2022-11-28T01:00:00.000,subway,471,34 St-Hudson Yards (7),Manhattan,metrocard,Metrocard - Other,2.0,0.0
2022-11-28T07:00:00.000,subway,602,"14 St-Union Sq (L,N,Q,R,W,4,5,6)",Manhattan,metrocard,Metrocard - Full Fare,226.0,22.0
2022-11-28T07:00:00.000,subway,601,"14 St (F,M,1,2,3)/6 Av (L)",Manhattan,metrocard,Metrocard - Seniors & Disability,43.0,2.0
2022-05-31T02:00:00.000,subway,398,77 St (6),Manhattan,metrocard,Metrocard - Seniors & Disability,1.0,0.0
2022-11-28T23:00:00.000,subway,609,"Bryant Pk (B,D,F,M)/5 Av (7)",Manhattan,metrocard,Metrocard - Other,15.0,0.0
2022-11-28T06:00:00.000,subway,612,"Lexington Av-53 St (E,M)/51 St (6)",Manhattan,metrocard,Metrocard - Students,8.0,0.0
2022-11-28T17:00:00.000,subway,605,"168 St (A,C,1)",Manhattan,metrocard,Metrocard - Full Fare,421.0,5.0
2022-11-28T23:00:00.000,subway,308,Cathedral Pkwy (110 St) (1),Manhattan,metrocard,Metrocard - Unlimited 7-Day,20.0,0.0
2022-11-28T08:00:00.000,subway,607,"34 St-Herald Sq (B,D,F,M,N,Q,R,W)",Manhattan,metrocard,Metrocard - Other,180.0,4.0
2022-11-28T16:00:00.000,subway,605,"168 St (A,C,1)",Manhattan,metrocard,Metrocard - Unlimited 30-Day,249.0,0.0
2022-11-28T09:00:00.000,subway,308,Cathedral Pkwy (110 St) (1),Manhattan,metrocard,Metrocard - Students,8.0,1.0
2022-05-31T14:00:00.000,subway,394,110 St (6),Manhattan,metrocard,Metrocard - Other,10.0,0.0
2022-05-31T14:00:00.000,subway,394,110 St (6),Manhattan,metrocard,Metrocard - Full Fare,91.0,0.0
2022-11-28T15:00:00.000,subway,477,72 St (Q),Manhattan,omny,OMNY - Full Fare,590.0,6.0
2022-11-28T20:00:00.000,subway,475,96 St (Q),Manhattan,metrocard,Metrocard - Unlimited 7-Day,25.0,0.0
2022-11-28T17:00:00.000,subway,609,"Bryant Pk (B,D,F,M)/5 Av (7)",Manhattan,metrocard,Metrocard - Unlimited 7-Day,356.0,0.0
2022-05-31T16:00:00.000,subway,404,28 St (6),Manhattan,metrocard,Metrocard - Students,37.0,0.0
2022-11-28T12:00:00.000,subway,609,"Bryant Pk (B,D,F,M)/5 Av (7)",Manhattan,metrocard,Metrocard - Other,40.0,0.0
2022-11-28T16:00:00.000,subway,619,"Broadway-Lafayette St (B,D,F,M)/Bleecker St (6)",Manhattan,omny,OMNY - Full Fare,1085.0,6.0
2022-05-31T10:00:00.000,subway,397,"86 St (4,5,6)",Manhattan,metrocard,Metrocard - Students,17.0,1.0
2022-11-28T23:00:00.000,subway,612,"Lexington Av-53 St (E,M)/51 St (6)",Manhattan,omny,OMNY - Full Fare,189.0,1.0
2022-11-28T02:00:00.000,subway,601,"14 St (F,M,1,2,3)/6 Av (L)",Manhattan,metrocard,Metrocard - Fair Fare,1.0,0.0
2022-11-28T16:00:00.000,subway,309,103 St (1),Manhattan,metrocard,Metrocard - Fair Fare,21.0,0.0
2022-11-28T16:00:00.000,subway,610,"Grand Central-42 St (S,4,5,6,7)",Manhattan,metrocard,Metrocard - Seniors & Disability,250.0,6.0
2022-11-28T14:00:00.000,subway,619,"Broadway-Lafayette St (B,D,F,M)/Bleecker St (6)",Manhattan,metrocard,Metrocard - Other,59.0,0.0
2022-05-31T15:00:00.000,subway,404,28 St (6),Manhattan,metrocard,Metrocard - Full Fare,271.0,0.0
2022-05-31T15:00:00.000,subway,398,77 St (6),Manhattan,metrocard,Metrocard - Unlimited 30-Day,186.0,0.0
2022-05-31T10:00:00.000,subway,404,28 St (6),Manhattan,metrocard,Metrocard - Students,11.0,0.0
2022-11-28T11:00:00.000,subway,476,86 St (Q),Manhattan,omny,OMNY - Full Fare,244.0,9.0
2022-11-28T00:00:00.000,subway,602,"14 St-Union Sq (L,N,Q,R,W,4,5,6)",Manhattan,metrocard,Metrocard - Other,12.0,0.0
2022-11-28T05:00:00.000,subway,601,"14 St (F,M,1,2,3)/6 Av (L)",Manhattan,metrocard,Metrocard - Full Fare,22.0,2.0
2022-11-28T21:00:00.000,subway,601,"14 St (F,M,1,2,3)/6 Av (L)",Manhattan,metrocard,Metrocard - Students,1.0,0.0
2022-11-28T19:00:00.000,subway,619,"Broadway-Lafayette St (B,D,F,M)/Bleecker St (6)",Manhattan,metrocard,Metrocard - Unlimited 7-Day,190.0,0.0
2022-11-28T22:00:00.000,subway,9,"57 St-7 Av (N,Q,R,W)",Manhattan,omny,OMNY - Full Fare,311.0,6.0
2022-11-28T07:00:00.000,subway,309,103 St (1),Manhattan,metrocard,Metrocard - Seniors & Disability,28.0,0.0
2022-05-31T07:00:00.000,subway,396,96 St (6),Manhattan,metrocard,Metrocard - Fair Fare,13.0,0.0
2022-11-28T07:00:00.000,subway,612,"Lexington Av-53 St (E,M)/51 St (6)",Manhattan,metrocard,Metrocard - Fair Fare,8.0,1.0
2022-11-28T01:00:00.000,subway,611,"Times Sq-42 St (N,Q,R,W,S,1,2,3,7)/42 St (A,C,E)",Manhattan,metrocard,Metrocard - Unlimited 30-Day,46.0,0.0
2022-11-28T18:00:00.000,subway,614,"59 St-Columbus Circle (A,B,C,D,1)",Manhattan,metrocard,Metrocard - Unlimited 7-Day,353.0,0.0
2022-11-28T07:00:00.000,subway,476,86 St (Q),Manhattan,metrocard,Metrocard - Unlimited 30-Day,123.0,0.0
2022-11-28T22:00:00.000,subway,602,"14 St-Union Sq (L,N,Q,R,W,4,5,6)",Manhattan,metrocard,Metrocard - Other,48.0,0.0
2022-05-31T04:00:00.000,subway,405,23 St (6),Manhattan,metrocard,Metrocard - Full Fare,1.0,0.0
2022-11-28T15:00:00.000,subway,613,"Lexington Av (N,R,W)/59 St (4,5,6)",Manhattan,metrocard,Metrocard - Unlimited 7-Day,327.0,0.0
2022-11-28T06:00:00.000,subway,605,"168 St (A,C,1)",Manhattan,metrocard,Metrocard - Students,27.0,1.0
2022-11-28T21:00:00.000,subway,8,"5 Av/59 St (N,R,W)",Manhattan,metrocard,Metrocard - Full Fare,64.0,0.0
2022-11-28T07:00:00.000,subway,601,"14 St (F,M,1,2,3)/6 Av (L)",Manhattan,metrocard,Metrocard - Full Fare,187.0,11.0
2022-11-28T22:00:00.000,subway,475,96 St (Q),Manhattan,metrocard,Metrocard - Other,10.0,0.0
2022-05-31T02:00:00.000,subway,403,33 St (6),Manhattan,metrocard,Metrocard - Fair Fare,1.0,0.0
2022-05-31T23:00:00.000,subway,398,77 St (6),Manhattan,metrocard,Metrocard - Unlimited 7-Day,74.0,0.0
2022-11-28T11:00:00.000,subway,605,"168 St (A,C,1)",Manhattan,omny,OMNY - Full Fare,249.0,2.0
2022-11-28T04:00:00.000,subway,619,"Broadway-Lafayette St (B,D,F,M)/Bleecker St (6)",Manhattan,metrocard,Metrocard - Unlimited 7-Day,4.0,0.0
2022-11-28T20:00:00.000,subway,607,"34 St-Herald Sq (B,D,F,M,N,Q,R,W)",Manhattan,omny,OMNY - Seniors & Disability,1.0,0.0
2022-11-28T18:00:00.000,subway,477,72 St (Q),Manhattan,metrocard,Metrocard - Unlimited 30-Day,300.0,0.0
2022-05-31T20:00:00.000,subway,398,77 St (6),Manhattan,metrocard,Metrocard - Fair Fare,16.0,1.0
2022-11-28T18:00:00.000,subway,607,"34 St-Herald Sq (B,D,F,M,N,Q,R,W)",Manhattan,omny,OMNY - Seniors & Disability,4.0,0.0
2022-11-28T08:00:00.000,subway,614,"59 St-Columbus Circle (A,B,C,D,1)",Manhattan,metrocard,Metrocard - Other,98.0,1.0
2022-11-28T03:00:00.000,subway,476,86 St (Q),Manhattan,metrocard,Metrocard - Full Fare,1.0,0.0
2022-11-28T15:00:00.000,subway,308,Cathedral Pkwy (110 St) (1),Manhattan,metrocard,Metrocard - Other,19.0,1.0
2022-11-28T10:00:00.000,subway,475,96 St (Q),Manhattan,metrocard,Metrocard - Full Fare,101.0,8.0
2022-11-28T17:00:00.000,subway,612,"Lexington Av-53 St (E,M)/51 St (6)",Manhattan,metrocard,Metrocard - Students,84.0,1.0
2022-11-28T06:00:00.000,subway,613,"Lexington Av (N,R,W)/59 St (4,5,6)",Manhattan,metrocard,Metrocard - Students,19.0,6.0
2022-11-28T22:00:00.000,subway,476,86 St (Q),Manhattan,metrocard,Metrocard - Unlimited 30-Day,47.0,0.0
2022-11-28T09:00:00.000,subway,8,"5 Av/59 St (N,R,W)",Manhattan,omny,OMNY - Full Fare,66.0,2.0
2022-11-28T08:00:00.000,subway,471,34 St-Hudson Yards (7),Manhattan,metrocard,Metrocard - Unlimited 30-Day,47.0,0.0
2022-05-31T02:00:00.000,subway,397,"86 St (4,5,6)",Manhattan,metrocard,Metrocard - Unlimited 7-Day,9.0,0.0
2022-11-28T06:00:00.000,subway,8,"5 Av/59 St (N,R,W)",Manhattan,metrocard,Metrocard - Full Fare,9.0,1.0
2022-11-28T18:00:00.000,subway,9,"57 St-7 Av (N,Q,R,W)",Manhattan,metrocard,Metrocard - Seniors & Disability,38.0,5.0
2022-11-28T00:00:00.000,subway,609,"Bryant Pk (B,D,F,M)/5 Av (7)",Manhattan,metrocard,Metrocard - Other,5.0,0.0
2022-11-28T14:00:00.000,subway,476,86 St (Q),Manhattan,metrocard,Metrocard - Seniors & Disability,53.0,3.0
2022-05-31T14:00:00.000,subway,399,68 St-Hunter College (6),Manhattan,metrocard,Metrocard - Students,141.0,12.0
2022-11-28T11:00:00.000,subway,612,"Lexington Av-53 St (E,M)/51 St (6)",Manhattan,metrocard,Metrocard - Unlimited 7-Day,113.0,0.0
2022-11-28T19:00:00.000,subway,8,"5 Av/59 St (N,R,W)",Manhattan,metrocard,Metrocard - Seniors & Disability,11.0,0.0
2022-11-28T16:00:00.000,subway,607,"34 St-Herald Sq (B,D,F,M,N,Q,R,W)",Manhattan,metrocard,Metrocard - Seniors & Disability,241.0,14.0
2022-05-31T06:00:00.000,subway,395,103 St (6),Manhattan,metrocard,Metrocard - Fair Fare,24.0,0.0
2022-11-28T05:00:00.000,subway,309,103 St (1),Manhattan,metrocard,Metrocard - Full Fare,13.0,0.0
2022-05-31T11:00:00.000,subway,398,77 St (6),Manhattan,metrocard,Metrocard - Full Fare,182.0,10.0
2022-05-31T07:00:00.000,subway,396,96 St (6),Manhattan,metrocard,Metrocard - Unlimited 7-Day,37.0,0.0
2022-11-28T09:00:00.000,subway,471,34 St-Hudson Yards (7),Manhattan,omny,OMNY - Full Fare,216.0,1.0
2022-11-28T09:00:00.000,subway,612,"Lexington Av-53 St (E,M)/51 St (6)",Manhattan,metrocard,Metrocard - Unlimited 7-Day,67.0,0.0
2022-11-28T17:00:00.000,subway,8,"5 Av/59 St (N,R,W)",Manhattan,omny,OMNY - Seniors & Disability,4.0,2.0
2022-11-28T15:00:00.000,subway,9,"57 St-7 Av (N,Q,R,W)",Manhattan,metrocard,Metrocard - Students,112.0,5.0
2022-11-28T02:00:00.000,subway,610,"Grand Central-42 St (S,4,5,6,7)",Manhattan,omny,OMNY - Full Fare,19.0,0.0
2022-11-28T21:00:00.000,subway,613,"Lexington Av (N,R,W)/59 St (4,5,6)",Manhattan,metrocard,Metrocard - Full Fare,149.0,5.0
2022-05-31T06:00:00.000,subway,397,"86 St (4,5,6)",Manhattan,metrocard,Metrocard - Seniors & Disability,16.0,4.0
2022-11-28T10:00:00.000,subway,308,Cathedral Pkwy (110 St) (1),Manhattan,metrocard,Metrocard - Other,16.0,0.0
2022-11-28T15:00:00.000,subway,307,116 St-Columbia University (1),Manhattan,omny,OMNY - Full Fare,410.0,1.0
2022-11-28T22:00:00.000,subway,610,"Grand Central-42 St (S,4,5,6,7)",Manhattan,metrocard,Metrocard - Other,110.0,0.0
2022-05-31T07:00:00.000,subway,398,77 St (6),Manhattan,metrocard,Metrocard - Seniors & Disability,22.0,4.0
2022-05-31T08:00:00.000,subway,403,33 St (6),Manhattan,metrocard,Metrocard - Other,54.0,6.0
2022-11-28T20:00:00.000,subway,309,103 St (1),Manhattan,metrocard,Metrocard - Full Fare,41.0,0.0
2022-11-28T02:00:00.000,subway,602,"14 St-Union Sq (L,N,Q,R,W,4,5,6)",Manhattan,metrocard,Metrocard - Full Fare,8.0,0.0
2022-11-28T23:00:00.000,subway,611,"Times Sq-42 St (N,Q,R,W,S,1,2,3,7)/42 St (A,C,E)",Manhattan,metrocard,Metrocard - Unlimited 7-Day,377.0,0.0
2022-11-28T09:00:00.000,subway,619,"Broadway-Lafayette St (B,D,F,M)/Bleecker St (6)",Manhattan,metrocard,Metrocard - Seniors & Disability,26.0,1.0
2022-11-28T09:00:00.000,subway,610,"Grand Central-42 St (S,4,5,6,7)",Manhattan,metrocard,Metrocard - Unlimited 7-Day,228.0,0.0
2022-11-28T19:00:00.000,subway,602,"14 St-Union Sq (L,N,Q,R,W,4,5,6)",Manhattan,omny,OMNY - Full Fare,1918.0,20.0
2022-11-28T11:00:00.000,subway,476,86 St (Q),Manhattan,metrocard,Metrocard - Other,19.0,1.0
2022-11-28T22:00:00.000,subway,602,"14 St-Union Sq (L,N,Q,R,W,4,5,6)",Manhattan,metrocard,Metrocard - Unlimited 7-Day,218.0,0.0
2022-11-28T15:00:00.000,subway,309,103 St (1),Manhattan,metrocard,Metrocard - Unlimited 30-Day,59.0,0.0
2022-11-28T12:00:00.000,subway,610,"Grand Central-42 St (S,4,5,6,7)",Manhattan,omny,OMNY - Full Fare,1171.0,11.0
2022-05-31T14:00:00.000,subway,404,28 St (6),Manhattan,metrocard,Metrocard - Full Fare,202.0,2.0
2022-11-28T14:00:00.000,subway,609,"Bryant Pk (B,D,F,M)/5 Av (7)",Manhattan,metrocard,Metrocard - Full Fare,382.0,3.0
2022-05-31T04:00:00.000,subway,394,110 St (6),Manhattan,metrocard,Metrocard - Full Fare,9.0,0.0
2022-11-28T19:00:00.000,subway,308,Cathedral Pkwy (110 St) (1),Manhattan,metrocard,Metrocard - Fair Fare,16.0,1.0
2022-11-28T23:00:00.000,subway,611,"Times Sq-42 St (N,Q,R,W,S,1,2,3,7)/42 St (A,C,E)",Manhattan,metrocard,Metrocard - Seniors & Disability,39.0,1.0
2022-11-28T05:00:00.000,subway,618,"14 St (A,C,E)/8 Av (L)",Manhattan,metrocard,Metrocard - Other,19.0,0.0
2022-11-28T23:00:00.000,subway,614,"59 St-Columbus Circle (A,B,C,D,1)",Manhattan,metrocard,Metrocard - Unlimited 7-Day,128.0,0.0
2022-11-28T16:00:00.000,subway,605,"168 St (A,C,1)",Manhattan,omny,OMNY - Seniors & Disability,1.0,0.0
2022-11-28T18:00:00.000,subway,9,"57 St-7 Av (N,Q,R,W)",Manhattan,metrocard,Metrocard - Other,127.0,1.0
2022-05-31T21:00:00.000,subway,398,77 St (6),Manhattan,metrocard,Metrocard - Other,8.0,0.0
2022-11-28T18:00:00.000,subway,475,96 St (Q),Manhattan,metrocard,Metrocard - Fair Fare,12.0,0.0
2022-11-28T12:00:00.000,subway,308,Cathedral Pkwy (110 St) (1),Manhattan,metrocard,Metrocard - Seniors & Disability,36.0,0.0
2022-11-28T18:00:00.000,subway,309,103 St (1),Manhattan,metrocard,Metrocard - Students,14.0,0.0
2022-11-28T04:00:00.000,subway,309,103 St (1),Manhattan,metrocard,Metrocard - Seniors & Disability,2.0,0.0
2022-05-31T07:00:00.000,subway,399,68 St-Hunter College (6),Manhattan,metrocard,Metrocard - Unlimited 7-Day,19.0,0.0
2022-11-28T22:00:00.000,subway,618,"14 St (A,C,E)/8 Av (L)",Manhattan,metrocard,Metrocard - Unlimited 7-Day,102.0,0.0
2022-11-28T18:00:00.000,subway,475,96 St (Q),Manhattan,metrocard,Metrocard - Students,25.0,3.0
2022-11-28T05:00:00.000,subway,309,103 St (1),Manhattan,metrocard,Metrocard - Fair Fare,3.0,0.0
2022-05-31T13:00:00.000,subway,404,28 St (6),Manhattan,metrocard,Metrocard - Fair Fare,14.0,0.0
2022-11-28T00:00:00.000,subway,611,"Times Sq-42 St (N,Q,R,W,S,1,2,3,7)/42 St (A,C,E)",Manhattan,metrocard,Metrocard - Unlimited 7-Day,199.0,0.0
2022-11-28T13:00:00.000,subway,471,34 St-Hudson Yards (7),Manhattan,metrocard,Metrocard - Seniors & Disability,14.0,0.0
2022-05-31T17:00:00.000,subway,398,77 St (6),Manhattan,metrocard,Metrocard - Fair Fare,54.0,1.0
2022-05-31T06:00:00.000,subway,403,33 St (6),Manhattan,metrocard,Metrocard - Students,1.0,0.0
2022-11-28T17:00:00.000,subway,612,"Lexington Av-53 St (E,M)/51 St (6)",Manhattan,metrocard,Metrocard - Unlimited 30-Day,588.0,0.0
2022-11-28T12:00:00.000,subway,601,"14 St (F,M,1,2,3)/6 Av (L)",Manhattan,metrocard,Metrocard - Unlimited 7-Day,101.0,0.0
2022-11-28T05:00:00.000,subway,605,"168 St (A,C,1)",Manhattan,metrocard,Metrocard - Fair Fare,12.0,0.0
2022-11-28T22:00:00.000,subway,611,"Times Sq-42 St (N,Q,R,W,S,1,2,3,7)/42 St (A,C,E)",Manhattan,metrocard,Metrocard - Full Fare,588.0,3.0
2022-11-28T11:00:00.000,subway,613,"Lexington Av (N,R,W)/59 St (4,5,6)",Manhattan,metrocard,Metrocard - Students,17.0,7.0
2022-05-31T00:00:00.000,subway,397,"86 St (4,5,6)",Manhattan,metrocard,Metrocard - Full Fare,31.0,4.0
2022-11-28T21:00:00.000,subway,613,"Lexington Av (N,R,W)/59 St (4,5,6)",Manhattan,omny,OMNY - Seniors & Disability,1.0,0.0
2022-05-31T01:00:00.000,subway,404,28 St (6),Manhattan,metrocard,Metrocard - Other,3.0,0.0
2022-05-31T19:00:00.000,subway,404,28 St (6),Manhattan,metrocard,Metrocard - Seniors & Disability,13.0,0.0
2022-11-28T17:00:00.000,subway,618,"14 St (A,C,E)/8 Av (L)",Manhattan,metrocard,Metrocard - Full Fare,550.0,9.0
2022-11-28T10:00:00.000,subway,611,"Times Sq-42 St (N,Q,R,W,S,1,2,3,7)/42 St (A,C,E)",Manhattan,omny,OMNY - Seniors & Disability,1.0,0.0
2022-11-28T09:00:00.000,subway,9,"57 St-7 Av (N,Q,R,W)",Manhattan,omny,OMNY - Full Fare,322.0,9.0
2022-11-28T00:00:00.000,subway,610,"Grand Central-42 St (S,4,5,6,7)",Manhattan,metrocard,Metrocard - Unlimited 30-Day,37.0,0.0
2022-11-28T02:00:00.000,subway,619,"Broadway-Lafayette St (B,D,F,M)/Bleecker St (6)",Manhattan,omny,OMNY - Full Fare,12.0,0.0
2022-05-31T08:00:00.000,subway,405,23 St (6),Manhattan,metrocard,Metrocard - Fair Fare,11.0,1.0
2022-11-28T14:00:00.000,subway,611,"Times Sq-42 St (N,Q,R,W,S,1,2,3,7)/42 St (A,C,E)",Manhattan,metrocard,Metrocard - Fair Fare,130.0,0.0
2022-11-28T09:00:00.000,subway,602,"14 St-Union Sq (L,N,Q,R,W,4,5,6)",Manhattan,omny,OMNY - Full Fare,825.0,25.0
2022-11-28T22:00:00.000,subway,619,"Broadway-Lafayette St (B,D,F,M)/Bleecker St (6)",Manhattan,metrocard,Metrocard - Seniors & Disability,2.0,0.0
2022-11-28T16:00:00.000,subway,614,"59 St-Columbus Circle (A,B,C,D,1)",Manhattan,metrocard,Metrocard - Seniors & Disability,190.0,14.0
2022-05-31T20:00:00.000,subway,404,28 St (6),Manhattan,metrocard,Metrocard - Other,27.0,0.0
2022-11-28T10:00:00.000,subway,618,"14 St (A,C,E)/8 Av (L)",Manhattan,metrocard,Metrocard - Unlimited 7-Day,82.0,0.0
2022-11-28T13:00:00.000,subway,614,"59 St-Columbus Circle (A,B,C,D,1)",Manhattan,metrocard,Metrocard - Full Fare,489.0,8.0
2022-05-31T17:00:00.000,subway,394,110 St (6),Manhattan,metrocard,Metrocard - Unlimited 7-Day,81.0,0.0
2022-11-28T13:00:00.000,subway,601,"14 St (F,M,1,2,3)/6 Av (L)",Manhattan,metrocard,Metrocard - Other,42.0,1.0
2022-05-31T00:00:00.000,subway,396,96 St (6),Manhattan,metrocard,Metrocard - Seniors & Disability,1.0,0.0
2022-11-28T21:00:00.000,subway,471,34 St-Hudson Yards (7),Manhattan,metrocard,Metrocard - Unlimited 7-Day,83.0,0.0
2022-11-28T21:00:00.000,subway,605,"168 St (A,C,1)",Manhattan,metrocard,Metrocard - Unlimited 7-Day,25.0,0.0
2022-05-31T01:00:00.000,subway,398,77 St (6),Manhattan,metrocard,Metrocard - Unlimited 7-Day,7.0,0.0
2022-11-28T10:00:00.000,subway,9,"57 St-7 Av (N,Q,R,W)",Manhattan,metrocard,Metrocard - Full Fare,123.0,1.0
2022-05-31T14:00:00.000,subway,398,77 St (6),Manhattan,metrocard,Metrocard - Full Fare,340.0,8.0
2022-11-28T07:00:00.000,subway,607,"34 St-Herald Sq (B,D,F,M,N,Q,R,W)",Manhattan,omny,OMNY - Full Fare,1068.0,47.0
2022-05-31T01:00:00.000,subway,403,33 St (6),Manhattan,omny,OMNY - Full Fare,12.0,0.0
2022-11-28T18:00:00.000,subway,9,"57 St-7 Av (N,Q,R,W)",Manhattan,metrocard,Metrocard - Unlimited 7-Day,139.0,0.0
2022-11-28T15:00:00.000,subway,618,"14 St (A,C,E)/8 Av (L)",Manhattan,omny,OMNY - Seniors & Disability,5.0,0.0
2022-05-31T23:00:00.000,subway,395,103 St (6),Manhattan,metrocard,Metrocard - Full Fare,31.0,0.0
2022-05-31T15:00:00.000,subway,397,"86 St (4,5,6)",Manhattan,metrocard,Metrocard - Other,112.0,2.0
2022-11-28T15:00:00.000,subway,613,"Lexington Av (N,R,W)/59 St (4,5,6)",Manhattan,metrocard,Metrocard - Seniors & Disability,149.0,19.0
2022-11-28T10:00:00.000,subway,476,86 St (Q),Manhattan,metrocard,Metrocard - Students,4.0,0.0
2022-05-31T07:00:00.000,subway,397,"86 St (4,5,6)",Manhattan,metrocard,Metrocard - Unlimited 7-Day,61.0,0.0
2022-11-28T06:00:00.000,subway,8,"5 Av/59 St (N,R,W)",Manhattan,metrocard,Metrocard - Unlimited 30-Day,2.0,0.0
2022-05-31T11:00:00.000,subway,396,96 St (6),Manhattan,metrocard,Metrocard - Unlimited 30-Day,40.0,0.0
2022-11-28T07:00:00.000,subway,607,"34 St-Herald Sq (B,D,F,M,N,Q,R,W)",Manhattan,metrocard,Metrocard - Unlimited 7-Day,113.0,0.0
2022-11-28T07:00:00.000,subway,612,"Lexington Av-53 St (E,M)/51 St (6)",Manhattan,metrocard,Metrocard - Seniors & Disability,9.0,1.0
2022-05-31T14:00:00.000,subway,403,33 St (6),Manhattan,metrocard,Metrocard - Unlimited 30-Day,101.0,0.0
2022-05-31T09:00:00.000,subway,403,33 St (6),Manhattan,metrocard,Metrocard - Seniors & Disability,31.0,4.0
2022-05-31T08:00:00.000,subway,398,77 St (6),Manhattan,metrocard,Metrocard - Unlimited 30-Day,170.0,0.0
2022-11-28T14:00:00.000,subway,619,"Broadway-Lafayette St (B,D,F,M)/Bleecker St (6)",Manhattan,metrocard,Metrocard - Unlimited 30-Day,123.0,0.0
2022-11-28T06:00:00.000,subway,611,"Times Sq-42 St (N,Q,R,W,S,1,2,3,7)/42 St (A,C,E)",Manhattan,metrocard,Metrocard - Seniors & Disability,129.0,2.0
2022-05-31T02:00:00.000,subway,397,"86 St (4,5,6)",Manhattan,metrocard,Metrocard - Unlimited 30-Day,4.0,0.0
2022-11-28T18:00:00.000,subway,609,"Bryant Pk (B,D,F,M)/5 Av (7)",Manhattan,metrocard,Metrocard - Students,70.0,0.0
2022-05-31T07:00:00.000,subway,398,77 St (6),Manhattan,metrocard,Metrocard - Other,27.0,2.0
2022-11-28T06:00:00.000,subway,613,"Lexington Av (N,R,W)/59 St (4,5,6)",Manhattan,omny,OMNY - Full Fare,99.0,22.0
2022-05-31T05:00:00.000,subway,397,"86 St (4,5,6)",Manhattan,metrocard,Metrocard - Other,15.0,0.0
2022-11-28T07:00:00.000,subway,9,"57 St-7 Av (N,Q,R,W)",Manhattan,metrocard,Metrocard - Unlimited 7-Day,36.0,0.0
2022-05-31T20:00:00.000,subway,396,96 St (6),Manhattan,metrocard,Metrocard - Unlimited 7-Day,36.0,0.0
2022-05-31T05:00:00.000,subway,397,"86 St (4,5,6)",Manhattan,metrocard,Metrocard - Full Fare,18.0,0.0
2022-05-31T12:00:00.000,subway,399,68 St-Hunter College (6),Manhattan,metrocard,Metrocard - Fair Fare,24.0,2.0
2022-11-28T01:00:00.000,subway,618,"14 St (A,C,E)/8 Av (L)",Manhattan,metrocard,Metrocard - Unlimited 30-Day,7.0,0.0
2022-05-31T22:00:00.000,subway,394,110 St (6),Manhattan,metrocard,Metrocard - Seniors & Disability,1.0,0.0
2022-11-28T19:00:00.000,subway,309,103 St (1),Manhattan,metrocard,Metrocard - Unlimited 7-Day,39.0,0.0
2022-11-28T05:00:00.000,subway,612,"Lexington Av-53 St (E,M)/51 St (6)",Manhattan,metrocard,Metrocard - Full Fare,13.0,0.0
2022-11-28T11:00:00.000,subway,477,72 St (Q),Manhattan,omny,OMNY - Seniors & Disability,4.0,0.0
2022-11-28T01:00:00.000,subway,614,"59 St-Columbus Circle (A,B,C,D,1)",Manhattan,metrocard,Metrocard - Unlimited 7-Day,17.0,0.0
2022-05-31T13:00:00.000,subway,399,68 St-Hunter College (6),Manhattan,metrocard,Metrocard - Full Fare,203.0,10.0
2022-11-28T09:00:00.000,subway,605,"168 St (A,C,1)",Manhattan,metrocard,Metrocard - Unlimited 7-Day,78.0,0.0
2022-11-28T09:00:00.000,subway,476,86 St (Q),Manhattan,metrocard,Metrocard - Fair Fare,8.0,0.0
2022-11-28T23:00:00.000,subway,8,"5 Av/59 St (N,R,W)",Manhattan,metrocard,Metrocard - Other,2.0,0.0
2022-11-28T12:00:00.000,subway,613,"Lexington Av (N,R,W)/59 St (4,5,6)",Manhattan,metrocard,Metrocard - Fair Fare,33.0,5.0
2022-11-28T22:00:00.000,subway,602,"14 St-Union Sq (L,N,Q,R,W,4,5,6)",Manhattan,metrocard,Metrocard - Students,1.0,0.0
2022-11-28T17:00:00.000,subway,308,Cathedral Pkwy (110 St) (1),Manhattan,metrocard,Metrocard - Seniors & Disability,29.0,0.0
2022-11-28T23:00:00.000,subway,614,"59 St-Columbus Circle (A,B,C,D,1)",Manhattan,metrocard,Metrocard - Other,34.0,0.0
2022-05-31T01:00:00.000,subway,404,28 St (6),Manhattan,metrocard,Metrocard - Unlimited 7-Day,10.0,0.0
2022-11-28T10:00:00.000,subway,609,"Bryant Pk (B,D,F,M)/5 Av (7)",Manhattan,metrocard,Metrocard - Unlimited 7-Day,114.0,0.0
2022-11-28T21:00:00.000,subway,605,"168 St (A,C,1)",Manhattan,metrocard,Metrocard - Other,10.0,0.0
2022-11-28T15:00:00.000,subway,611,"Times Sq-42 St (N,Q,R,W,S,1,2,3,7)/42 St (A,C,E)",Manhattan,metrocard,Metrocard - Students,452.0,6.0
2022-05-31T02:00:00.000,subway,396,96 St (6),Manhattan,metrocard,Metrocard - Unlimited 7-Day,1.0,0.0
2022-11-28T12:00:00.000,subway,8,"5 Av/59 St (N,R,W)",Manhattan,metrocard,Metrocard - Fair Fare,9.0,0.0
2022-05-31T09:00:00.000,subway,405,23 St (6),Manhattan,metrocard,Metrocard - Full Fare,137.0,13.0
2022-05-31T08:00:00.000,subway,403,33 St (6),Manhattan,metrocard,Metrocard - Fair Fare,10.0,2.0
2022-11-28T03:00:00.000,subway,611,"Times Sq-42 St (N,Q,R,W,S,1,2,3,7)/42 St (A,C,E)",Manhattan,metrocard,Metrocard - Full Fare,32.0,0.0
2022-11-28T00:00:00.000,subway,613,"Lexington Av (N,R,W)/59 St (4,5,6)",Manhattan,metrocard,Metrocard - Unlimited 30-Day,26.0,0.0
2022-11-28T20:00:00.000,subway,309,103 St (1),Manhattan,metrocard,Metrocard - Unlimited 30-Day,43.0,0.0
2022-11-28T07:00:00.000,subway,610,"Grand Central-42 St (S,4,5,6,7)",Manhattan,metrocard,Metrocard - Fair Fare,46.0,1.0
2022-11-28T09:00:00.000,subway,602,"14 St-Union Sq (L,N,Q,R,W,4,5,6)",Manhattan,metrocard,Metrocard - Students,38.0,4.0
2022-11-28T11:00:00.000,subway,602,"14 St-Union Sq (L,N,Q,R,W,4,5,6)",Manhattan,metrocard,Metrocard - Unlimited 7-Day,155.0,0.0
2022-11-28T18:00:00.000,subway,614,"59 St-Columbus Circle (A,B,C,D,1)",Manhattan,metrocard,Metrocard - Other,197.0,1.0
2022-11-28T14:00:00.000,subway,607,"34 St-Herald Sq (B,D,F,M,N,Q,R,W)",Manhattan,metrocard,Metrocard - Unlimited 7-Day,348.0,0.0
2022-11-28T00:00:00.000,subway,611,"Times Sq-42 St (N,Q,R,W,S,1,2,3,7)/42 St (A,C,E)",Manhattan,metrocard,Metrocard - Fair Fare,37.0,0.0
2022-05-31T18:00:00.000,subway,395,103 St (6),Manhattan,metrocard,Metrocard - Students,37.0,2.0
2022-11-28T12:00:00.000,subway,607,"34 St-Herald Sq (B,D,F,M,N,Q,R,W)",Manhattan,metrocard,Metrocard - Students,34.0,0.0
2022-05-31T22:00:00.000,subway,397,"86 St (4,5,6)",Manhattan,metrocard,Metrocard - Full Fare,119.0,3.0
2022-11-28T00:00:00.000,subway,9,"57 St-7 Av (N,Q,R,W)",Manhattan,metrocard,Metrocard - Fair Fare,3.0,0.0
2022-11-28T20:00:00.000,subway,476,86 St (Q),Manhattan,metrocard,Metrocard - Unlimited 7-Day,21.0,0.0
2022-11-28T21:00:00.000,subway,619,"Broadway-Lafayette St (B,D,F,M)/Bleecker St (6)",Manhattan,metrocard,Metrocard - Full Fare,104.0,0.0
2022-11-28T15:00:00.000,subway,308,Cathedral Pkwy (110 St) (1),Manhattan,metrocard,Metrocard - Unlimited 30-Day,77.0,0.0
2022-05-31T23:00:00.000,subway,403,33 St (6),Manhattan,metrocard,Metrocard - Fair Fare,7.0,0.0
2022-11-28T23:00:00.000,subway,475,96 St (Q),Manhattan,metrocard,Metrocard - Seniors & Disability,3.0,0.0
2022-05-31T17:00:00.000,subway,397,"86 St (4,5,6)",Manhattan,metrocard,Metrocard - Fair Fare,103.0,6.0
2022-05-31T17:00:00.000,subway,397,"86 St (4,5,6)",Manhattan,omny,OMNY - Full Fare,1074.0,40.0
2022-11-28T12:00:00.000,subway,477,72 St (Q),Manhattan,metrocard,Metrocard - Students,17.0,0.0
2022-05-31T02:00:00.000,subway,394,110 St (6),Manhattan,metrocard,Metrocard - Full Fare,6.0,0.0
2022-11-28T10:00:00.000,subway,309,103 St (1),Manhattan,metrocard,Metrocard - Fair Fare,14.0,0.0
2022-05-31T19:00:00.000,subway,397,"86 St (4,5,6)",Manhattan,metrocard,Metrocard - Fair Fare,51.0,2.0
2022-05-31T15:00:00.000,subway,396,96 St (6),Manhattan,metrocard,Metrocard - Students,298.0,11.0
2022-11-28T11:00:00.000,subway,610,"Grand Central-42 St (S,4,5,6,7)",Manhattan,metrocard,Metrocard - Full Fare,788.0,8.0
2022-11-28T22:00:00.000,subway,614,"59 St-Columbus Circle (A,B,C,D,1)",Manhattan,metrocard,Metrocard - Unlimited 30-Day,112.0,0.0
2022-11-28T16:00:00.000,subway,618,"14 St (A,C,E)/8 Av (L)",Manhattan,metrocard,Metrocard - Fair Fare,74.0,0.0
2022-05-31T08:00:00.000,subway,399,68 St-Hunter College (6),Manhattan,metrocard,Metrocard - Unlimited 7-Day,44.0,0.0
2022-05-31T05:00:00.000,subway,404,28 St (6),Manhattan,metrocard,Metrocard - Unlimited 7-Day,8.0,0.0
2022-11-28T22:00:00.000,subway,609,"Bryant Pk (B,D,F,M)/5 Av (7)",Manhattan,metrocard,Metrocard - Seniors & Disability,12.0,1.0
2022-11-28T05:00:00.000,subway,308,Cathedral Pkwy (110 St) (1),Manhattan,metrocard,Metrocard - Seniors & Disability,6.0,0.0
2022-05-31T09:00:00.000,subway,396,96 St (6),Manhattan,metrocard,Metrocard - Fair Fare,18.0,0.0
2022-11-28T22:00:00.000,subway,612,"Lexington Av-53 St (E,M)/51 St (6)",Manhattan,metrocard,Metrocard - Unlimited 7-Day,123.0,0.0
2022-11-28T23:00:00.000,subway,613,"Lexington Av (N,R,W)/59 St (4,5,6)",Manhattan,omny,OMNY - Full Fare,206.0,10.0
2022-11-28T23:00:00.000,subway,9,"57 St-7 Av (N,Q,R,W)",Manhattan,omny,OMNY - Seniors & Disability,2.0,0.0
2022-05-31T19:00:00.000,subway,398,77 St (6),Manhattan,metrocard,Metrocard - Unlimited 7-Day,85.0,0.0
2022-11-28T05:00:00.000,subway,618,"14 St (A,C,E)/8 Av (L)",Manhattan,metrocard,Metrocard - Fair Fare,2.0,1.0
2022-11-28T22:00:00.000,subway,308,Cathedral Pkwy (110 St) (1),Manhattan,metrocard,Metrocard - Full Fare,21.0,0.0
2022-11-28T08:00:00.000,subway,601,"14 St (F,M,1,2,3)/6 Av (L)",Manhattan,metrocard,Metrocard - Unlimited 7-Day,69.0,0.0
2022-05-31T01:00:00.000,subway,396,96 St (6),Manhattan,metrocard,Metrocard - Other,2.0,0.0
2022-05-31T13:00:00.000,subway,395,103 St (6),Manhattan,metrocard,Metrocard - Unlimited 7-Day,59.0,0.0
2022-11-28T09:00:00.000,subway,602,"14 St-Union Sq (L,N,Q,R,W,4,5,6)",Manhattan,metrocard,Metrocard - Fair Fare,50.0,3.0
2022-11-28T14:00:00.000,subway,611,"Times Sq-42 St (N,Q,R,W,S,1,2,3,7)/42 St (A,C,E)",Manhattan,omny,OMNY - Full Fare,1802.0,20.0
2022-11-28T23:00:00.000,subway,605,"168 St (A,C,1)",Manhattan,metrocard,Metrocard - Students,2.0,0.0
2022-11-28T15:00:00.000,subway,309,103 St (1),Manhattan,metrocard,Metrocard - Full Fare,118.0,0.0
2022-11-28T16:00:00.000,subway,477,72 St (Q),Manhattan,metrocard,Metrocard - Unlimited 7-Day,157.0,0.0
2022-11-28T02:00:00.000,subway,605,"168 St (A,C,1)",Manhattan,metrocard,Metrocard - Full Fare,6.0,0.0
2022-11-28T05:00:00.000,subway,309,103 St (1),Manhattan,metrocard,Metrocard - Other,5.0,0.0
2022-11-28T12:00:00.000,subway,611,"Times Sq-42 St (N,Q,R,W,S,1,2,3,7)/42 St (A,C,E)",Manhattan,metrocard,Metrocard - Unlimited 30-Day,285.0,0.0
2022-11-28T03:00:00.000,subway,475,96 St (Q),Manhattan,metrocard,Metrocard - Unlimited 7-Day,2.0,0.0
2022-05-31T21:00:00.000,subway,394,110 St (6),Manhattan,metrocard,Metrocard - Unlimited 30-Day,11.0,0.0
2022-05-31T01:00:00.000,subway,399,68 St-Hunter College (6),Manhattan,omny,OMNY - Full Fare,5.0,0.0
2022-05-31T20:00:00.000,subway,396,96 St (6),Manhattan,metrocard,Metrocard - Fair Fare,13.0,1.0
2022-11-28T16:00:00.000,subway,471,34 St-Hudson Yards (7),Manhattan,metrocard,Metrocard - Unlimited 7-Day,259.0,0.0
2022-11-28T03:00:00.000,subway,618,"14 St (A,C,E)/8 Av (L)",Manhattan,omny,OMNY - Full Fare,6.0,0.0
2022-05-31T18:00:00.000,subway,395,103 St (6),Manhattan,metrocard,Metrocard - Other,11.0,0.0
2022-11-28T22:00:00.000,subway,612,"Lexington Av-53 St (E,M)/51 St (6)",Manhattan,metrocard,Metrocard - Full Fare,146.0,2.0
2022-05-31T01:00:00.000,subway,405,23 St (6),Manhattan,metrocard,Metrocard - Fair Fare,1.0,0.0
2022-11-28T13:00:00.000,subway,607,"34 St-Herald Sq (B,D,F,M,N,Q,R,W)",Manhattan,metrocard,Metrocard - Fair Fare,88.0,1.0
2022-05-31T19:00:00.000,subway,403,33 St (6),Manhattan,omny,OMNY - Full Fare,396.0,5.0
2022-11-28T07:00:00.000,subway,471,34 St-Hudson Yards (7),Manhattan,omny,OMNY - Other,1.0,0.0
2022-11-28T10:00:00.000,subway,477,72 St (Q),Manhattan,metrocard,Metrocard - Unlimited 7-Day,24.0,0.0
2022-11-28T19:00:00.000,subway,611,"Times Sq-42 St (N,Q,R,W,S,1,2,3,7)/42 St (A,C,E)",Manhattan,omny,OMNY - Other,1.0,0.0
2022-11-28T15:00:00.000,subway,475,96 St (Q),Manhattan,metrocard,Metrocard - Students,165.0,7.0
2022-05-31T04:00:00.000,subway,394,110 St (6),Manhattan,metrocard,Metrocard - Unlimited 30-Day,1.0,0.0
2022-11-28T12:00:00.000,subway,612,"Lexington Av-53 St (E,M)/51 St (6)",Manhattan,metrocard,Metrocard - Full Fare,275.0,4.0
2022-11-28T15:00:00.000,subway,610,"Grand Central-42 St (S,4,5,6,7)",Manhattan,omny,OMNY - Seniors & Disability,2.0,0.0
2022-11-28T14:00:00.000,subway,605,"168 St (A,C,1)",Manhattan,metrocard,Metrocard - Other,49.0,0.0
2022-11-28T22:00:00.000,subway,614,"59 St-Columbus Circle (A,B,C,D,1)",Manhattan,metrocard,Metrocard - Fair Fare,39.0,2.0
2022-05-31T15:00:00.000,subway,399,68 St-Hunter College (6),Manhattan,metrocard,Metrocard - Students,147.0,21.0
2022-11-28T08:00:00.000,subway,601,"14 St (F,M,1,2,3)/6 Av (L)",Manhattan,omny,OMNY - Full Fare,954.0,15.0
2022-11-28T06:00:00.000,subway,613,"Lexington Av (N,R,W)/59 St (4,5,6)",Manhattan,metrocard,Metrocard - Full Fare,69.0,31.0
2022-11-28T03:00:00.000,subway,477,72 St (Q),Manhattan,metrocard,Metrocard - Full Fare,2.0,0.0
2022-11-28T12:00:00.000,subway,601,"14 St (F,M,1,2,3)/6 Av (L)",Manhattan,omny,OMNY - Other,1.0,0.0
2022-05-31T09:00:00.000,subway,399,68 St-Hunter College (6),Manhattan,metrocard,Metrocard - Students,11.0,2.0
2022-05-31T21:00:00.000,subway,403,33 St (6),Manhattan,metrocard,Metrocard - Other,14.0,0.0
2022-11-28T19:00:00.000,subway,612,"Lexington Av-53 St (E,M)/51 St (6)",Manhattan,omny,OMNY - Full Fare,1222.0,2.0
2022-11-28T00:00:00.000,subway,609,"Bryant Pk (B,D,F,M)/5 Av (7)",Manhattan,metrocard,Metrocard - Unlimited 7-Day,25.0,0.0
2022-11-28T18:00:00.000,subway,602,"14 St-Union Sq (L,N,Q,R,W,4,5,6)",Manhattan,metrocard,Metrocard - Unlimited 30-Day,716.0,0.0
2022-11-28T06:00:00.000,subway,308,Cathedral Pkwy (110 St) (1),Manhattan,metrocard,Metrocard - Unlimited 7-Day,17.0,0.0
2022-11-28T00:00:00.000,subway,618,"14 St (A,C,E)/8 Av (L)",Manhattan,metrocard,Metrocard - Seniors & Disability,1.0,0.0
2022-11-28T16:00:00.000,subway,9,"57 St-7 Av (N,Q,R,W)",Manhattan,metrocard,Metrocard - Unlimited 30-Day,280.0,0.0
2022-11-28T12:00:00.000,subway,618,"14 St (A,C,E)/8 Av (L)",Manhattan,metrocard,Metrocard - Seniors & Disability,40.0,3.0
2022-11-28T09:00:00.000,subway,308,Cathedral Pkwy (110 St) (1),Manhattan,omny,OMNY - Seniors & Disability,1.0,0.0
2022-11-28T12:00:00.000,subway,614,"59 St-Columbus Circle (A,B,C,D,1)",Manhattan,metrocard,Metrocard - Students,56.0,0.0
2022-11-28T22:00:00.000,subway,308,Cathedral Pkwy (110 St) (1),Manhattan,metrocard,Metrocard - Seniors & Disability,2.0,0.0
2022-05-31T17:00:00.000,subway,399,68 St-Hunter College (6),Manhattan,metrocard,Metrocard - Seniors & Disability,51.0,8.0
2022-11-28T04:00:00.000,subway,309,103 St (1),Manhattan,metrocard,Metrocard - Unlimited 7-Day,3.0,0.0
2022-05-31T00:00:00.000,subway,403,33 St (6),Manhattan,metrocard,Metrocard - Unlimited 7-Day,18.0,0.0
2022-11-28T13:00:00.000,subway,612,"Lexington Av-53 St (E,M)/51 St (6)",Manhattan,omny,OMNY - Full Fare,577.0,9.0
2022-11-28T09:00:00.000,subway,619,"Broadway-Lafayette St (B,D,F,M)/Bleecker St (6)",Manhattan,metrocard,Metrocard - Unlimited 7-Day,40.0,0.0
2022-05-31T08:00:00.000,subway,395,103 St (6),Manhattan,metrocard,Metrocard - Students,109.0,0.0
2022-11-28T12:00:00.000,subway,477,72 St (Q),Manhattan,metrocard,Metrocard - Other,17.0,0.0
2022-05-31T16:00:00.000,subway,403,33 St (6),Manhattan,metrocard,Metrocard - Students,68.0,0.0
2022-11-28T20:00:00.000,subway,611,"Times Sq-42 St (N,Q,R,W,S,1,2,3,7)/42 St (A,C,E)",Manhattan,metrocard,Metrocard - Unlimited 7-Day,611.0,0.0
2022-11-28T14:00:00.000,subway,611,"Times Sq-42 St (N,Q,R,W,S,1,2,3,7)/42 St (A,C,E)",Manhattan,metrocard,Metrocard - Unlimited 30-Day,429.0,0.0
2022-11-28T22:00:00.000,subway,610,"Grand Central-42 St (S,4,5,6,7)",Manhattan,omny,OMNY - Full Fare,545.0,5.0
2022-11-28T12:00:00.000,subway,8,"5 Av/59 St (N,R,W)",Manhattan,metrocard,Metrocard - Unlimited 30-Day,39.0,0.0
2022-11-28T09:00:00.000,subway,609,"Bryant Pk (B,D,F,M)/5 Av (7)",Manhattan,metrocard,Metrocard - Unlimited 30-Day,56.0,0.0
2022-05-31T17:00:00.000,subway,403,33 St (6),Manhattan,metrocard,Metrocard - Seniors & Disability,58.0,1.0
2022-11-28T21:00:00.000,subway,471,34 St-Hudson Yards (7),Manhattan,omny,OMNY - Full Fare,256.0,1.0
2022-11-28T05:00:00.000,subway,610,"Grand Central-42 St (S,4,5,6,7)",Manhattan,metrocard,Metrocard - Unlimited 30-Day,37.0,0.0
2022-11-28T01:00:00.000,subway,612,"Lexington Av-53 St (E,M)/51 St (6)",Manhattan,metrocard,Metrocard - Other,2.0,0.0
2022-11-28T10:00:00.000,subway,475,96 St (Q),Manhattan,metrocard,Metrocard - Other,21.0,1.0
2022-11-28T02:00:00.000,subway,614,"59 St-Columbus Circle (A,B,C,D,1)",Manhattan,metrocard,Metrocard - Unlimited 30-Day,4.0,0.0
2022-11-28T13:00:00.000,subway,605,"168 St (A,C,1)",Manhattan,metrocard,Metrocard - Full Fare,164.0,2.0
2022-11-28T18:00:00.000,subway,602,"14 St-Union Sq (L,N,Q,R,W,4,5,6)",Manhattan,metrocard,Metrocard - Other,213.0,0.0
2022-11-28T22:00:00.000,subway,607,"34 St-Herald Sq (B,D,F,M,N,Q,R,W)",Manhattan,omny,OMNY - Full Fare,841.0,8.0
2022-11-28T05:00:00.000,subway,308,Cathedral Pkwy (110 St) (1),Manhattan,metrocard,Metrocard - Unlimited 30-Day,9.0,0.0
2022-11-28T22:00:00.000,subway,610,"Grand Central-42 St (S,4,5,6,7)",Manhattan,metrocard,Metrocard - Fair Fare,37.0,1.0
2022-11-28T14:00:00.000,subway,619,"Broadway-Lafayette St (B,D,F,M)/Bleecker St (6)",Manhattan,metrocard,Metrocard - Seniors & Disability,57.0,3.0
2022-05-31T09:00:00.000,subway,394,110 St (6),Manhattan,metrocard,Metrocard - Other,16.0,0.0
2022-11-28T19:00:00.000,subway,610,"Grand Central-42 St (S,4,5,6,7)",Manhattan,metrocard,Metrocard - Unlimited 7-Day,402.0,0.0
2022-11-28T05:00:00.000,subway,602,"14 St-Union Sq (L,N,Q,R,W,4,5,6)",Manhattan,metrocard,Metrocard - Seniors & Disability,9.0,5.0
2022-11-28T23:00:00.000,subway,601,"14 St (F,M,1,2,3)/6 Av (L)",Manhattan,metrocard,Metrocard - Unlimited 30-Day,39.0,0.0
2022-11-28T17:00:00.000,subway,8,"5 Av/59 St (N,R,W)",Manhattan,metrocard,Metrocard - Full Fare,421.0,8.0
2022-11-28T16:00:00.000,subway,618,"14 St (A,C,E)/8 Av (L)",Manhattan,metrocard,Metrocard - Other,102.0,1.0
2022-11-28T00:00:00.000,subway,619,"Broadway-Lafayette St (B,D,F,M)/Bleecker St (6)",Manhattan,metrocard,Metrocard - Seniors & Disability,1.0,0.0
2022-11-28T03:00:00.000,subway,611,"Times Sq-42 St (N,Q,R,W,S,1,2,3,7)/42 St (A,C,E)",Manhattan,omny,OMNY - Full Fare,42.0,0.0
2022-11-28T16:00:00.000,subway,475,96 St (Q),Manhattan,metrocard,Metrocard - Unlimited 7-Day,104.0,0.0
2022-05-31T17:00:00.000,subway,398,77 St (6),Manhattan,metrocard,Metrocard - Other,94.0,0.0
2022-05-31T02:00:00.000,subway,403,33 St (6),Manhattan,metrocard,Metrocard - Unlimited 30-Day,1.0,0.0
2022-11-28T01:00:00.000,subway,476,86 St (Q),Manhattan,metrocard,Metrocard - Unlimited 30-Day,1.0,0.0
2022-05-31T06:00:00.000,subway,397,"86 St (4,5,6)",Manhattan,metrocard,Metrocard - Students,9.0,0.0
2022-11-28T18:00:00.000,subway,476,86 St (Q),Manhattan,omny,OMNY - Seniors & Disability,1.0,0.0
2022-11-28T10:00:00.000,subway,612,"Lexington Av-53 St (E,M)/51 St (6)",Manhattan,metrocard,Metrocard - Unlimited 30-Day,118.0,0.0
2022-05-31T16:00:00.000,subway,398,77 St (6),Manhattan,metrocard,Metrocard - Students,78.0,3.0
2022-11-28T22:00:00.000,subway,609,"Bryant Pk (B,D,F,M)/5 Av (7)",Manhattan,omny,OMNY - Seniors & Disability,1.0,0.0
2022-11-28T12:00:00.000,subway,471,34 St-Hudson Yards (7),Manhattan,metrocard,Metrocard - Unlimited 30-Day,29.0,0.0
2022-05-31T23:00:00.000,subway,405,23 St (6),Manhattan,metrocard,Metrocard - Fair Fare,12.0,0.0
2022-05-31T11:00:00.000,subway,404,28 St (6),Manhattan,metrocard,Metrocard - Full Fare,104.0,0.0
2022-05-31T03:00:00.000,subway,395,103 St (6),Manhattan,metrocard,Metrocard - Unlimited 7-Day,3.0,0.0
2022-11-28T17:00:00.000,subway,601,"14 St (F,M,1,2,3)/6 Av (L)",Manhattan,metrocard,Metrocard - Students,123.0,1.0
2022-11-28T07:00:00.000,subway,605,"168 St (A,C,1)",Manhattan,omny,OMNY - Full Fare,341.0,5.0
2022-11-28T16:00:00.000,subway,610,"Grand Central-42 St (S,4,5,6,7)",Manhattan,metrocard,Metrocard - Other,460.0,3.0
2022-11-28T19:00:00.000,subway,9,"57 St-7 Av (N,Q,R,W)",Manhattan,metrocard,Metrocard - Other,65.0,0.0
2022-05-31T00:00:00.000,subway,398,77 St (6),Manhattan,metrocard,Metrocard - Full Fare,21.0,1.0
2022-11-28T16:00:00.000,subway,618,"14 St (A,C,E)/8 Av (L)",Manhattan,metrocard,Metrocard - Full Fare,665.0,8.0
2022-11-28T20:00:00.000,subway,9,"57 St-7 Av (N,Q,R,W)",Manhattan,omny,OMNY - Full Fare,456.0,8.0
2022-11-28T11:00:00.000,subway,309,103 St (1),Manhattan,metrocard,Metrocard - Seniors & Disability,55.0,0.0
2022-11-28T00:00:00.000,subway,609,"Bryant Pk (B,D,F,M)/5 Av (7)",Manhattan,metrocard,Metrocard - Fair Fare,5.0,0.0
2022-11-28T22:00:00.000,subway,614,"59 St-Columbus Circle (A,B,C,D,1)",Manhattan,metrocard,Metrocard - Unlimited 7-Day,169.0,0.0
2022-11-28T01:00:00.000,subway,607,"34 St-Herald Sq (B,D,F,M,N,Q,R,W)",Manhattan,metrocard,Metrocard - Seniors & Disability,1.0,0.0
2022-11-28T11:00:00.000,subway,618,"14 St (A,C,E)/8 Av (L)",Manhattan,metrocard,Metrocard - Other,40.0,0.0
2022-11-28T00:00:00.000,subway,612,"Lexington Av-53 St (E,M)/51 St (6)",Manhattan,metrocard,Metrocard - Unlimited 30-Day,16.0,0.0
2022-11-28T14:00:00.000,subway,607,"34 St-Herald Sq (B,D,F,M,N,Q,R,W)",Manhattan,metrocard,Metrocard - Full Fare,898.0,17.0
2022-05-31T06:00:00.000,subway,404,28 St (6),Manhattan,omny,OMNY - Full Fare,55.0,0.0
2022-05-31T11:00:00.000,subway,398,77 St (6),Manhattan,metrocard,Metrocard - Unlimited 30-Day,81.0,0.0
2022-11-28T19:00:00.000,subway,614,"59 St-Columbus Circle (A,B,C,D,1)",Manhattan,metrocard,Metrocard - Students,108.0,2.0
2022-11-28T18:00:00.000,subway,602,"14 St-Union Sq (L,N,Q,R,W,4,5,6)",Manhattan,omny,OMNY - Seniors & Disability,6.0,0.0
2022-11-28T05:00:00.000,subway,609,"Bryant Pk (B,D,F,M)/5 Av (7)",Manhattan,metrocard,Metrocard - Seniors & Disability,1.0,0.0
2022-05-31T20:00:00.000,subway,404,28 St (6),Manhattan,metrocard,Metrocard - Fair Fare,18.0,0.0
2022-11-28T20:00:00.000,subway,607,"34 St-Herald Sq (B,D,F,M,N,Q,R,W)",Manhattan,metrocard,Metrocard - Other,115.0,1.0
2022-05-31T10:00:00.000,subway,398,77 St (6),Manhattan,omny,OMNY - Full Fare,191.0,4.0
2022-11-28T20:00:00.000,subway,605,"168 St (A,C,1)",Manhattan,metrocard,Metrocard - Unlimited 30-Day,43.0,0.0
2022-11-28T09:00:00.000,subway,612,"Lexington Av-53 St (E,M)/51 St (6)",Manhattan,omny,OMNY - Seniors & Disability,1.0,0.0
2022-05-31T10:00:00.000,subway,397,"86 St (4,5,6)",Manhattan,metrocard,Metrocard - Seniors & Disability,72.0,12.0
2022-11-28T13:00:00.000,subway,601,"14 St (F,M,1,2,3)/6 Av (L)",Manhattan,metrocard,Metrocard - Unlimited 7-Day,120.0,0.0
2022-11-28T15:00:00.000,subway,477,72 St (Q),Manhattan,metrocard,Metrocard - Seniors & Disability,82.0,1.0
2022-05-31T15:00:00.000,subway,399,68 St-Hunter College (6),Manhattan,metrocard,Metrocard - Fair Fare,41.0,4.0
2022-11-28T20:00:00.000,subway,612,"Lexington Av-53 St (E,M)/51 St (6)",Manhattan,metrocard,Metrocard - Unlimited 30-Day,134.0,0.0
2022-05-31T12:00:00.000,subway,396,96 St (6),Manhattan,metrocard,Metrocard - Unlimited 30-Day,51.0,0.0
2022-11-28T10:00:00.000,subway,605,"168 St (A,C,1)",Manhattan,metrocard,Metrocard - Students,23.0,3.0
2022-05-31T11:00:00.000,subway,395,103 St (6),Manhattan,omny,OMNY - Full Fare,93.0,0.0
2022-11-28T11:00:00.000,subway,601,"14 St (F,M,1,2,3)/6 Av (L)",Manhattan,metrocard,Metrocard - Full Fare,153.0,5.0
2022-11-28T01:00:00.000,subway,619,"Broadway-Lafayette St (B,D,F,M)/Bleecker St (6)",Manhattan,omny,OMNY - Full Fare,35.0,0.0
2022-11-28T23:00:00.000,subway,610,"Grand Central-42 St (S,4,5,6,7)",Manhattan,metrocard,Metrocard - Full Fare,247.0,3.0
2022-11-28T08:00:00.000,subway,476,86 St (Q),Manhattan,metrocard,Metrocard - Full Fare,362.0,7.0
2022-05-31T07:00:00.000,subway,403,33 St (6),Manhattan,metrocard,Metrocard - Fair Fare,9.0,0.0
2022-05-31T14:00:00.000,subway,399,68 St-Hunter College (6),Manhattan,metrocard,Metrocard - Seniors & Disability,40.0,3.0
2022-05-31T05:00:00.000,subway,399,68 St-Hunter College (6),Manhattan,metrocard,Metrocard - Full Fare,8.0,0.0
2022-11-28T02:00:00.000,subway,476,86 St (Q),Manhattan,omny,OMNY - Full Fare,2.0,0.0
2022-11-28T21:00:00.000,subway,613,"Lexington Av (N,R,W)/59 St (4,5,6)",Manhattan,metrocard,Metrocard - Seniors & Disability,26.0,1.0
2022-05-31T09:00:00.000,subway,395,103 St (6),Manhattan,metrocard,Metrocard - Full Fare,90.0,4.0
2022-11-28T08:00:00.000,subway,610,"Grand Central-42 St (S,4,5,6,7)",Manhattan,omny,OMNY - Seniors & Disability,4.0,0.0
2022-11-28T01:00:00.000,subway,601,"14 St (F,M,1,2,3)/6 Av (L)",Manhattan,metrocard,Metrocard - Full Fare,9.0,0.0
2022-11-28T09:00:00.000,subway,619,"Broadway-Lafayette St (B,D,F,M)/Bleecker St (6)",Manhattan,omny,OMNY - Seniors & Disability,1.0,0.0
2022-11-28T19:00:00.000,subway,609,"Bryant Pk (B,D,F,M)/5 Av (7)",Manhattan,metrocard,Metrocard - Full Fare,447.0,7.0
2022-11-28T15:00:00.000,subway,476,86 St (Q),Manhattan,metrocard,Metrocard - Fair Fare,20.0,1.0
2022-11-28T23:00:00.000,subway,609,"Bryant Pk (B,D,F,M)/5 Av (7)",Manhattan,metrocard,Metrocard - Unlimited 30-Day,50.0,0.0
2022-11-28T04:00:00.000,subway,614,"59 St-Columbus Circle (A,B,C,D,1)",Manhattan,metrocard,Metrocard - Full Fare,14.0,0.0
2022-05-31T20:00:00.000,subway,404,28 St (6),Manhattan,metrocard,Metrocard - Students,7.0,0.0
2022-05-31T19:00:00.000,subway,396,96 St (6),Manhattan,metrocard,Metrocard - Full Fare,121.0,4.0
2022-11-28T20:00:00.000,subway,309,103 St (1),Manhattan,metrocard,Metrocard - Fair Fare,17.0,0.0
2022-11-28T14:00:00.000,subway,611,"Times Sq-42 St (N,Q,R,W,S,1,2,3,7)/42 St (A,C,E)",Manhattan,omny,OMNY - Seniors & Disability,4.0,2.0
2022-11-28T00:00:00.000,subway,309,103 St (1),Manhattan,metrocard,Metrocard - Unlimited 30-Day,3.0,0.0
2022-05-31T06:00:00.000,subway,397,"86 St (4,5,6)",Manhattan,metrocard,Metrocard - Unlimited 7-Day,27.0,0.0
2022-11-28T14:00:00.000,subway,477,72 St (Q),Manhattan,metrocard,Metrocard - Unlimited 30-Day,94.0,0.0
2022-11-28T10:00:00.000,subway,308,Cathedral Pkwy (110 St) (1),Manhattan,metrocard,Metrocard - Unlimited 30-Day,38.0,0.0
2022-05-31T17:00:00.000,subway,394,110 St (6),Manhattan,metrocard,Metrocard - Seniors & Disability,11.0,0.0
2022-05-31T13:00:00.000,subway,398,77 St (6),Manhattan,metrocard,Metrocard - Fair Fare,18.0,0.0
2022-11-28T18:00:00.000,subway,609,"Bryant Pk (B,D,F,M)/5 Av (7)",Manhattan,metrocard,Metrocard - Unlimited 30-Day,579.0,0.0
2022-11-28T23:00:00.000,subway,8,"5 Av/59 St (N,R,W)",Manhattan,metrocard,Metrocard - Seniors & Disability,5.0,1.0
2022-05-31T19:00:00.000,subway,396,96 St (6),Manhattan,metrocard,Metrocard - Unlimited 7-Day,57.0,0.0
2022-05-31T10:00:00.000,subway,404,28 St (6),Manhattan,metrocard,Metrocard - Fair Fare,8.0,0.0
2022-11-28T20:00:00.000,subway,605,"168 St (A,C,1)",Manhattan,metrocard,Metrocard - Unlimited 7-Day,36.0,0.0
2022-05-31T10:00:00.000,subway,403,33 St (6),Manhattan,metrocard,Metrocard - Unlimited 7-Day,47.0,0.0
2022-11-28T13:00:00.000,subway,612,"Lexington Av-53 St (E,M)/51 St (6)",Manhattan,metrocard,Metrocard - Fair Fare,39.0,0.0
2022-05-31T07:00:00.000,subway,398,77 St (6),Manhattan,metrocard,Metrocard - Full Fare,187.0,5.0
2022-11-28T18:00:00.000,subway,602,"14 St-Union Sq (L,N,Q,R,W,4,5,6)",Manhattan,metrocard,Metrocard - Unlimited 7-Day,417.0,0.0
2022-11-28T20:00:00.000,subway,601,"14 St (F,M,1,2,3)/6 Av (L)",Manhattan,metrocard,Metrocard - Fair Fare,30.0,0.0
2022-11-28T02:00:00.000,subway,618,"14 St (A,C,E)/8 Av (L)",Manhattan,metrocard,Metrocard - Full Fare,13.0,0.0
2022-11-28T12:00:00.000,subway,471,34 St-Hudson Yards (7),Manhattan,metrocard,Metrocard - Other,20.0,0.0
2022-11-28T07:00:00.000,subway,471,34 St-Hudson Yards (7),Manhattan,metrocard,Metrocard - Fair Fare,7.0,0.0
2022-11-28T11:00:00.000,subway,612,"Lexington Av-53 St (E,M)/51 St (6)",Manhattan,metrocard,Metrocard - Fair Fare,14.0,0.0
2022-11-28T14:00:00.000,subway,309,103 St (1),Manhattan,metrocard,Metrocard - Students,17.0,1.0
2022-11-28T10:00:00.000,subway,609,"Bryant Pk (B,D,F,M)/5 Av (7)",Manhattan,metrocard,Metrocard - Seniors & Disability,24.0,3.0
2022-11-28T07:00:00.000,subway,476,86 St (Q),Manhattan,metrocard,Metrocard - Other,80.0,0.0
2022-11-28T22:00:00.000,subway,471,34 St-Hudson Yards (7),Manhattan,metrocard,Metrocard - Fair Fare,8.0,0.0
2022-11-28T16:00:00.000,subway,612,"Lexington Av-53 St (E,M)/51 St (6)",Manhattan,omny,OMNY - Seniors & Disability,1.0,0.0
2022-05-31T08:00:00.000,subway,397,"86 St (4,5,6)",Manhattan,metrocard,Metrocard - Unlimited 30-Day,324.0,0.0
2022-11-28T12:00:00.000,subway,9,"57 St-7 Av (N,Q,R,W)",Manhattan,metrocard,Metrocard - Students,11.0,0.0
2022-05-31T09:00:00.000,subway,403,33 St (6),Manhattan,omny,OMNY - Full Fare,364.0,24.0
2022-05-31T22:00:00.000,subway,399,68 St-Hunter College (6),Manhattan,metrocard,Metrocard - Fair Fare,6.0,0.0
2022-05-31T03:00:00.000,subway,398,77 St (6),Manhattan,metrocard,Metrocard - Other,1.0,0.0
2022-11-28T23:00:00.000,subway,309,103 St (1),Manhattan,metrocard,Metrocard - Fair Fare,7.0,0.0
2022-11-28T11:00:00.000,subway,307,116 St-Columbia University (1),Manhattan,omny,OMNY - Full Fare,247.0,4.0
2022-05-31T00:00:00.000,subway,395,103 St (6),Manhattan,metrocard,Metrocard - Fair Fare,4.0,0.0
2022-11-28T13:00:00.000,subway,610,"Grand Central-42 St (S,4,5,6,7)",Manhattan,metrocard,Metrocard - Unlimited 7-Day,299.0,0.0
2022-05-31T18:00:00.000,subway,394,110 St (6),Manhattan,metrocard,Metrocard - Full Fare,67.0,0.0
2022-11-28T09:00:00.000,subway,607,"34 St-Herald Sq (B,D,F,M,N,Q,R,W)",Manhattan,metrocard,Metrocard - Students,21.0,2.0
2022-11-28T21:00:00.000,subway,309,103 St (1),Manhattan,metrocard,Metrocard - Other,4.0,0.0
2022-11-28T07:00:00.000,subway,475,96 St (Q),Manhattan,metrocard,Metrocard - Full Fare,176.0,24.0
2022-05-31T16:00:00.000,subway,398,77 St (6),Manhattan,metrocard,Metrocard - Unlimited 7-Day,282.0,0.0
2022-11-28T21:00:00.000,subway,9,"57 St-7 Av (N,Q,R,W)",Manhattan,omny,OMNY - Full Fare,370.0,2.0
2022-11-28T14:00:00.000,subway,9,"57 St-7 Av (N,Q,R,W)",Manhattan,metrocard,Metrocard - Other,41.0,1.0
2022-05-31T11:00:00.000,subway,395,103 St (6),Manhattan,metrocard,Metrocard - Seniors & Disability,21.0,0.0
2022-11-28T07:00:00.000,subway,605,"168 St (A,C,1)",Manhattan,metrocard,Metrocard - Seniors & Disability,24.0,3.0
2022-05-31T10:00:00.000,subway,403,33 St (6),Manhattan,metrocard,Metrocard - Students,17.0,0.0
2022-11-28T17:00:00.000,subway,602,"14 St-Union Sq (L,N,Q,R,W,4,5,6)",Manhattan,omny,OMNY - Seniors & Disability,3.0,0.0
2022-11-28T21:00:00.000,subway,471,34 St-Hudson Yards (7),Manhattan,metrocard,Metrocard - Full Fare,75.0,1.0
2022-11-28T09:00:00.000,subway,605,"168 St (A,C,1)",Manhattan,metrocard,Metrocard - Fair Fare,41.0,2.0
2022-11-28T04:00:00.000,subway,601,"14 St (F,M,1,2,3)/6 Av (L)",Manhattan,metrocard,Metrocard - Other,5.0,0.0
2022-11-28T00:00:00.000,subway,611,"Times Sq-42 St (N,Q,R,W,S,1,2,3,7)/42 St (A,C,E)",Manhattan,metrocard,Metrocard - Unlimited 30-Day,86.0,0.0
2022-11-28T18:00:00.000,subway,618,"14 St (A,C,E)/8 Av (L)",Manhattan,metrocard,Metrocard - Unlimited 7-Day,176.0,0.0
2022-11-28T16:00:00.000,subway,309,103 St (1),Manhattan,metrocard,Metrocard - Full Fare,163.0,1.0
2022-05-31T18:00:00.000,subway,404,28 St (6),Manhattan,metrocard,Metrocard - Full Fare,249.0,1.0
2022-11-28T06:00:00.000,subway,9,"57 St-7 Av (N,Q,R,W)",Manhattan,omny,OMNY - Full Fare,63.0,2.0
2022-11-28T13:00:00.000,subway,9,"57 St-7 Av (N,Q,R,W)",Manhattan,metrocard,Metrocard - Full Fare,212.0,9.0
2022-11-28T14:00:00.000,subway,308,Cathedral Pkwy (110 St) (1),Manhattan,metrocard,Metrocard - Other,9.0,0.0
2022-11-28T06:00:00.000,subway,477,72 St (Q),Manhattan,metrocard,Metrocard - Seniors & Disability,10.0,1.0
2022-11-28T05:00:00.000,subway,610,"Grand Central-42 St (S,4,5,6,7)",Manhattan,metrocard,Metrocard - Seniors & Disability,17.0,1.0
2022-11-28T10:00:00.000,subway,611,"Times Sq-42 St (N,Q,R,W,S,1,2,3,7)/42 St (A,C,E)",Manhattan,metrocard,Metrocard - Students,30.0,3.0
2022-05-31T09:00:00.000,subway,398,77 St (6),Manhattan,metrocard,Metrocard - Students,10.0,0.0
2022-11-28T18:00:00.000,subway,477,72 St (Q),Manhattan,metrocard,Metrocard - Full Fare,403.0,5.0
2022-11-28T18:00:00.000,subway,308,Cathedral Pkwy (110 St) (1),Manhattan,metrocard,Metrocard - Unlimited 7-Day,37.0,0.0
2022-11-28T06:00:00.000,subway,610,"Grand Central-42 St (S,4,5,6,7)",Manhattan,omny,OMNY - Full Fare,573.0,16.0
2022-11-28T04:00:00.000,subway,611,"Times Sq-42 St (N,Q,R,W,S,1,2,3,7)/42 St (A,C,E)",Manhattan,metrocard,Metrocard - Unlimited 7-Day,36.0,0.0
2022-05-31T11:00:00.000,subway,397,"86 St (4,5,6)",Manhattan,metrocard,Metrocard - Students,45.0,0.0
2022-11-28T23:00:00.000,subway,607,"34 St-Herald Sq (B,D,F,M,N,Q,R,W)",Manhattan,metrocard,Metrocard - Fair Fare,28.0,0.0
2022-11-28T08:00:00.000,subway,610,"Grand Central-42 St (S,4,5,6,7)",Manhattan,omny,OMNY - Full Fare,2935.0,41.0
2022-11-28T10:00:00.000,subway,611,"Times Sq-42 St (N,Q,R,W,S,1,2,3,7)/42 St (A,C,E)",Manhattan,metrocard,Metrocard - Fair Fare,49.0,1.0
2022-11-28T15:00:00.000,subway,308,Cathedral Pkwy (110 St) (1),Manhattan,metrocard,Metrocard - Fair Fare,21.0,0.0
2022-11-28T00:00:00.000,subway,601,"14 St (F,M,1,2,3)/6 Av (L)",Manhattan,omny,OMNY - Full Fare,71.0,5.0
2022-11-28T14:00:00.000,subway,602,"14 St-Union Sq (L,N,Q,R,W,4,5,6)",Manhattan,metrocard,Metrocard - Full Fare,701.0,23.0
2022-11-28T06:00:00.000,subway,605,"168 St (A,C,1)",Manhattan,metrocard,Metrocard - Unlimited 30-Day,58.0,0.0
2022-11-28T21:00:00.000,subway,618,"14 St (A,C,E)/8 Av (L)",Manhattan,metrocard,Metrocard - Full Fare,129.0,1.0
2022-11-28T08:00:00.000,subway,475,96 St (Q),Manhattan,metrocard,Metrocard - Fair Fare,52.0,4.0
2022-11-28T09:00:00.000,subway,471,34 St-Hudson Yards (7),Manhattan,metrocard,Metrocard - Seniors & Disability,7.0,1.0
2022-05-31T12:00:00.000,subway,405,23 St (6),Manhattan,metrocard,Metrocard - Fair Fare,25.0,1.0
2022-11-28T12:00:00.000,subway,614,"59 St-Columbus Circle (A,B,C,D,1)",Manhattan,metrocard,Metrocard - Seniors & Disability,142.0,7.0
2022-11-28T15:00:00.000,subway,613,"Lexington Av (N,R,W)/59 St (4,5,6)",Manhattan,metrocard,Metrocard - Students,260.0,13.0
2022-11-28T14:00:00.000,subway,618,"14 St (A,C,E)/8 Av (L)",Manhattan,metrocard,Metrocard - Unlimited 7-Day,203.0,0.0
2022-11-28T23:00:00.000,subway,477,72 St (Q),Manhattan,metrocard,Metrocard - Full Fare,53.0,3.0
2022-05-31T05:00:00.000,subway,397,"86 St (4,5,6)",Manhattan,metrocard,Metrocard - Seniors & Disability,4.0,2.0
2022-11-28T17:00:00.000,subway,613,"Lexington Av (N,R,W)/59 St (4,5,6)",Manhattan,metrocard,Metrocard - Students,103.0,14.0
2022-05-31T21:00:00.000,subway,394,110 St (6),Manhattan,metrocard,Metrocard - Unlimited 7-Day,25.0,0.0
2022-05-31T10:00:00.000,subway,398,77 St (6),Manhattan,metrocard,Metrocard - Seniors & Disability,47.0,4.0
2022-11-28T17:00:00.000,subway,475,96 St (Q),Manhattan,metrocard,Metrocard - Full Fare,227.0,9.0
2022-11-28T11:00:00.000,subway,8,"5 Av/59 St (N,R,W)",Manhattan,metrocard,Metrocard - Students,2.0,0.0
2022-11-28T05:00:00.000,subway,607,"34 St-Herald Sq (B,D,F,M,N,Q,R,W)",Manhattan,omny,OMNY - Full Fare,69.0,3.0
2022-11-28T19:00:00.000,subway,618,"14 St (A,C,E)/8 Av (L)",Manhattan,omny,OMNY - Other,1.0,0.0
2022-11-28T17:00:00.000,subway,607,"34 St-Herald Sq (B,D,F,M,N,Q,R,W)",Manhattan,metrocard,Metrocard - Full Fare,2033.0,19.0
2022-05-31T19:00:00.000,subway,395,103 St (6),Manhattan,metrocard,Metrocard - Full Fare,66.0,1.0
2022-11-28T03:00:00.000,subway,607,"34 St-Herald Sq (B,D,F,M,N,Q,R,W)",Manhattan,metrocard,Metrocard - Unlimited 7-Day,4.0,0.0
2022-11-28T07:00:00.000,subway,614,"59 St-Columbus Circle (A,B,C,D,1)",Manhattan,metrocard,Metrocard - Unlimited 7-Day,91.0,0.0
2022-05-31T04:00:00.000,subway,394,110 St (6),Manhattan,metrocard,Metrocard - Unlimited 7-Day,8.0,0.0
2022-11-28T09:00:00.000,subway,471,34 St-Hudson Yards (7),Manhattan,metrocard,Metrocard - Unlimited 7-Day,32.0,0.0
2022-11-28T03:00:00.000,subway,602,"14 St-Union Sq (L,N,Q,R,W,4,5,6)",Manhattan,metrocard,Metrocard - Other,4.0,0.0
2022-05-31T21:00:00.000,subway,404,28 St (6),Manhattan,metrocard,Metrocard - Unlimited 30-Day,46.0,0.0
2022-11-28T05:00:00.000,subway,619,"Broadway-Lafayette St (B,D,F,M)/Bleecker St (6)",Manhattan,metrocard,Metrocard - Unlimited 7-Day,9.0,0.0
2022-11-28T11:00:00.000,subway,610,"Grand Central-42 St (S,4,5,6,7)",Manhattan,metrocard,Metrocard - Unlimited 30-Day,193.0,0.0
2022-11-28T21:00:00.000,subway,601,"14 St (F,M,1,2,3)/6 Av (L)",Manhattan,omny,OMNY - Full Fare,536.0,5.0
2022-05-31T14:00:00.000,subway,395,103 St (6),Manhattan,metrocard,Metrocard - Unlimited 30-Day,73.0,0.0
2022-05-31T03:00:00.000,subway,398,77 St (6),Manhattan,omny,OMNY - Full Fare,1.0,0.0
2022-05-31T07:00:00.000,subway,396,96 St (6),Manhattan,metrocard,Metrocard - Unlimited 30-Day,132.0,0.0
2022-11-28T15:00:00.000,subway,9,"57 St-7 Av (N,Q,R,W)",Manhattan,omny,OMNY - Seniors & Disability,2.0,0.0
2022-05-31T00:00:00.000,subway,396,96 St (6),Manhattan,omny,OMNY - Full Fare,11.0,0.0
2022-11-28T23:00:00.000,subway,612,"Lexington Av-53 St (E,M)/51 St (6)",Manhattan,metrocard,Metrocard - Other,17.0,1.0
2022-11-28T09:00:00.000,subway,601,"14 St (F,M,1,2,3)/6 Av (L)",Manhattan,metrocard,Metrocard - Other,44.0,0.0
2022-05-31T19:00:00.000,subway,394,110 St (6),Manhattan,metrocard,Metrocard - Students,9.0,0.0
2022-05-31T11:00:00.000,subway,398,77 St (6),Manhattan,metrocard,Metrocard - Other,31.0,1.0
2022-11-28T16:00:00.000,subway,471,34 St-Hudson Yards (7),Manhattan,metrocard,Metrocard - Unlimited 30-Day,115.0,0.0
2022-11-28T17:00:00.000,subway,477,72 St (Q),Manhattan,omny,OMNY - Seniors & Disability,2.0,0.0
2022-05-31T05:00:00.000,subway,397,"86 St (4,5,6)",Manhattan,metrocard,Metrocard - Fair Fare,7.0,1.0
2022-11-28T19:00:00.000,subway,614,"59 St-Columbus Circle (A,B,C,D,1)",Manhattan,metrocard,Metrocard - Full Fare,565.0,21.0
2022-11-28T16:00:00.000,subway,477,72 St (Q),Manhattan,metrocard,Metrocard - Students,95.0,0.0
2022-11-28T12:00:00.000,subway,612,"Lexington Av-53 St (E,M)/51 St (6)",Manhattan,metrocard,Metrocard - Other,42.0,0.0
2022-05-31T11:00:00.000,subway,395,103 St (6),Manhattan,metrocard,Metrocard - Other,17.0,0.0
2022-11-28T13:00:00.000,subway,619,"Broadway-Lafayette St (B,D,F,M)/Bleecker St (6)",Manhattan,metrocard,Metrocard - Fair Fare,27.0,1.0
2022-11-28T18:00:00.000,subway,9,"57 St-7 Av (N,Q,R,W)",Manhattan,metrocard,Metrocard - Fair Fare,35.0,1.0
2022-05-31T21:00:00.000,subway,404,28 St (6),Manhattan,omny,OMNY - Full Fare,101.0,0.0
2022-11-28T17:00:00.000,subway,602,"14 St-Union Sq (L,N,Q,R,W,4,5,6)",Manhattan,metrocard,Metrocard - Unlimited 30-Day,873.0,0.0
2022-11-28T18:00:00.000,subway,607,"34 St-Herald Sq (B,D,F,M,N,Q,R,W)",Manhattan,metrocard,Metrocard - Unlimited 7-Day,647.0,0.0
2022-11-28T05:00:00.000,subway,9,"57 St-7 Av (N,Q,R,W)",Manhattan,metrocard,Metrocard - Unlimited 30-Day,4.0,0.0
2022-11-28T13:00:00.000,subway,308,Cathedral Pkwy (110 St) (1),Manhattan,metrocard,Metrocard - Unlimited 7-Day,53.0,0.0
2022-11-28T08:00:00.000,subway,475,96 St (Q),Manhattan,metrocard,Metrocard - Students,117.0,7.0
2022-11-28T23:00:00.000,subway,602,"14 St-Union Sq (L,N,Q,R,W,4,5,6)",Manhattan,omny,OMNY - Full Fare,500.0,4.0
2022-05-31T17:00:00.000,subway,399,68 St-Hunter College (6),Manhattan,metrocard,Metrocard - Full Fare,544.0,42.0
2022-05-31T21:00:00.000,subway,397,"86 St (4,5,6)",Manhattan,omny,OMNY - Full Fare,209.0,6.0
2022-05-31T21:00:00.000,subway,395,103 St (6),Manhattan,omny,OMNY - Full Fare,37.0,0.0
2022-05-31T20:00:00.000,subway,397,"86 St (4,5,6)",Manhattan,metrocard,Metrocard - Seniors & Disability,33.0,4.0
2022-11-28T12:00:00.000,subway,605,"168 St (A,C,1)",Manhattan,metrocard,Metrocard - Seniors & Disability,50.0,4.0
2022-11-28T02:00:00.000,subway,619,"Broadway-Lafayette St (B,D,F,M)/Bleecker St (6)",Manhattan,metrocard,Metrocard - Other,1.0,0.0
2022-11-28T01:00:00.000,subway,605,"168 St (A,C,1)",Manhattan,omny,OMNY - Full Fare,10.0,0.0
2022-11-28T05:00:00.000,subway,471,34 St-Hudson Yards (7),Manhattan,metrocard,Metrocard - Students,1.0,0.0
2022-11-28T22:00:00.000,subway,607,"34 St-Herald Sq (B,D,F,M,N,Q,R,W)",Manhattan,metrocard,Metrocard - Students,1.0,0.0
2022-05-31T14:00:00.000,subway,399,68 St-Hunter College (6),Manhattan,metrocard,Metrocard - Unlimited 30-Day,101.0,0.0
2022-11-28T05:00:00.000,subway,614,"59 St-Columbus Circle (A,B,C,D,1)",Manhattan,metrocard,Metrocard - Unlimited 7-Day,22.0,0.0
2022-11-28T11:00:00.000,subway,601,"14 St (F,M,1,2,3)/6 Av (L)",Manhattan,omny,OMNY - Full Fare,311.0,2.0
2022-11-28T19:00:00.000,subway,602,"14 St-Union Sq (L,N,Q,R,W,4,5,6)",Manhattan,metrocard,Metrocard - Fair Fare,85.0,1.0
2022-11-28T12:00:00.000,subway,607,"34 St-Herald Sq (B,D,F,M,N,Q,R,W)",Manhattan,metrocard,Metrocard - Fair Fare,73.0,1.0
2022-11-28T18:00:00.000,subway,602,"14 St-Union Sq (L,N,Q,R,W,4,5,6)",Manhattan,metrocard,Metrocard - Students,182.0,4.0
2022-05-31T18:00:00.000,subway,397,"86 St (4,5,6)",Manhattan,metrocard,Metrocard - Full Fare,601.0,49.0
2022-11-28T15:00:00.000,subway,601,"14 St (F,M,1,2,3)/6 Av (L)",Manhattan,metrocard,Metrocard - Seniors & Disability,106.0,7.0
2022-11-28T03:00:00.000,subway,609,"Bryant Pk (B,D,F,M)/5 Av (7)",Manhattan,omny,OMNY - Full Fare,9.0,0.0
2022-11-28T15:00:00.000,subway,602,"14 St-Union Sq (L,N,Q,R,W,4,5,6)",Manhattan,metrocard,Metrocard - Unlimited 7-Day,529.0,0.0
2022-11-28T22:00:00.000,subway,614,"59 St-Columbus Circle (A,B,C,D,1)",Manhattan,metrocard,Metrocard - Other,49.0,0.0
2022-11-28T03:00:00.000,subway,605,"168 St (A,C,1)",Manhattan,metrocard,Metrocard - Unlimited 30-Day,1.0,0.0
2022-05-31T19:00:00.000,subway,403,33 St (6),Manhattan,metrocard,Metrocard - Fair Fare,19.0,0.0
2022-11-28T13:00:00.000,subway,476,86 St (Q),Manhattan,metrocard,Metrocard - Fair Fare,18.0,1.0
2022-11-28T05:00:00.000,subway,605,"168 St (A,C,1)",Manhattan,metrocard,Metrocard - Unlimited 7-Day,53.0,0.0
2022-11-28T08:00:00.000,subway,8,"5 Av/59 St (N,R,W)",Manhattan,metrocard,Metrocard - Seniors & Disability,3.0,0.0
2022-11-28T22:00:00.000,subway,9,"57 St-7 Av (N,Q,R,W)",Manhattan,metrocard,Metrocard - Fair Fare,22.0,0.0
2022-11-28T19:00:00.000,subway,9,"57 St-7 Av (N,Q,R,W)",Manhattan,metrocard,Metrocard - Unlimited 30-Day,174.0,0.0
2022-11-28T17:00:00.000,subway,609,"Bryant Pk (B,D,F,M)/5 Av (7)",Manhattan,metrocard,Metrocard - Fair Fare,116.0,1.0
2022-11-28T07:00:00.000,subway,8,"5 Av/59 St (N,R,W)",Manhattan,metrocard,Metrocard - Fair Fare,2.0,0.0
2022-05-31T22:00:00.000,subway,403,33 St (6),Manhattan,metrocard,Metrocard - Unlimited 7-Day,75.0,0.0
2022-11-28T13:00:00.000,subway,602,"14 St-Union Sq (L,N,Q,R,W,4,5,6)",Manhattan,metrocard,Metrocard - Students,158.0,1.0
2022-11-28T20:00:00.000,subway,477,72 St (Q),Manhattan,metrocard,Metrocard - Unlimited 7-Day,44.0,0.0
2022-11-28T09:00:00.000,subway,309,103 St (1),Manhattan,metrocard,Metrocard - Other,19.0,0.0
2022-05-31T22:00:00.000,subway,395,103 St (6),Manhattan,metrocard,Metrocard - Other,8.0,0.0
2022-11-28T22:00:00.000,subway,609,"Bryant Pk (B,D,F,M)/5 Av (7)",Manhattan,metrocard,Metrocard - Other,15.0,0.0
2022-11-28T19:00:00.000,subway,614,"59 St-Columbus Circle (A,B,C,D,1)",Manhattan,omny,OMNY - Full Fare,1409.0,19.0
2022-11-28T01:00:00.000,subway,8,"5 Av/59 St (N,R,W)",Manhattan,metrocard,Metrocard - Full Fare,1.0,0.0
2022-05-31T04:00:00.000,subway,398,77 St (6),Manhattan,metrocard,Metrocard - Unlimited 7-Day,4.0,0.0
2022-05-31T08:00:00.000,subway,399,68 St-Hunter College (6),Manhattan,omny,OMNY - Full Fare,236.0,3.0
2022-11-28T19:00:00.000,subway,619,"Broadway-Lafayette St (B,D,F,M)/Bleecker St (6)",Manhattan,metrocard,Metrocard - Seniors & Disability,16.0,0.0
2022-11-28T07:00:00.000,subway,618,"14 St (A,C,E)/8 Av (L)",Manhattan,omny,OMNY - Full Fare,319.0,5.0
2022-11-28T21:00:00.000,subway,609,"Bryant Pk (B,D,F,M)/5 Av (7)",Manhattan,omny,OMNY - Full Fare,487.0,4.0
2022-11-28T06:00:00.000,subway,309,103 St (1),Manhattan,metrocard,Metrocard - Fair Fare,7.0,0.0
2022-11-28T08:00:00.000,subway,308,Cathedral Pkwy (110 St) (1),Manhattan,metrocard,Metrocard - Students,87.0,1.0
2022-11-28T14:00:00.000,subway,601,"14 St (F,M,1,2,3)/6 Av (L)",Manhattan,metrocard,Metrocard - Other,65.0,2.0
2022-05-31T13:00:00.000,subway,396,96 St (6),Manhattan,metrocard,Metrocard - Fair Fare,22.0,3.0
2022-05-31T10:00:00.000,subway,397,"86 St (4,5,6)",Manhattan,metrocard,Metrocard - Other,45.0,3.0
2022-11-28T22:00:00.000,subway,605,"168 St (A,C,1)",Manhattan,metrocard,Metrocard - Fair Fare,9.0,0.0
2022-11-28T14:00:00.000,subway,477,72 St (Q),Manhattan,metrocard,Metrocard - Unlimited 7-Day,65.0,0.0
2022-05-31T22:00:00.000,subway,394,110 St (6),Manhattan,metrocard,Metrocard - Unlimited 30-Day,9.0,0.0
2022-11-28T06:00:00.000,subway,602,"14 St-Union Sq (L,N,Q,R,W,4,5,6)",Manhattan,metrocard,Metrocard - Students,11.0,2.0
2022-11-28T18:00:00.000,subway,614,"59 St-Columbus Circle (A,B,C,D,1)",Manhattan,metrocard,Metrocard - Unlimited 30-Day,524.0,0.0
2022-11-28T22:00:00.000,subway,602,"14 St-Union Sq (L,N,Q,R,W,4,5,6)",Manhattan,metrocard,Metrocard - Unlimited 30-Day,189.0,0.0
2022-11-28T00:00:00.000,subway,602,"14 St-Union Sq (L,N,Q,R,W,4,5,6)",Manhattan,metrocard,Metrocard - Unlimited 30-Day,44.0,0.0
2022-05-31T12:00:00.000,subway,399,68 St-Hunter College (6),Manhattan,metrocard,Metrocard - Unlimited 7-Day,58.0,0.0
2022-05-31T09:00:00.000,subway,404,28 St (6),Manhattan,metrocard,Metrocard - Unlimited 7-Day,35.0,0.0
2022-11-28T09:00:00.000,subway,612,"Lexington Av-53 St (E,M)/51 St (6)",Manhattan,metrocard,Metrocard - Students,16.0,0.0
2022-11-28T15:00:00.000,subway,8,"5 Av/59 St (N,R,W)",Manhattan,metrocard,Metrocard - Fair Fare,26.0,1.0
2022-05-31T13:00:00.000,subway,398,77 St (6),Manhattan,omny,OMNY - Full Fare,279.0,8.0
2022-11-28T02:00:00.000,subway,602,"14 St-Union Sq (L,N,Q,R,W,4,5,6)",Manhattan,metrocard,Metrocard - Fair Fare,2.0,0.0
2022-05-31T09:00:00.000,subway,397,"86 St (4,5,6)",Manhattan,metrocard,Metrocard - Full Fare,334.0,22.0
2022-11-28T19:00:00.000,subway,477,72 St (Q),Manhattan,metrocard,Metrocard - Seniors & Disability,34.0,2.0
2022-11-28T14:00:00.000,subway,611,"Times Sq-42 St (N,Q,R,W,S,1,2,3,7)/42 St (A,C,E)",Manhattan,omny,OMNY - Other,1.0,0.0
2022-11-28T16:00:00.000,subway,309,103 St (1),Manhattan,metrocard,Metrocard - Unlimited 7-Day,95.0,0.0
2022-11-28T19:00:00.000,subway,308,Cathedral Pkwy (110 St) (1),Manhattan,metrocard,Metrocard - Students,10.0,0.0
2022-11-28T20:00:00.000,subway,471,34 St-Hudson Yards (7),Manhattan,metrocard,Metrocard - Unlimited 7-Day,100.0,0.0
2022-11-28T06:00:00.000,subway,618,"14 St (A,C,E)/8 Av (L)",Manhattan,metrocard,Metrocard - Unlimited 30-Day,28.0,0.0
2022-11-28T05:00:00.000,subway,612,"Lexington Av-53 St (E,M)/51 St (6)",Manhattan,metrocard,Metrocard - Unlimited 30-Day,16.0,0.0
2022-05-31T22:00:00.000,subway,396,96 St (6),Manhattan,metrocard,Metrocard - Full Fare,44.0,4.0
2022-11-28T04:00:00.000,subway,601,"14 St (F,M,1,2,3)/6 Av (L)",Manhattan,omny,OMNY - Full Fare,3.0,0.0
2022-05-31T12:00:00.000,subway,403,33 St (6),Manhattan,metrocard,Metrocard - Students,23.0,0.0
2022-11-28T01:00:00.000,subway,9,"57 St-7 Av (N,Q,R,W)",Manhattan,metrocard,Metrocard - Unlimited 30-Day,3.0,0.0
2022-11-28T08:00:00.000,subway,614,"59 St-Columbus Circle (A,B,C,D,1)",Manhattan,metrocard,Metrocard - Students,70.0,3.0
2022-11-28T14:00:00.000,subway,619,"Broadway-Lafayette St (B,D,F,M)/Bleecker St (6)",Manhattan,omny,OMNY - Seniors & Disability,1.0,0.0
2022-11-28T19:00:00.000,subway,610,"Grand Central-42 St (S,4,5,6,7)",Manhattan,omny,OMNY - Seniors & Disability,4.0,0.0
2022-05-31T17:00:00.000,subway,394,110 St (6),Manhattan,metrocard,Metrocard - Unlimited 30-Day,72.0,0.0
2022-11-28T11:00:00.000,subway,613,"Lexington Av (N,R,W)/59 St (4,5,6)",Manhattan,metrocard,Metrocard - Fair Fare,28.0,6.0
2022-11-28T08:00:00.000,subway,8,"5 Av/59 St (N,R,W)",Manhattan,metrocard,Metrocard - Unlimited 30-Day,11.0,0.0
2022-11-28T10:00:00.000,subway,612,"Lexington Av-53 St (E,M)/51 St (6)",Manhattan,omny,OMNY - Full Fare,380.0,8.0
2022-11-28T19:00:00.000,subway,613,"Lexington Av (N,R,W)/59 St (4,5,6)",Manhattan,metrocard,Metrocard - Seniors & Disability,63.0,11.0
2022-11-28T12:00:00.000,subway,619,"Broadway-Lafayette St (B,D,F,M)/Bleecker St (6)",Manhattan,metrocard,Metrocard - Students,9.0,0.0
2022-11-28T17:00:00.000,subway,614,"59 St-Columbus Circle (A,B,C,D,1)",Manhattan,metrocard,Metrocard - Other,280.0,3.0
2022-05-31T06:00:00.000,subway,404,28 St (6),Manhattan,metrocard,Metrocard - Full Fare,22.0,0.0
2022-11-28T14:00:00.000,subway,607,"34 St-Herald Sq (B,D,F,M,N,Q,R,W)",Manhattan,metrocard,Metrocard - Unlimited 30-Day,377.0,0.0
2022-05-31T19:00:00.000,subway,399,68 St-Hunter College (6),Manhattan,metrocard,Metrocard - Students,25.0,5.0
2022-05-31T08:00:00.000,subway,404,28 St (6),Manhattan,metrocard,Metrocard - Other,40.0,0.0
2022-11-28T17:00:00.000,subway,612,"Lexington Av-53 St (E,M)/51 St (6)",Manhattan,metrocard,Metrocard - Seniors & Disability,155.0,4.0
2022-11-28T08:00:00.000,subway,618,"14 St (A,C,E)/8 Av (L)",Manhattan,metrocard,Metrocard - Seniors & Disability,33.0,1.0
2022-11-28T22:00:00.000,subway,308,Cathedral Pkwy (110 St) (1),Manhattan,omny,OMNY - Full Fare,88.0,1.0
2022-11-28T22:00:00.000,subway,475,96 St (Q),Manhattan,metrocard,Metrocard - Seniors & Disability,3.0,0.0
2022-11-28T20:00:00.000,subway,308,Cathedral Pkwy (110 St) (1),Manhattan,metrocard,Metrocard - Unlimited 30-Day,42.0,0.0
2022-05-31T23:00:00.000,subway,396,96 St (6),Manhattan,metrocard,Metrocard - Seniors & Disability,4.0,1.0
2022-11-28T16:00:00.000,subway,611,"Times Sq-42 St (N,Q,R,W,S,1,2,3,7)/42 St (A,C,E)",Manhattan,metrocard,Metrocard - Unlimited 7-Day,798.0,0.0
2022-11-28T08:00:00.000,subway,612,"Lexington Av-53 St (E,M)/51 St (6)",Manhattan,metrocard,Metrocard - Full Fare,219.0,2.0
2022-11-28T14:00:00.000,subway,477,72 St (Q),Manhattan,metrocard,Metrocard - Fair Fare,21.0,1.0
2022-11-28T15:00:00.000,subway,607,"34 St-Herald Sq (B,D,F,M,N,Q,R,W)",Manhattan,omny,OMNY - Full Fare,1656.0,14.0
2022-05-31T22:00:00.000,subway,398,77 St (6),Manhattan,omny,OMNY - Full Fare,71.0,2.0
2022-11-28T08:00:00.000,subway,610,"Grand Central-42 St (S,4,5,6,7)",Manhattan,metrocard,Metrocard - Full Fare,2091.0,73.0
2022-05-31T02:00:00.000,subway,404,28 St (6),Manhattan,omny,OMNY - Full Fare,11.0,0.0
2022-11-28T07:00:00.000,subway,477,72 St (Q),Manhattan,omny,OMNY - Full Fare,385.0,1.0
2022-11-28T17:00:00.000,subway,602,"14 St-Union Sq (L,N,Q,R,W,4,5,6)",Manhattan,metrocard,Metrocard - Seniors & Disability,192.0,9.0
2022-11-28T14:00:00.000,subway,612,"Lexington Av-53 St (E,M)/51 St (6)",Manhattan,metrocard,Metrocard - Unlimited 7-Day,184.0,0.0
2022-05-31T13:00:00.000,subway,397,"86 St (4,5,6)",Manhattan,metrocard,Metrocard - Unlimited 30-Day,138.0,0.0
2022-05-31T23:00:00.000,subway,395,103 St (6),Manhattan,metrocard,Metrocard - Seniors & Disability,2.0,0.0
2022-11-28T20:00:00.000,subway,613,"Lexington Av (N,R,W)/59 St (4,5,6)",Manhattan,metrocard,Metrocard - Unlimited 7-Day,137.0,0.0
2022-05-31T22:00:00.000,subway,399,68 St-Hunter College (6),Manhattan,metrocard,Metrocard - Unlimited 30-Day,28.0,0.0
2022-11-28T15:00:00.000,subway,607,"34 St-Herald Sq (B,D,F,M,N,Q,R,W)",Manhattan,omny,OMNY - Seniors & Disability,2.0,0.0
2022-05-31T21:00:00.000,subway,403,33 St (6),Manhattan,metrocard,Metrocard - Seniors & Disability,10.0,0.0
2022-11-28T04:00:00.000,subway,308,Cathedral Pkwy (110 St) (1),Manhattan,metrocard,Metrocard - Full Fare,1.0,0.0
2022-05-31T11:00:00.000,subway,397,"86 St (4,5,6)",Manhattan,metrocard,Metrocard - Unlimited 30-Day,105.0,0.0
2022-11-28T20:00:00.000,subway,471,34 St-Hudson Yards (7),Manhattan,metrocard,Metrocard - Seniors & Disability,7.0,0.0
2022-11-28T05:00:00.000,subway,612,"Lexington Av-53 St (E,M)/51 St (6)",Manhattan,metrocard,Metrocard - Other,4.0,0.0
2022-05-31T07:00:00.000,subway,396,96 St (6),Manhattan,metrocard,Metrocard - Full Fare,120.0,7.0
2022-11-28T19:00:00.000,subway,476,86 St (Q),Manhattan,metrocard,Metrocard - Seniors & Disability,21.0,1.0
2022-11-28T04:00:00.000,subway,609,"Bryant Pk (B,D,F,M)/5 Av (7)",Manhattan,metrocard,Metrocard - Full Fare,4.0,0.0
2022-11-28T04:00:00.000,subway,471,34 St-Hudson Yards (7),Manhattan,metrocard,Metrocard - Seniors & Disability,1.0,0.0
2022-11-28T22:00:00.000,subway,618,"14 St (A,C,E)/8 Av (L)",Manhattan,omny,OMNY - Full Fare,451.0,3.0
2022-11-28T22:00:00.000,subway,605,"168 St (A,C,1)",Manhattan,omny,OMNY - Full Fare,57.0,0.0
2022-11-28T12:00:00.000,subway,618,"14 St (A,C,E)/8 Av (L)",Manhattan,metrocard,Metrocard - Students,22.0,0.0
2022-11-28T06:00:00.000,subway,475,96 St (Q),Manhattan,omny,OMNY - Full Fare,122.0,11.0
2022-11-28T17:00:00.000,subway,605,"168 St (A,C,1)",Manhattan,metrocard,Metrocard - Seniors & Disability,62.0,1.0
2022-11-28T19:00:00.000,subway,308,Cathedral Pkwy (110 St) (1),Manhattan,metrocard,Metrocard - Full Fare,67.0,3.0
2022-11-28T00:00:00.000,subway,610,"Grand Central-42 St (S,4,5,6,7)",Manhattan,metrocard,Metrocard - Unlimited 7-Day,55.0,0.0
2022-11-28T12:00:00.000,subway,471,34 St-Hudson Yards (7),Manhattan,metrocard,Metrocard - Fair Fare,12.0,0.0
2022-11-28T19:00:00.000,subway,619,"Broadway-Lafayette St (B,D,F,M)/Bleecker St (6)",Manhattan,metrocard,Metrocard - Fair Fare,36.0,0.0
2022-11-28T22:00:00.000,subway,610,"Grand Central-42 St (S,4,5,6,7)",Manhattan,metrocard,Metrocard - Unlimited 30-Day,160.0,0.0
2022-11-28T22:00:00.000,subway,612,"Lexington Av-53 St (E,M)/51 St (6)",Manhattan,omny,OMNY - Full Fare,323.0,2.0
2022-11-28T21:00:00.000,subway,611,"Times Sq-42 St (N,Q,R,W,S,1,2,3,7)/42 St (A,C,E)",Manhattan,metrocard,Metrocard - Other,157.0,1.0
2022-11-28T16:00:00.000,subway,607,"34 St-Herald Sq (B,D,F,M,N,Q,R,W)",Manhattan,metrocard,Metrocard - Other,257.0,1.0
2022-11-28T16:00:00.000,subway,613,"Lexington Av (N,R,W)/59 St (4,5,6)",Manhattan,metrocard,Metrocard - Unlimited 30-Day,386.0,0.0
2022-11-28T02:00:00.000,subway,475,96 St (Q),Manhattan,metrocard,Metrocard - Full Fare,2.0,0.0
2022-11-28T10:00:00.000,subway,309,103 St (1),Manhattan,metrocard,Metrocard - Students,7.0,0.0
2022-05-31T00:00:00.000,subway,396,96 St (6),Manhattan,metrocard,Metrocard - Fair Fare,3.0,1.0
2022-05-31T13:00:00.000,subway,395,103 St (6),Manhattan,metrocard,Metrocard - Full Fare,99.0,1.0
2022-11-28T14:00:00.000,subway,602,"14 St-Union Sq (L,N,Q,R,W,4,5,6)",Manhattan,metrocard,Metrocard - Other,158.0,4.0
2022-11-28T11:00:00.000,subway,477,72 St (Q),Manhattan,metrocard,Metrocard - Seniors & Disability,75.0,3.0
2022-11-28T20:00:00.000,subway,611,"Times Sq-42 St (N,Q,R,W,S,1,2,3,7)/42 St (A,C,E)",Manhattan,omny,OMNY - Full Fare,1680.0,13.0
2022-11-28T20:00:00.000,subway,611,"Times Sq-42 St (N,Q,R,W,S,1,2,3,7)/42 St (A,C,E)",Manhattan,metrocard,Metrocard - Other,176.0,0.0
2022-05-31T19:00:00.000,subway,395,103 St (6),Manhattan,metrocard,Metrocard - Fair Fare,19.0,0.0
2022-11-28T13:00:00.000,subway,307,116 St-Columbia University (1),Manhattan,omny,OMNY - Seniors & Disability,1.0,0.0
2022-05-31T23:00:00.000,subway,399,68 St-Hunter College (6),Manhattan,omny,OMNY - Full Fare,59.0,1.0
2022-11-28T18:00:00.000,subway,611,"Times Sq-42 St (N,Q,R,W,S,1,2,3,7)/42 St (A,C,E)",Manhattan,omny,OMNY - Full Fare,3952.0,24.0
2022-11-28T10:00:00.000,subway,8,"5 Av/59 St (N,R,W)",Manhattan,metrocard,Metrocard - Other,5.0,0.0
2022-05-31T13:00:00.000,subway,394,110 St (6),Manhattan,metrocard,Metrocard - Other,17.0,0.0
2022-11-28T21:00:00.000,subway,614,"59 St-Columbus Circle (A,B,C,D,1)",Manhattan,metrocard,Metrocard - Students,1.0,0.0
2022-11-28T09:00:00.000,subway,611,"Times Sq-42 St (N,Q,R,W,S,1,2,3,7)/42 St (A,C,E)",Manhattan,metrocard,Metrocard - Unlimited 7-Day,683.0,0.0
2022-11-28T07:00:00.000,subway,477,72 St (Q),Manhattan,metrocard,Metrocard - Fair Fare,6.0,0.0
2022-05-31T06:00:00.000,subway,396,96 St (6),Manhattan,omny,OMNY - Full Fare,57.0,3.0
2022-11-28T02:00:00.000,subway,613,"Lexington Av (N,R,W)/59 St (4,5,6)",Manhattan,metrocard,Metrocard - Seniors & Disability,2.0,0.0
2022-11-28T17:00:00.000,subway,612,"Lexington Av-53 St (E,M)/51 St (6)",Manhattan,metrocard,Metrocard - Fair Fare,89.0,0.0
2022-11-28T02:00:00.000,subway,9,"57 St-7 Av (N,Q,R,W)",Manhattan,metrocard,Metrocard - Seniors & Disability,1.0,0.0
2022-11-28T02:00:00.000,subway,605,"168 St (A,C,1)",Manhattan,metrocard,Metrocard - Fair Fare,1.0,0.0
2022-05-31T23:00:00.000,subway,395,103 St (6),Manhattan,metrocard,Metrocard - Unlimited 30-Day,16.0,0.0
2022-05-31T05:00:00.000,subway,399,68 St-Hunter College (6),Manhattan,metrocard,Metrocard - Other,3.0,0.0
2022-05-31T16:00:00.000,subway,396,96 St (6),Manhattan,metrocard,Metrocard - Unlimited 30-Day,181.0,0.0
2022-11-28T05:00:00.000,subway,612,"Lexington Av-53 St (E,M)/51 St (6)",Manhattan,omny,OMNY - Full Fare,17.0,0.0
2022-11-28T15:00:00.000,subway,309,103 St (1),Manhattan,metrocard,Metrocard - Seniors & Disability,34.0,1.0
2022-11-28T14:00:00.000,subway,612,"Lexington Av-53 St (E,M)/51 St (6)",Manhattan,metrocard,Metrocard - Students,262.0,0.0
2022-05-31T16:00:00.000,subway,396,96 St (6),Manhattan,metrocard,Metrocard - Seniors & Disability,41.0,7.0
2022-11-28T02:00:00.000,subway,614,"59 St-Columbus Circle (A,B,C,D,1)",Manhattan,omny,OMNY - Full Fare,14.0,0.0
2022-11-28T01:00:00.000,subway,308,Cathedral Pkwy (110 St) (1),Manhattan,metrocard,Metrocard - Unlimited 7-Day,5.0,0.0
2022-11-28T07:00:00.000,subway,611,"Times Sq-42 St (N,Q,R,W,S,1,2,3,7)/42 St (A,C,E)",Manhattan,omny,OMNY - Full Fare,2958.0,112.0
2022-05-31T13:00:00.000,subway,404,28 St (6),Manhattan,metrocard,Metrocard - Unlimited 7-Day,51.0,0.0
2022-05-31T14:00:00.000,subway,395,103 St (6),Manhattan,metrocard,Metrocard - Fair Fare,29.0,0.0
2022-11-28T15:00:00.000,subway,609,"Bryant Pk (B,D,F,M)/5 Av (7)",Manhattan,metrocard,Metrocard - Full Fare,521.0,1.0
2022-05-31T18:00:00.000,subway,397,"86 St (4,5,6)",Manhattan,metrocard,Metrocard - Students,80.0,5.0
2022-11-28T14:00:00.000,subway,614,"59 St-Columbus Circle (A,B,C,D,1)",Manhattan,metrocard,Metrocard - Unlimited 30-Day,266.0,0.0
2022-11-28T11:00:00.000,subway,619,"Broadway-Lafayette St (B,D,F,M)/Bleecker St (6)",Manhattan,metrocard,Metrocard - Unlimited 30-Day,70.0,0.0
2022-05-31T16:00:00.000,subway,399,68 St-Hunter College (6),Manhattan,metrocard,Metrocard - Unlimited 7-Day,190.0,0.0
2022-05-31T02:00:00.000,subway,395,103 St (6),Manhattan,metrocard,Metrocard - Full Fare,3.0,0.0
2022-11-28T08:00:00.000,subway,610,"Grand Central-42 St (S,4,5,6,7)",Manhattan,metrocard,Metrocard - Seniors & Disability,145.0,3.0
2022-11-28T00:00:00.000,subway,613,"Lexington Av (N,R,W)/59 St (4,5,6)",Manhattan,metrocard,Metrocard - Full Fare,44.0,6.0
2022-11-28T11:00:00.000,subway,619,"Broadway-Lafayette St (B,D,F,M)/Bleecker St (6)",Manhattan,metrocard,Metrocard - Full Fare,117.0,1.0
2022-11-28T06:00:00.000,subway,609,"Bryant Pk (B,D,F,M)/5 Av (7)",Manhattan,metrocard,Metrocard - Fair Fare,4.0,0.0
2022-05-31T04:00:00.000,subway,395,103 St (6),Manhattan,omny,OMNY - Full Fare,5.0,0.0
2022-11-28T18:00:00.000,subway,619,"Broadway-Lafayette St (B,D,F,M)/Bleecker St (6)",Manhattan,omny,OMNY - Other,2.0,0.0
2022-11-28T19:00:00.000,subway,614,"59 St-Columbus Circle (A,B,C,D,1)",Manhattan,omny,OMNY - Seniors & Disability,2.0,0.0
2022-11-28T09:00:00.000,subway,308,Cathedral Pkwy (110 St) (1),Manhattan,metrocard,Metrocard - Seniors & Disability,45.0,1.0
2022-11-28T12:00:00.000,subway,8,"5 Av/59 St (N,R,W)",Manhattan,metrocard,Metrocard - Unlimited 7-Day,68.0,0.0
2022-11-28T19:00:00.000,subway,612,"Lexington Av-53 St (E,M)/51 St (6)",Manhattan,metrocard,Metrocard - Unlimited 7-Day,113.0,0.0
2022-05-31T18:00:00.000,subway,397,"86 St (4,5,6)",Manhattan,metrocard,Metrocard - Unlimited 7-Day,279.0,0.0
2022-11-28T08:00:00.000,subway,614,"59 St-Columbus Circle (A,B,C,D,1)",Manhattan,metrocard,Metrocard - Seniors & Disability,57.0,4.0
2022-05-31T09:00:00.000,subway,394,110 St (6),Manhattan,metrocard,Metrocard - Unlimited 7-Day,50.0,0.0
2022-11-28T23:00:00.000,subway,477,72 St (Q),Manhattan,metrocard,Metrocard - Other,5.0,0.0
2022-11-28T00:00:00.000,subway,309,103 St (1),Manhattan,metrocard,Metrocard - Unlimited 7-Day,10.0,0.0
2022-05-31T09:00:00.000,subway,394,110 St (6),Manhattan,omny,OMNY - Full Fare,104.0,0.0
2022-05-31T05:00:00.000,subway,399,68 St-Hunter College (6),Manhattan,metrocard,Metrocard - Fair Fare,2.0,0.0
2022-11-28T06:00:00.000,subway,602,"14 St-Union Sq (L,N,Q,R,W,4,5,6)",Manhattan,omny,OMNY - Full Fare,168.0,13.0
2022-11-28T17:00:00.000,subway,476,86 St (Q),Manhattan,metrocard,Metrocard - Students,50.0,5.0
2022-05-31T11:00:00.000,subway,403,33 St (6),Manhattan,metrocard,Metrocard - Unlimited 30-Day,52.0,0.0
2022-11-28T19:00:00.000,subway,619,"Broadway-Lafayette St (B,D,F,M)/Bleecker St (6)",Manhattan,omny,OMNY - Seniors & Disability,2.0,0.0
2022-05-31T19:00:00.000,subway,394,110 St (6),Manhattan,omny,OMNY - Full Fare,57.0,2.0
2022-11-28T14:00:00.000,subway,607,"34 St-Herald Sq (B,D,F,M,N,Q,R,W)",Manhattan,metrocard,Metrocard - Students,93.0,1.0
2022-05-31T15:00:00.000,subway,396,96 St (6),Manhattan,metrocard,Metrocard - Unlimited 7-Day,118.0,0.0
2022-05-31T20:00:00.000,subway,397,"86 St (4,5,6)",Manhattan,metrocard,Metrocard - Other,47.0,2.0
2022-11-28T02:00:00.000,subway,619,"Broadway-Lafayette St (B,D,F,M)/Bleecker St (6)",Manhattan,metrocard,Metrocard - Full Fare,2.0,0.0
2022-11-28T11:00:00.000,subway,476,86 St (Q),Manhattan,omny,OMNY - Seniors & Disability,2.0,0.0
2022-11-28T11:00:00.000,subway,614,"59 St-Columbus Circle (A,B,C,D,1)",Manhattan,metrocard,Metrocard - Fair Fare,47.0,1.0
2022-05-31T02:00:00.000,subway,394,110 St (6),Manhattan,omny,OMNY - Full Fare,2.0,0.0
2022-11-28T10:00:00.000,subway,475,96 St (Q),Manhattan,omny,OMNY - Seniors & Disability,1.0,0.0
2022-11-28T05:00:00.000,subway,607,"34 St-Herald Sq (B,D,F,M,N,Q,R,W)",Manhattan,metrocard,Metrocard - Fair Fare,4.0,0.0
2022-11-28T13:00:00.000,subway,601,"14 St (F,M,1,2,3)/6 Av (L)",Manhattan,omny,OMNY - Seniors & Disability,2.0,0.0
2022-11-28T03:00:00.000,subway,471,34 St-Hudson Yards (7),Manhattan,omny,OMNY - Full Fare,6.0,0.0
2022-11-28T05:00:00.000,subway,607,"34 St-Herald Sq (B,D,F,M,N,Q,R,W)",Manhattan,metrocard,Metrocard - Students,2.0,0.0
2022-11-28T15:00:00.000,subway,613,"Lexington Av (N,R,W)/59 St (4,5,6)",Manhattan,omny,OMNY - Full Fare,1041.0,91.0
2022-11-28T10:00:00.000,subway,9,"57 St-7 Av (N,Q,R,W)",Manhattan,metrocard,Metrocard - Unlimited 7-Day,65.0,0.0
2022-11-28T11:00:00.000,subway,8,"5 Av/59 St (N,R,W)",Manhattan,metrocard,Metrocard - Seniors & Disability,17.0,0.0
2022-05-31T19:00:00.000,subway,394,110 St (6),Manhattan,metrocard,Metrocard - Other,10.0,0.0
2022-05-31T09:00:00.000,subway,397,"86 St (4,5,6)",Manhattan,metrocard,Metrocard - Fair Fare,17.0,3.0
2022-11-28T21:00:00.000,subway,618,"14 St (A,C,E)/8 Av (L)",Manhattan,metrocard,Metrocard - Other,47.0,0.0
2022-11-28T10:00:00.000,subway,477,72 St (Q),Manhattan,metrocard,Metrocard - Unlimited 30-Day,61.0,0.0
2022-11-28T10:00:00.000,subway,618,"14 St (A,C,E)/8 Av (L)",Manhattan,metrocard,Metrocard - Unlimited 30-Day,64.0,0.0
2022-11-28T14:00:00.000,subway,8,"5 Av/59 St (N,R,W)",Manhattan,metrocard,Metrocard - Full Fare,194.0,3.0
2022-11-28T05:00:00.000,subway,607,"34 St-Herald Sq (B,D,F,M,N,Q,R,W)",Manhattan,metrocard,Metrocard - Seniors & Disability,5.0,0.0
2022-11-28T08:00:00.000,subway,607,"34 St-Herald Sq (B,D,F,M,N,Q,R,W)",Manhattan,omny,OMNY - Seniors & Disability,2.0,0.0
2022-11-28T01:00:00.000,subway,612,"Lexington Av-53 St (E,M)/51 St (6)",Manhattan,metrocard,Metrocard - Unlimited 7-Day,4.0,0.0
2022-05-31T15:00:00.000,subway,403,33 St (6),Manhattan,metrocard,Metrocard - Other,60.0,0.0
2022-11-28T12:00:00.000,subway,601,"14 St (F,M,1,2,3)/6 Av (L)",Manhattan,metrocard,Metrocard - Unlimited 30-Day,84.0,0.0
2022-11-28T01:00:00.000,subway,9,"57 St-7 Av (N,Q,R,W)",Manhattan,omny,OMNY - Full Fare,8.0,0.0
2022-05-31T04:00:00.000,subway,404,28 St (6),Manhattan,metrocard,Metrocard - Unlimited 30-Day,3.0,0.0
2022-11-28T18:00:00.000,subway,611,"Times Sq-42 St (N,Q,R,W,S,1,2,3,7)/42 St (A,C,E)",Manhattan,omny,OMNY - Seniors & Disability,2.0,0.0
2022-05-31T07:00:00.000,subway,395,103 St (6),Manhattan,metrocard,Metrocard - Seniors & Disability,15.0,0.0
2022-11-28T09:00:00.000,subway,618,"14 St (A,C,E)/8 Av (L)",Manhattan,metrocard,Metrocard - Full Fare,128.0,9.0
2022-11-28T01:00:00.000,subway,618,"14 St (A,C,E)/8 Av (L)",Manhattan,metrocard,Metrocard - Unlimited 7-Day,8.0,0.0
2022-05-31T07:00:00.000,subway,404,28 St (6),Manhattan,metrocard,Metrocard - Students,23.0,0.0
2022-11-28T23:00:00.000,subway,613,"Lexington Av (N,R,W)/59 St (4,5,6)",Manhattan,metrocard,Metrocard - Other,19.0,0.0
2022-05-31T12:00:00.000,subway,399,68 St-Hunter College (6),Manhattan,omny,OMNY - Full Fare,167.0,0.0
2022-11-28T10:00:00.000,subway,602,"14 St-Union Sq (L,N,Q,R,W,4,5,6)",Manhattan,metrocard,Metrocard - Full Fare,294.0,24.0
2022-11-28T21:00:00.000,subway,607,"34 St-Herald Sq (B,D,F,M,N,Q,R,W)",Manhattan,metrocard,Metrocard - Full Fare,579.0,1.0
2022-11-28T16:00:00.000,subway,619,"Broadway-Lafayette St (B,D,F,M)/Bleecker St (6)",Manhattan,metrocard,Metrocard - Full Fare,472.0,1.0
2022-11-28T06:00:00.000,subway,476,86 St (Q),Manhattan,metrocard,Metrocard - Unlimited 7-Day,17.0,0.0
2022-05-31T14:00:00.000,subway,394,110 St (6),Manhattan,metrocard,Metrocard - Students,80.0,0.0
2022-11-28T06:00:00.000,subway,619,"Broadway-Lafayette St (B,D,F,M)/Bleecker St (6)",Manhattan,metrocard,Metrocard - Unlimited 30-Day,27.0,0.0
2022-11-28T14:00:00.000,subway,477,72 St (Q),Manhattan,metrocard,Metrocard - Full Fare,238.0,2.0
2022-05-31T06:00:00.000,subway,396,96 St (6),Manhattan,metrocard,Metrocard - Seniors & Disability,8.0,1.0
2022-05-31T22:00:00.000,subway,398,77 St (6),Manhattan,metrocard,Metrocard - Full Fare,83.0,1.0
2022-11-28T20:00:00.000,subway,601,"14 St (F,M,1,2,3)/6 Av (L)",Manhattan,metrocard,Metrocard - Unlimited 7-Day,119.0,0.0
2022-11-28T06:00:00.000,subway,610,"Grand Central-42 St (S,4,5,6,7)",Manhattan,metrocard,Metrocard - Other,168.0,1.0
2022-11-28T01:00:00.000,subway,605,"168 St (A,C,1)",Manhattan,metrocard,Metrocard - Other,8.0,0.0
2022-11-28T02:00:00.000,subway,605,"168 St (A,C,1)",Manhattan,metrocard,Metrocard - Unlimited 7-Day,3.0,0.0
2022-05-31T00:00:00.000,subway,395,103 St (6),Manhattan,metrocard,Metrocard - Unlimited 30-Day,3.0,0.0
2022-11-28T19:00:00.000,subway,475,96 St (Q),Manhattan,metrocard,Metrocard - Unlimited 30-Day,47.0,0.0
2022-11-28T08:00:00.000,subway,605,"168 St (A,C,1)",Manhattan,metrocard,Metrocard - Unlimited 30-Day,155.0,0.0
2022-11-28T11:00:00.000,subway,602,"14 St-Union Sq (L,N,Q,R,W,4,5,6)",Manhattan,omny,OMNY - Full Fare,688.0,9.0
2022-11-28T17:00:00.000,subway,309,103 St (1),Manhattan,metrocard,Metrocard - Other,24.0,1.0
2022-05-31T22:00:00.000,subway,394,110 St (6),Manhattan,metrocard,Metrocard - Full Fare,11.0,0.0
2022-05-31T18:00:00.000,subway,399,68 St-Hunter College (6),Manhattan,omny,OMNY - Full Fare,478.0,15.0
2022-11-28T07:00:00.000,subway,309,103 St (1),Manhattan,metrocard,Metrocard - Unlimited 30-Day,77.0,0.0
2022-11-28T18:00:00.000,subway,601,"14 St (F,M,1,2,3)/6 Av (L)",Manhattan,metrocard,Metrocard - Unlimited 30-Day,321.0,0.0
2022-11-28T10:00:00.000,subway,614,"59 St-Columbus Circle (A,B,C,D,1)",Manhattan,metrocard,Metrocard - Fair Fare,45.0,0.0
2022-11-28T01:00:00.000,subway,619,"Broadway-Lafayette St (B,D,F,M)/Bleecker St (6)",Manhattan,metrocard,Metrocard - Unlimited 30-Day,3.0,0.0
2022-05-31T13:00:00.000,subway,398,77 St (6),Manhattan,metrocard,Metrocard - Students,22.0,0.0
2022-05-31T15:00:00.000,subway,396,96 St (6),Manhattan,metrocard,Metrocard - Other,62.0,2.0
2022-11-28T03:00:00.000,subway,610,"Grand Central-42 St (S,4,5,6,7)",Manhattan,metrocard,Metrocard - Full Fare,9.0,0.0
2022-05-31T18:00:00.000,subway,397,"86 St (4,5,6)",Manhattan,metrocard,Metrocard - Unlimited 30-Day,421.0,0.0
2022-11-28T12:00:00.000,subway,611,"Times Sq-42 St (N,Q,R,W,S,1,2,3,7)/42 St (A,C,E)",Manhattan,metrocard,Metrocard - Unlimited 7-Day,417.0,0.0
2022-05-31T10:00:00.000,subway,396,96 St (6),Manhattan,metrocard,Metrocard - Fair Fare,20.0,3.0
2022-11-28T12:00:00.000,subway,611,"Times Sq-42 St (N,Q,R,W,S,1,2,3,7)/42 St (A,C,E)",Manhattan,metrocard,Metrocard - Full Fare,983.0,10.0
2022-11-28T06:00:00.000,subway,308,Cathedral Pkwy (110 St) (1),Manhattan,metrocard,Metrocard - Full Fare,36.0,0.0
2022-05-31T20:00:00.000,subway,396,96 St (6),Manhattan,metrocard,Metrocard - Unlimited 30-Day,47.0,0.0
2022-05-31T00:00:00.000,subway,404,28 St (6),Manhattan,metrocard,Metrocard - Fair Fare,4.0,0.0
2022-11-28T07:00:00.000,subway,9,"57 St-7 Av (N,Q,R,W)",Manhattan,metrocard,Metrocard - Students,72.0,15.0
2022-11-28T17:00:00.000,subway,609,"Bryant Pk (B,D,F,M)/5 Av (7)",Manhattan,metrocard,Metrocard - Other,303.0,2.0
2022-11-28T20:00:00.000,subway,605,"168 St (A,C,1)",Manhattan,metrocard,Metrocard - Students,5.0,0.0
2022-11-28T14:00:00.000,subway,618,"14 St (A,C,E)/8 Av (L)",Manhattan,metrocard,Metrocard - Students,300.0,0.0
2022-05-31T14:00:00.000,subway,394,110 St (6),Manhattan,metrocard,Metrocard - Seniors & Disability,19.0,1.0
2022-05-31T14:00:00.000,subway,394,110 St (6),Manhattan,omny,OMNY - Full Fare,106.0,0.0
2022-11-28T13:00:00.000,subway,471,34 St-Hudson Yards (7),Manhattan,metrocard,Metrocard - Unlimited 7-Day,160.0,0.0
2022-05-31T14:00:00.000,subway,398,77 St (6),Manhattan,metrocard,Metrocard - Seniors & Disability,80.0,3.0
2022-11-28T22:00:00.000,subway,607,"34 St-Herald Sq (B,D,F,M,N,Q,R,W)",Manhattan,metrocard,Metrocard - Unlimited 7-Day,261.0,0.0
2022-05-31T23:00:00.000,subway,397,"86 St (4,5,6)",Manhattan,metrocard,Metrocard - Unlimited 30-Day,40.0,0.0
2022-11-28T13:00:00.000,subway,605,"168 St (A,C,1)",Manhattan,metrocard,Metrocard - Fair Fare,38.0,3.0
2022-11-28T20:00:00.000,subway,605,"168 St (A,C,1)",Manhattan,omny,OMNY - Full Fare,167.0,1.0
2022-11-28T07:00:00.000,subway,601,"14 St (F,M,1,2,3)/6 Av (L)",Manhattan,metrocard,Metrocard - Unlimited 30-Day,70.0,0.0
2022-11-28T15:00:00.000,subway,613,"Lexington Av (N,R,W)/59 St (4,5,6)",Manhattan,metrocard,Metrocard - Full Fare,804.0,69.0
2022-11-28T09:00:00.000,subway,619,"Broadway-Lafayette St (B,D,F,M)/Bleecker St (6)",Manhattan,metrocard,Metrocard - Fair Fare,12.0,0.0
2022-11-28T23:00:00.000,subway,308,Cathedral Pkwy (110 St) (1),Manhattan,metrocard,Metrocard - Full Fare,17.0,0.0
2022-11-28T09:00:00.000,subway,609,"Bryant Pk (B,D,F,M)/5 Av (7)",Manhattan,metrocard,Metrocard - Unlimited 7-Day,65.0,0.0
2022-11-28T08:00:00.000,subway,475,96 St (Q),Manhattan,omny,OMNY - Full Fare,664.0,42.0
2022-11-28T03:00:00.000,subway,611,"Times Sq-42 St (N,Q,R,W,S,1,2,3,7)/42 St (A,C,E)",Manhattan,metrocard,Metrocard - Other,24.0,0.0
2022-11-28T08:00:00.000,subway,9,"57 St-7 Av (N,Q,R,W)",Manhattan,metrocard,Metrocard - Seniors & Disability,25.0,5.0
2022-11-28T10:00:00.000,subway,308,Cathedral Pkwy (110 St) (1),Manhattan,omny,OMNY - Seniors & Disability,4.0,0.0
2022-05-31T09:00:00.000,subway,397,"86 St (4,5,6)",Manhattan,omny,OMNY - Full Fare,580.0,27.0
2022-11-28T04:00:00.000,subway,607,"34 St-Herald Sq (B,D,F,M,N,Q,R,W)",Manhattan,metrocard,Metrocard - Full Fare,22.0,0.0
2022-11-28T20:00:00.000,subway,8,"5 Av/59 St (N,R,W)",Manhattan,metrocard,Metrocard - Fair Fare,9.0,0.0
2022-11-28T23:00:00.000,subway,614,"59 St-Columbus Circle (A,B,C,D,1)",Manhattan,metrocard,Metrocard - Seniors & Disability,45.0,2.0
2022-11-28T13:00:00.000,subway,609,"Bryant Pk (B,D,F,M)/5 Av (7)",Manhattan,metrocard,Metrocard - Students,36.0,3.0
2022-11-28T20:00:00.000,subway,477,72 St (Q),Manhattan,metrocard,Metrocard - Students,6.0,0.0
2022-11-28T10:00:00.000,subway,613,"Lexington Av (N,R,W)/59 St (4,5,6)",Manhattan,metrocard,Metrocard - Other,43.0,2.0
2022-11-28T20:00:00.000,subway,602,"14 St-Union Sq (L,N,Q,R,W,4,5,6)",Manhattan,metrocard,Metrocard - Seniors & Disability,42.0,2.0
2022-05-31T08:00:00.000,subway,395,103 St (6),Manhattan,metrocard,Metrocard - Unlimited 30-Day,129.0,0.0
2022-11-28T10:00:00.000,subway,9,"57 St-7 Av (N,Q,R,W)",Manhattan,omny,OMNY - Seniors & Disability,1.0,0.0
2022-11-28T15:00:00.000,subway,613,"Lexington Av (N,R,W)/59 St (4,5,6)",Manhattan,omny,OMNY - Seniors & Disability,3.0,1.0
2022-11-28T14:00:00.000,subway,476,86 St (Q),Manhattan,omny,OMNY - Full Fare,227.0,3.0
2022-05-31T05:00:00.000,subway,399,68 St-Hunter College (6),Manhattan,metrocard,Metrocard - Unlimited 30-Day,2.0,0.0
2022-11-28T04:00:00.000,subway,477,72 St (Q),Manhattan,metrocard,Metrocard - Other,1.0,0.0
2022-05-31T18:00:00.000,subway,397,"86 St (4,5,6)",Manhattan,metrocard,Metrocard - Seniors & Disability,83.0,7.0
2022-05-31T14:00:00.000,subway,397,"86 St (4,5,6)",Manhattan,metrocard,Metrocard - Full Fare,436.0,18.0
2022-11-28T12:00:00.000,subway,476,86 St (Q),Manhattan,metrocard,Metrocard - Full Fare,106.0,4.0
2022-11-28T07:00:00.000,subway,471,34 St-Hudson Yards (7),Manhattan,metrocard,Metrocard - Full Fare,57.0,0.0
2022-11-28T11:00:00.000,subway,476,86 St (Q),Manhattan,metrocard,Metrocard - Unlimited 7-Day,34.0,0.0
2022-11-28T05:00:00.000,subway,308,Cathedral Pkwy (110 St) (1),Manhattan,omny,OMNY - Full Fare,23.0,0.0
2022-05-31T06:00:00.000,subway,403,33 St (6),Manhattan,metrocard,Metrocard - Full Fare,56.0,10.0
2022-11-28T18:00:00.000,subway,609,"Bryant Pk (B,D,F,M)/5 Av (7)",Manhattan,omny,OMNY - Full Fare,2286.0,10.0
2022-11-28T10:00:00.000,subway,308,Cathedral Pkwy (110 St) (1),Manhattan,omny,OMNY - Full Fare,149.0,1.0
2022-11-28T05:00:00.000,subway,309,103 St (1),Manhattan,metrocard,Metrocard - Unlimited 7-Day,14.0,0.0
2022-05-31T00:00:00.000,subway,399,68 St-Hunter College (6),Manhattan,metrocard,Metrocard - Seniors & Disability,1.0,0.0
2022-11-28T04:00:00.000,subway,605,"168 St (A,C,1)",Manhattan,metrocard,Metrocard - Other,9.0,0.0
2022-11-28T07:00:00.000,subway,602,"14 St-Union Sq (L,N,Q,R,W,4,5,6)",Manhattan,metrocard,Metrocard - Other,103.0,4.0
2022-05-31T04:00:00.000,subway,403,33 St (6),Manhattan,metrocard,Metrocard - Other,3.0,0.0
2022-11-28T16:00:00.000,subway,602,"14 St-Union Sq (L,N,Q,R,W,4,5,6)",Manhattan,metrocard,Metrocard - Students,637.0,6.0
2022-11-28T06:00:00.000,subway,605,"168 St (A,C,1)",Manhattan,metrocard,Metrocard - Other,29.0,0.0
2022-05-31T13:00:00.000,subway,398,77 St (6),Manhattan,metrocard,Metrocard - Unlimited 7-Day,131.0,0.0
2022-05-31T18:00:00.000,subway,399,68 St-Hunter College (6),Manhattan,metrocard,Metrocard - Unlimited 30-Day,194.0,0.0
2022-11-28T18:00:00.000,subway,607,"34 St-Herald Sq (B,D,F,M,N,Q,R,W)",Manhattan,metrocard,Metrocard - Students,122.0,0.0
2022-05-31T17:00:00.000,subway,404,28 St (6),Manhattan,metrocard,Metrocard - Unlimited 30-Day,215.0,0.0
2022-11-28T23:00:00.000,subway,476,86 St (Q),Manhattan,metrocard,Metrocard - Other,2.0,0.0
2022-05-31T05:00:00.000,subway,404,28 St (6),Manhattan,metrocard,Metrocard - Other,7.0,0.0
2022-11-28T05:00:00.000,subway,619,"Broadway-Lafayette St (B,D,F,M)/Bleecker St (6)",Manhattan,omny,OMNY - Full Fare,15.0,0.0
2022-11-28T08:00:00.000,subway,612,"Lexington Av-53 St (E,M)/51 St (6)",Manhattan,metrocard,Metrocard - Other,66.0,1.0
2022-11-28T11:00:00.000,subway,614,"59 St-Columbus Circle (A,B,C,D,1)",Manhattan,metrocard,Metrocard - Unlimited 7-Day,148.0,0.0
2022-05-31T15:00:00.000,subway,395,103 St (6),Manhattan,metrocard,Metrocard - Other,30.0,0.0
2022-11-28T08:00:00.000,subway,307,116 St-Columbia University (1),Manhattan,omny,OMNY - Seniors & Disability,2.0,0.0
2022-05-31T17:00:00.000,subway,403,33 St (6),Manhattan,metrocard,Metrocard - Unlimited 30-Day,316.0,0.0
2022-11-28T13:00:00.000,subway,611,"Times Sq-42 St (N,Q,R,W,S,1,2,3,7)/42 St (A,C,E)",Manhattan,metrocard,Metrocard - Full Fare,1001.0,13.0
2022-11-28T22:00:00.000,subway,477,72 St (Q),Manhattan,omny,OMNY - Full Fare,124.0,0.0
2022-05-31T16:00:00.000,subway,404,28 St (6),Manhattan,metrocard,Metrocard - Seniors & Disability,30.0,0.0
2022-11-28T05:00:00.000,subway,475,96 St (Q),Manhattan,metrocard,Metrocard - Seniors & Disability,3.0,1.0
2022-11-28T13:00:00.000,subway,609,"Bryant Pk (B,D,F,M)/5 Av (7)",Manhattan,omny,OMNY - Full Fare,482.0,3.0
2022-11-28T17:00:00.000,subway,619,"Broadway-Lafayette St (B,D,F,M)/Bleecker St (6)",Manhattan,metrocard,Metrocard - Students,76.0,4.0
2022-11-28T22:00:00.000,subway,613,"Lexington Av (N,R,W)/59 St (4,5,6)",Manhattan,metrocard,Metrocard - Unlimited 30-Day,89.0,0.0
2022-11-28T01:00:00.000,subway,8,"5 Av/59 St (N,R,W)",Manhattan,omny,OMNY - Full Fare,7.0,0.0
2022-11-28T17:00:00.000,subway,471,34 St-Hudson Yards (7),Manhattan,metrocard,Metrocard - Full Fare,615.0,1.0
2022-11-28T17:00:00.000,subway,618,"14 St (A,C,E)/8 Av (L)",Manhattan,metrocard,Metrocard - Seniors & Disability,58.0,1.0
2022-05-31T12:00:00.000,subway,394,110 St (6),Manhattan,metrocard,Metrocard - Unlimited 30-Day,25.0,0.0
2022-11-28T10:00:00.000,subway,610,"Grand Central-42 St (S,4,5,6,7)",Manhattan,metrocard,Metrocard - Students,20.0,2.0
2022-05-31T03:00:00.000,subway,396,96 St (6),Manhattan,metrocard,Metrocard - Unlimited 30-Day,1.0,0.0
2022-11-28T12:00:00.000,subway,610,"Grand Central-42 St (S,4,5,6,7)",Manhattan,metrocard,Metrocard - Students,19.0,0.0
2022-11-28T02:00:00.000,subway,9,"57 St-7 Av (N,Q,R,W)",Manhattan,metrocard,Metrocard - Full Fare,5.0,0.0
2022-05-31T16:00:00.000,subway,395,103 St (6),Manhattan,metrocard,Metrocard - Unlimited 7-Day,95.0,0.0
2022-11-28T15:00:00.000,subway,601,"14 St (F,M,1,2,3)/6 Av (L)",Manhattan,omny,OMNY - Full Fare,754.0,8.0
2022-11-28T13:00:00.000,subway,618,"14 St (A,C,E)/8 Av (L)",Manhattan,metrocard,Metrocard - Fair Fare,26.0,0.0
2022-11-28T21:00:00.000,subway,610,"Grand Central-42 St (S,4,5,6,7)",Manhattan,omny,OMNY - Full Fare,856.0,0.0
2022-11-28T16:00:00.000,subway,471,34 St-Hudson Yards (7),Manhattan,omny,OMNY - Full Fare,767.0,2.0
2022-11-28T10:00:00.000,subway,605,"168 St (A,C,1)",Manhattan,metrocard,Metrocard - Full Fare,146.0,3.0
2022-11-28T11:00:00.000,subway,609,"Bryant Pk (B,D,F,M)/5 Av (7)",Manhattan,metrocard,Metrocard - Fair Fare,24.0,1.0
2022-11-28T13:00:00.000,subway,605,"168 St (A,C,1)",Manhattan,metrocard,Metrocard - Students,22.0,1.0
2022-11-28T06:00:00.000,subway,602,"14 St-Union Sq (L,N,Q,R,W,4,5,6)",Manhattan,metrocard,Metrocard - Fair Fare,15.0,3.0
2022-05-31T12:00:00.000,subway,404,28 St (6),Manhattan,metrocard,Metrocard - Other,18.0,0.0
2022-11-28T23:00:00.000,subway,602,"14 St-Union Sq (L,N,Q,R,W,4,5,6)",Manhattan,metrocard,Metrocard - Fair Fare,28.0,1.0
2022-11-28T23:00:00.000,subway,614,"59 St-Columbus Circle (A,B,C,D,1)",Manhattan,omny,OMNY - Full Fare,428.0,0.0
2022-11-28T21:00:00.000,subway,475,96 St (Q),Manhattan,omny,OMNY - Full Fare,58.0,2.0
2022-11-28T10:00:00.000,subway,8,"5 Av/59 St (N,R,W)",Manhattan,metrocard,Metrocard - Unlimited 7-Day,32.0,0.0
2022-05-31T04:00:00.000,subway,397,"86 St (4,5,6)",Manhattan,omny,OMNY - Full Fare,2.0,0.0
2022-11-28T23:00:00.000,subway,614,"59 St-Columbus Circle (A,B,C,D,1)",Manhattan,metrocard,Metrocard - Fair Fare,29.0,0.0
2022-11-28T03:00:00.000,subway,619,"Broadway-Lafayette St (B,D,F,M)/Bleecker St (6)",Manhattan,metrocard,Metrocard - Fair Fare,4.0,0.0
2022-11-28T12:00:00.000,subway,601,"14 St (F,M,1,2,3)/6 Av (L)",Manhattan,metrocard,Metrocard - Fair Fare,27.0,2.0
2022-11-28T19:00:00.000,subway,476,86 St (Q),Manhattan,omny,OMNY - Full Fare,246.0,7.0
2022-11-28T12:00:00.000,subway,612,"Lexington Av-53 St (E,M)/51 St (6)",Manhattan,metrocard,Metrocard - Seniors & Disability,70.0,1.0
2022-11-28T02:00:00.000,subway,308,Cathedral Pkwy (110 St) (1),Manhattan,metrocard,Metrocard - Unlimited 30-Day,1.0,0.0
2022-11-28T21:00:00.000,subway,476,86 St (Q),Manhattan,metrocard,Metrocard - Unlimited 7-Day,39.0,0.0
2022-11-28T08:00:00.000,subway,613,"Lexington Av (N,R,W)/59 St (4,5,6)",Manhattan,metrocard,Metrocard - Other,65.0,7.0
2022-11-28T19:00:00.000,subway,619,"Broadway-Lafayette St (B,D,F,M)/Bleecker St (6)",Manhattan,metrocard,Metrocard - Other,61.0,0.0
2022-11-28T17:00:00.000,subway,476,86 St (Q),Manhattan,metrocard,Metrocard - Unlimited 30-Day,191.0,0.0
2022-11-28T04:00:00.000,subway,612,"Lexington Av-53 St (E,M)/51 St (6)",Manhattan,metrocard,Metrocard - Full Fare,4.0,0.0
2022-11-28T11:00:00.000,subway,610,"Grand Central-42 St (S,4,5,6,7)",Manhattan,metrocard,Metrocard - Other,115.0,0.0
2022-11-28T12:00:00.000,subway,309,103 St (1),Manhattan,metrocard,Metrocard - Unlimited 7-Day,41.0,0.0
2022-11-28T03:00:00.000,subway,602,"14 St-Union Sq (L,N,Q,R,W,4,5,6)",Manhattan,metrocard,Metrocard - Unlimited 7-Day,2.0,0.0
2022-11-28T15:00:00.000,subway,475,96 St (Q),Manhattan,metrocard,Metrocard - Other,44.0,0.0
2022-11-28T15:00:00.000,subway,610,"Grand Central-42 St (S,4,5,6,7)",Manhattan,metrocard,Metrocard - Fair Fare,149.0,1.0
2022-11-28T06:00:00.000,subway,476,86 St (Q),Manhattan,omny,OMNY - Seniors & Disability,1.0,0.0
2022-11-28T15:00:00.000,subway,8,"5 Av/59 St (N,R,W)",Manhattan,metrocard,Metrocard - Other,37.0,0.0
2022-11-28T10:00:00.000,subway,602,"14 St-Union Sq (L,N,Q,R,W,4,5,6)",Manhattan,metrocard,Metrocard - Unlimited 30-Day,163.0,0.0
2022-05-31T15:00:00.000,subway,403,33 St (6),Manhattan,metrocard,Metrocard - Unlimited 7-Day,174.0,0.0
2022-11-28T20:00:00.000,subway,8,"5 Av/59 St (N,R,W)",Manhattan,omny,OMNY - Full Fare,135.0,1.0
2022-11-28T19:00:00.000,subway,601,"14 St (F,M,1,2,3)/6 Av (L)",Manhattan,metrocard,Metrocard - Other,82.0,0.0
2022-11-28T12:00:00.000,subway,477,72 St (Q),Manhattan,metrocard,Metrocard - Fair Fare,13.0,0.0
2022-11-28T00:00:00.000,subway,9,"57 St-7 Av (N,Q,R,W)",Manhattan,metrocard,Metrocard - Unlimited 7-Day,17.0,0.0
2022-11-28T20:00:00.000,subway,8,"5 Av/59 St (N,R,W)",Manhattan,metrocard,Metrocard - Unlimited 30-Day,50.0,0.0
2022-11-28T09:00:00.000,subway,609,"Bryant Pk (B,D,F,M)/5 Av (7)",Manhattan,omny,OMNY - Seniors & Disability,1.0,0.0
2022-11-28T12:00:00.000,subway,475,96 St (Q),Manhattan,metrocard,Metrocard - Unlimited 7-Day,36.0,0.0
2022-11-28T01:00:00.000,subway,471,34 St-Hudson Yards (7),Manhattan,metrocard,Metrocard - Unlimited 30-Day,1.0,0.0
2022-11-28T15:00:00.000,subway,475,96 St (Q),Manhattan,metrocard,Metrocard - Seniors & Disability,30.0,2.0
2022-05-31T14:00:00.000,subway,397,"86 St (4,5,6)",Manhattan,metrocard,Metrocard - Fair Fare,55.0,4.0
2022-05-31T06:00:00.000,subway,398,77 St (6),Manhattan,metrocard,Metrocard - Fair Fare,3.0,0.0
2022-11-28T19:00:00.000,subway,612,"Lexington Av-53 St (E,M)/51 St (6)",Manhattan,metrocard,Metrocard - Full Fare,454.0,3.0
2022-11-28T08:00:00.000,subway,471,34 St-Hudson Yards (7),Manhattan,metrocard,Metrocard - Other,32.0,0.0
2022-11-28T02:00:00.000,subway,471,34 St-Hudson Yards (7),Manhattan,metrocard,Metrocard - Full Fare,4.0,0.0
2022-11-28T13:00:00.000,subway,614,"59 St-Columbus Circle (A,B,C,D,1)",Manhattan,omny,OMNY - Full Fare,978.0,14.0
2022-11-28T08:00:00.000,subway,613,"Lexington Av (N,R,W)/59 St (4,5,6)",Manhattan,omny,OMNY - Seniors & Disability,2.0,0.0
2022-11-28T08:00:00.000,subway,614,"59 St-Columbus Circle (A,B,C,D,1)",Manhattan,omny,OMNY - Seniors & Disability,1.0,0.0
2022-05-31T01:00:00.000,subway,395,103 St (6),Manhattan,omny,OMNY - Full Fare,2.0,0.0
2022-11-28T23:00:00.000,subway,607,"34 St-Herald Sq (B,D,F,M,N,Q,R,W)",Manhattan,metrocard,Metrocard - Unlimited 30-Day,141.0,0.0
2022-11-28T07:00:00.000,subway,619,"Broadway-Lafayette St (B,D,F,M)/Bleecker St (6)",Manhattan,metrocard,Metrocard - Other,17.0,0.0
2022-11-28T18:00:00.000,subway,477,72 St (Q),Manhattan,metrocard,Metrocard - Fair Fare,44.0,0.0
2022-11-28T10:00:00.000,subway,602,"14 St-Union Sq (L,N,Q,R,W,4,5,6)",Manhattan,metrocard,Metrocard - Unlimited 7-Day,110.0,0.0
2022-05-31T13:00:00.000,subway,397,"86 St (4,5,6)",Manhattan,metrocard,Metrocard - Full Fare,299.0,25.0
2022-11-28T20:00:00.000,subway,601,"14 St (F,M,1,2,3)/6 Av (L)",Manhattan,metrocard,Metrocard - Seniors & Disability,29.0,2.0
2022-11-28T16:00:00.000,subway,601,"14 St (F,M,1,2,3)/6 Av (L)",Manhattan,metrocard,Metrocard - Full Fare,571.0,8.0
2022-05-31T17:00:00.000,subway,404,28 St (6),Manhattan,omny,OMNY - Full Fare,624.0,0.0
2022-11-28T09:00:00.000,subway,607,"34 St-Herald Sq (B,D,F,M,N,Q,R,W)",Manhattan,metrocard,Metrocard - Full Fare,883.0,17.0
2022-11-28T12:00:00.000,subway,476,86 St (Q),Manhattan,metrocard,Metrocard - Unlimited 30-Day,54.0,0.0
2022-11-28T05:00:00.000,subway,9,"57 St-7 Av (N,Q,R,W)",Manhattan,metrocard,Metrocard - Fair Fare,2.0,0.0
2022-11-28T23:00:00.000,subway,618,"14 St (A,C,E)/8 Av (L)",Manhattan,metrocard,Metrocard - Unlimited 30-Day,39.0,0.0
2022-11-28T02:00:00.000,subway,613,"Lexington Av (N,R,W)/59 St (4,5,6)",Manhattan,metrocard,Metrocard - Fair Fare,2.0,0.0
2022-11-28T11:00:00.000,subway,611,"Times Sq-42 St (N,Q,R,W,S,1,2,3,7)/42 St (A,C,E)",Manhattan,metrocard,Metrocard - Seniors & Disability,169.0,5.0
2022-05-31T15:00:00.000,subway,395,103 St (6),Manhattan,metrocard,Metrocard - Students,324.0,0.0
2022-11-28T18:00:00.000,subway,607,"34 St-Herald Sq (B,D,F,M,N,Q,R,W)",Manhattan,metrocard,Metrocard - Unlimited 30-Day,988.0,0.0
2022-05-31T21:00:00.000,subway,398,77 St (6),Manhattan,metrocard,Metrocard - Seniors & Disability,13.0,0.0
2022-11-28T16:00:00.000,subway,476,86 St (Q),Manhattan,metrocard,Metrocard - Other,27.0,2.0
2022-11-28T12:00:00.000,subway,601,"14 St (F,M,1,2,3)/6 Av (L)",Manhattan,metrocard,Metrocard - Students,23.0,1.0
2022-05-31T22:00:00.000,subway,398,77 St (6),Manhattan,metrocard,Metrocard - Unlimited 30-Day,54.0,0.0
2022-05-31T12:00:00.000,subway,399,68 St-Hunter College (6),Manhattan,metrocard,Metrocard - Other,22.0,0.0
2022-11-28T19:00:00.000,subway,612,"Lexington Av-53 St (E,M)/51 St (6)",Manhattan,metrocard,Metrocard - Other,95.0,0.0
2022-11-28T11:00:00.000,subway,308,Cathedral Pkwy (110 St) (1),Manhattan,metrocard,Metrocard - Fair Fare,10.0,0.0
2022-05-31T04:00:00.000,subway,396,96 St (6),Manhattan,omny,OMNY - Full Fare,9.0,0.0
2022-05-31T11:00:00.000,subway,399,68 St-Hunter College (6),Manhattan,metrocard,Metrocard - Unlimited 7-Day,53.0,0.0
2022-11-28T11:00:00.000,subway,611,"Times Sq-42 St (N,Q,R,W,S,1,2,3,7)/42 St (A,C,E)",Manhattan,metrocard,Metrocard - Unlimited 30-Day,251.0,0.0
2022-05-31T08:00:00.000,subway,403,33 St (6),Manhattan,metrocard,Metrocard - Unlimited 30-Day,94.0,0.0
2022-11-28T01:00:00.000,subway,610,"Grand Central-42 St (S,4,5,6,7)",Manhattan,omny,OMNY - Full Fare,31.0,0.0
2022-11-28T19:00:00.000,subway,605,"168 St (A,C,1)",Manhattan,metrocard,Metrocard - Fair Fare,30.0,1.0
2022-05-31T23:00:00.000,subway,397,"86 St (4,5,6)",Manhattan,metrocard,Metrocard - Unlimited 7-Day,94.0,0.0
2022-11-28T18:00:00.000,subway,476,86 St (Q),Manhattan,metrocard,Metrocard - Full Fare,209.0,4.0
2022-11-28T06:00:00.000,subway,475,96 St (Q),Manhattan,metrocard,Metrocard - Fair Fare,18.0,1.0
2022-11-28T03:00:00.000,subway,609,"Bryant Pk (B,D,F,M)/5 Av (7)",Manhattan,metrocard,Metrocard - Unlimited 30-Day,3.0,0.0
2022-11-28T13:00:00.000,subway,618,"14 St (A,C,E)/8 Av (L)",Manhattan,metrocard,Metrocard - Unlimited 30-Day,108.0,0.0
2022-05-31T19:00:00.000,subway,395,103 St (6),Manhattan,omny,OMNY - Full Fare,90.0,0.0
2022-11-28T07:00:00.000,subway,601,"14 St (F,M,1,2,3)/6 Av (L)",Manhattan,metrocard,Metrocard - Unlimited 7-Day,45.0,0.0
2022-05-31T18:00:00.000,subway,395,103 St (6),Manhattan,metrocard,Metrocard - Seniors & Disability,20.0,0.0
2022-11-28T15:00:00.000,subway,618,"14 St (A,C,E)/8 Av (L)",Manhattan,metrocard,Metrocard - Fair Fare,68.0,2.0
2022-05-31T19:00:00.000,subway,404,28 St (6),Manhattan,metrocard,Metrocard - Unlimited 30-Day,68.0,0.0
2022-11-28T16:00:00.000,subway,601,"14 St (F,M,1,2,3)/6 Av (L)",Manhattan,metrocard,Metrocard - Unlimited 7-Day,273.0,0.0
2022-11-28T10:00:00.000,subway,309,103 St (1),Manhattan,metrocard,Metrocard - Unlimited 7-Day,72.0,0.0
2022-11-28T02:00:00.000,subway,601,"14 St (F,M,1,2,3)/6 Av (L)",Manhattan,omny,OMNY - Full Fare,17.0,0.0
2022-11-28T18:00:00.000,subway,475,96 St (Q),Manhattan,omny,OMNY - Full Fare,280.0,11.0
2022-11-28T01:00:00.000,subway,612,"Lexington Av-53 St (E,M)/51 St (6)",Manhattan,omny,OMNY - Full Fare,6.0,0.0
2022-11-28T12:00:00.000,subway,607,"34 St-Herald Sq (B,D,F,M,N,Q,R,W)",Manhattan,metrocard,Metrocard - Other,98.0,3.0
2022-05-31T12:00:00.000,subway,404,28 St (6),Manhattan,metrocard,Metrocard - Fair Fare,16.0,0.0
2022-11-28T10:00:00.000,subway,607,"34 St-Herald Sq (B,D,F,M,N,Q,R,W)",Manhattan,metrocard,Metrocard - Seniors & Disability,101.0,8.0
2022-11-28T09:00:00.000,subway,477,72 St (Q),Manhattan,metrocard,Metrocard - Unlimited 7-Day,40.0,0.0
2022-05-31T22:00:00.000,subway,403,33 St (6),Manhattan,metrocard,Metrocard - Other,13.0,0.0
2022-11-28T04:00:00.000,subway,471,34 St-Hudson Yards (7),Manhattan,metrocard,Metrocard - Unlimited 30-Day,1.0,0.0
2022-11-28T03:00:00.000,subway,613,"Lexington Av (N,R,W)/59 St (4,5,6)",Manhattan,metrocard,Metrocard - Other,2.0,0.0
2022-11-28T18:00:00.000,subway,610,"Grand Central-42 St (S,4,5,6,7)",Manhattan,metrocard,Metrocard - Full Fare,1996.0,19.0
2022-05-31T12:00:00.000,subway,398,77 St (6),Manhattan,omny,OMNY - Full Fare,258.0,2.0
2022-11-28T07:00:00.000,subway,476,86 St (Q),Manhattan,omny,OMNY - Seniors & Disability,3.0,0.0
2022-11-28T08:00:00.000,subway,618,"14 St (A,C,E)/8 Av (L)",Manhattan,metrocard,Metrocard - Full Fare,148.0,3.0
2022-11-28T16:00:00.000,subway,605,"168 St (A,C,1)",Manhattan,metrocard,Metrocard - Unlimited 7-Day,133.0,0.0
2022-11-28T14:00:00.000,subway,613,"Lexington Av (N,R,W)/59 St (4,5,6)",Manhattan,omny,OMNY - Other,1.0,0.0
2022-11-28T22:00:00.000,subway,611,"Times Sq-42 St (N,Q,R,W,S,1,2,3,7)/42 St (A,C,E)",Manhattan,metrocard,Metrocard - Seniors & Disability,54.0,0.0
2022-11-28T03:00:00.000,subway,618,"14 St (A,C,E)/8 Av (L)",Manhattan,metrocard,Metrocard - Other,1.0,0.0
2022-11-28T11:00:00.000,subway,609,"Bryant Pk (B,D,F,M)/5 Av (7)",Manhattan,metrocard,Metrocard - Full Fare,148.0,1.0
2022-11-28T07:00:00.000,subway,607,"34 St-Herald Sq (B,D,F,M,N,Q,R,W)",Manhattan,metrocard,Metrocard - Other,154.0,2.0
2022-11-28T11:00:00.000,subway,475,96 St (Q),Manhattan,metrocard,Metrocard - Fair Fare,22.0,2.0
2022-05-31T18:00:00.000,subway,398,77 St (6),Manhattan,metrocard,Metrocard - Other,86.0,2.0
2022-11-28T19:00:00.000,subway,602,"14 St-Union Sq (L,N,Q,R,W,4,5,6)",Manhattan,metrocard,Metrocard - Unlimited 30-Day,478.0,0.0
2022-11-28T12:00:00.000,subway,605,"168 St (A,C,1)",Manhattan,omny,OMNY - Other,3.0,0.0
2022-05-31T16:00:00.000,subway,398,77 St (6),Manhattan,metrocard,Metrocard - Seniors & Disability,84.0,7.0
2022-11-28T21:00:00.000,subway,601,"14 St (F,M,1,2,3)/6 Av (L)",Manhattan,metrocard,Metrocard - Unlimited 7-Day,96.0,0.0
2022-05-31T07:00:00.000,subway,399,68 St-Hunter College (6),Manhattan,metrocard,Metrocard - Fair Fare,6.0,0.0
2022-11-28T12:00:00.000,subway,612,"Lexington Av-53 St (E,M)/51 St (6)",Manhattan,metrocard,Metrocard - Unlimited 30-Day,135.0,0.0
2022-11-28T18:00:00.000,subway,605,"168 St (A,C,1)",Manhattan,metrocard,Metrocard - Fair Fare,41.0,0.0
2022-11-28T22:00:00.000,subway,613,"Lexington Av (N,R,W)/59 St (4,5,6)",Manhattan,metrocard,Metrocard - Full Fare,152.0,13.0
2022-11-28T12:00:00.000,subway,609,"Bryant Pk (B,D,F,M)/5 Av (7)",Manhattan,metrocard,Metrocard - Unlimited 30-Day,101.0,0.0
2022-11-28T06:00:00.000,subway,9,"57 St-7 Av (N,Q,R,W)",Manhattan,metrocard,Metrocard - Other,19.0,0.0
2022-05-31T18:00:00.000,subway,398,77 St (6),Manhattan,omny,OMNY - Full Fare,567.0,11.0
2022-11-28T05:00:00.000,subway,471,34 St-Hudson Yards (7),Manhattan,metrocard,Metrocard - Other,6.0,0.0
2022-11-28T04:00:00.000,subway,619,"Broadway-Lafayette St (B,D,F,M)/Bleecker St (6)",Manhattan,metrocard,Metrocard - Other,1.0,0.0
2022-11-28T14:00:00.000,subway,610,"Grand Central-42 St (S,4,5,6,7)",Manhattan,omny,OMNY - Seniors & Disability,6.0,0.0
2022-05-31T07:00:00.000,subway,404,28 St (6),Manhattan,metrocard,Metrocard - Seniors & Disability,12.0,0.0
2022-11-28T07:00:00.000,subway,601,"14 St (F,M,1,2,3)/6 Av (L)",Manhattan,metrocard,Metrocard - Fair Fare,19.0,3.0
2022-05-31T17:00:00.000,subway,395,103 St (6),Manhattan,metrocard,Metrocard - Full Fare,193.0,2.0
2022-11-28T10:00:00.000,subway,613,"Lexington Av (N,R,W)/59 St (4,5,6)",Manhattan,metrocard,Metrocard - Students,8.0,3.0
2022-11-28T05:00:00.000,subway,308,Cathedral Pkwy (110 St) (1),Manhattan,metrocard,Metrocard - Unlimited 7-Day,6.0,0.0
2022-11-28T17:00:00.000,subway,601,"14 St (F,M,1,2,3)/6 Av (L)",Manhattan,metrocard,Metrocard - Fair Fare,68.0,1.0
2022-11-28T20:00:00.000,subway,618,"14 St (A,C,E)/8 Av (L)",Manhattan,metrocard,Metrocard - Unlimited 30-Day,146.0,0.0
2022-05-31T09:00:00.000,subway,395,103 St (6),Manhattan,metrocard,Metrocard - Students,23.0,0.0
2022-05-31T19:00:00.000,subway,398,77 St (6),Manhattan,metrocard,Metrocard - Unlimited 30-Day,160.0,0.0
2022-11-28T02:00:00.000,subway,605,"168 St (A,C,1)",Manhattan,metrocard,Metrocard - Other,5.0,0.0
2022-11-28T07:00:00.000,subway,609,"Bryant Pk (B,D,F,M)/5 Av (7)",Manhattan,metrocard,Metrocard - Unlimited 7-Day,35.0,0.0
2022-11-28T01:00:00.000,subway,618,"14 St (A,C,E)/8 Av (L)",Manhattan,metrocard,Metrocard - Seniors & Disability,1.0,0.0
2022-11-28T12:00:00.000,subway,614,"59 St-Columbus Circle (A,B,C,D,1)",Manhattan,metrocard,Metrocard - Full Fare,405.0,3.0
2022-05-31T18:00:00.000,subway,403,33 St (6),Manhattan,metrocard,Metrocard - Seniors & Disability,38.0,1.0
2022-05-31T09:00:00.000,subway,396,96 St (6),Manhattan,metrocard,Metrocard - Full Fare,137.0,12.0
2022-05-31T23:00:00.000,subway,399,68 St-Hunter College (6),Manhattan,metrocard,Metrocard - Full Fare,53.0,10.0
2022-05-31T17:00:00.000,subway,397,"86 St (4,5,6)",Manhattan,metrocard,Metrocard - Unlimited 30-Day,416.0,0.0
2022-11-28T12:00:00.000,subway,9,"57 St-7 Av (N,Q,R,W)",Manhattan,omny,OMNY - Full Fare,278.0,7.0
2022-05-31T22:00:00.000,subway,399,68 St-Hunter College (6),Manhattan,metrocard,Metrocard - Seniors & Disability,4.0,1.0
2022-11-28T10:00:00.000,subway,609,"Bryant Pk (B,D,F,M)/5 Av (7)",Manhattan,metrocard,Metrocard - Fair Fare,15.0,1.0
2022-11-28T19:00:00.000,subway,307,116 St-Columbia University (1),Manhattan,omny,OMNY - Full Fare,765.0,6.0
2022-05-31T00:00:00.000,subway,399,68 St-Hunter College (6),Manhattan,metrocard,Metrocard - Full Fare,9.0,0.0
2022-11-28T05:00:00.000,subway,610,"Grand Central-42 St (S,4,5,6,7)",Manhattan,metrocard,Metrocard - Unlimited 7-Day,32.0,0.0
2022-05-31T13:00:00.000,subway,403,33 St (6),Manhattan,metrocard,Metrocard - Full Fare,195.0,5.0
2022-11-28T16:00:00.000,subway,8,"5 Av/59 St (N,R,W)",Manhattan,metrocard,Metrocard - Students,32.0,2.0
2022-11-28T17:00:00.000,subway,471,34 St-Hudson Yards (7),Manhattan,metrocard,Metrocard - Seniors & Disability,39.0,1.0
2022-11-28T18:00:00.000,subway,602,"14 St-Union Sq (L,N,Q,R,W,4,5,6)",Manhattan,metrocard,Metrocard - Seniors & Disability,135.0,9.0
2022-11-28T20:00:00.000,subway,609,"Bryant Pk (B,D,F,M)/5 Av (7)",Manhattan,metrocard,Metrocard - Unlimited 7-Day,232.0,0.0
2022-11-28T20:00:00.000,subway,607,"34 St-Herald Sq (B,D,F,M,N,Q,R,W)",Manhattan,metrocard,Metrocard - Seniors & Disability,78.0,1.0
2022-11-28T16:00:00.000,subway,607,"34 St-Herald Sq (B,D,F,M,N,Q,R,W)",Manhattan,omny,OMNY - Other,4.0,0.0
2022-05-31T10:00:00.000,subway,399,68 St-Hunter College (6),Manhattan,metrocard,Metrocard - Full Fare,116.0,7.0
2022-11-28T06:00:00.000,subway,308,Cathedral Pkwy (110 St) (1),Manhattan,metrocard,Metrocard - Other,5.0,0.0
2022-11-28T21:00:00.000,subway,9,"57 St-7 Av (N,Q,R,W)",Manhattan,metrocard,Metrocard - Unlimited 7-Day,87.0,0.0
2022-05-31T04:00:00.000,subway,394,110 St (6),Manhattan,metrocard,Metrocard - Seniors & Disability,2.0,0.0
2022-11-28T09:00:00.000,subway,601,"14 St (F,M,1,2,3)/6 Av (L)",Manhattan,metrocard,Metrocard - Students,26.0,0.0
2022-11-28T02:00:00.000,subway,308,Cathedral Pkwy (110 St) (1),Manhattan,omny,OMNY - Full Fare,1.0,0.0
2022-11-28T15:00:00.000,subway,605,"168 St (A,C,1)",Manhattan,omny,OMNY - Full Fare,489.0,4.0
2022-11-28T22:00:00.000,subway,610,"Grand Central-42 St (S,4,5,6,7)",Manhattan,metrocard,Metrocard - Unlimited 7-Day,189.0,0.0
2022-05-31T07:00:00.000,subway,394,110 St (6),Manhattan,metrocard,Metrocard - Students,138.0,3.0
2022-11-28T20:00:00.000,subway,610,"Grand Central-42 St (S,4,5,6,7)",Manhattan,metrocard,Metrocard - Unlimited 7-Day,259.0,0.0
2022-11-28T08:00:00.000,subway,602,"14 St-Union Sq (L,N,Q,R,W,4,5,6)",Manhattan,metrocard,Metrocard - Seniors & Disability,86.0,22.0
2022-11-28T17:00:00.000,subway,613,"Lexington Av (N,R,W)/59 St (4,5,6)",Manhattan,metrocard,Metrocard - Full Fare,1233.0,79.0
2022-05-31T00:00:00.000,subway,403,33 St (6),Manhattan,omny,OMNY - Full Fare,18.0,0.0
2022-11-28T12:00:00.000,subway,601,"14 St (F,M,1,2,3)/6 Av (L)",Manhattan,metrocard,Metrocard - Other,35.0,2.0
2022-11-28T00:00:00.000,subway,619,"Broadway-Lafayette St (B,D,F,M)/Bleecker St (6)",Manhattan,metrocard,Metrocard - Full Fare,25.0,0.0
2022-11-28T11:00:00.000,subway,605,"168 St (A,C,1)",Manhattan,metrocard,Metrocard - Unlimited 30-Day,42.0,0.0
2022-11-28T17:00:00.000,subway,8,"5 Av/59 St (N,R,W)",Manhattan,metrocard,Metrocard - Fair Fare,31.0,2.0
2022-11-28T16:00:00.000,subway,605,"168 St (A,C,1)",Manhattan,metrocard,Metrocard - Full Fare,432.0,4.0
2022-05-31T05:00:00.000,subway,403,33 St (6),Manhattan,metrocard,Metrocard - Unlimited 30-Day,8.0,0.0
2022-05-31T04:00:00.000,subway,396,96 St (6),Manhattan,metrocard,Metrocard - Full Fare,6.0,1.0
2022-11-28T10:00:00.000,subway,609,"Bryant Pk (B,D,F,M)/5 Av (7)",Manhattan,metrocard,Metrocard - Full Fare,146.0,2.0
2022-11-28T04:00:00.000,subway,477,72 St (Q),Manhattan,metrocard,Metrocard - Unlimited 30-Day,1.0,0.0
2022-11-28T23:00:00.000,subway,602,"14 St-Union Sq (L,N,Q,R,W,4,5,6)",Manhattan,metrocard,Metrocard - Seniors & Disability,13.0,0.0
2022-11-28T06:00:00.000,subway,9,"57 St-7 Av (N,Q,R,W)",Manhattan,metrocard,Metrocard - Unlimited 7-Day,36.0,0.0
2022-05-31T14:00:00.000,subway,399,68 St-Hunter College (6),Manhattan,metrocard,Metrocard - Unlimited 7-Day,87.0,0.0
2022-11-28T23:00:00.000,subway,612,"Lexington Av-53 St (E,M)/51 St (6)",Manhattan,metrocard,Metrocard - Fair Fare,20.0,0.0
2022-11-28T11:00:00.000,subway,9,"57 St-7 Av (N,Q,R,W)",Manhattan,metrocard,Metrocard - Seniors & Disability,48.0,3.0
2022-11-28T08:00:00.000,subway,618,"14 St (A,C,E)/8 Av (L)",Manhattan,metrocard,Metrocard - Unlimited 30-Day,98.0,0.0
2022-11-28T11:00:00.000,subway,309,103 St (1),Manhattan,metrocard,Metrocard - Unlimited 30-Day,34.0,0.0
2022-05-31T00:00:00.000,subway,395,103 St (6),Manhattan,metrocard,Metrocard - Seniors & Disability,1.0,0.0
2022-11-28T18:00:00.000,subway,612,"Lexington Av-53 St (E,M)/51 St (6)",Manhattan,metrocard,Metrocard - Full Fare,998.0,8.0
2022-11-28T22:00:00.000,subway,477,72 St (Q),Manhattan,metrocard,Metrocard - Unlimited 30-Day,47.0,0.0
2022-11-28T06:00:00.000,subway,602,"14 St-Union Sq (L,N,Q,R,W,4,5,6)",Manhattan,metrocard,Metrocard - Full Fare,82.0,16.0
2022-11-28T12:00:00.000,subway,619,"Broadway-Lafayette St (B,D,F,M)/Bleecker St (6)",Manhattan,metrocard,Metrocard - Seniors & Disability,40.0,4.0
2022-05-31T06:00:00.000,subway,397,"86 St (4,5,6)",Manhattan,metrocard,Metrocard - Other,35.0,1.0
2022-11-28T06:00:00.000,subway,614,"59 St-Columbus Circle (A,B,C,D,1)",Manhattan,metrocard,Metrocard - Seniors & Disability,12.0,0.0
2022-11-28T16:00:00.000,subway,613,"Lexington Av (N,R,W)/59 St (4,5,6)",Manhattan,omny,OMNY - Full Fare,1663.0,101.0
2022-11-28T17:00:00.000,subway,619,"Broadway-Lafayette St (B,D,F,M)/Bleecker St (6)",Manhattan,omny,OMNY - Seniors & Disability,2.0,0.0
2022-05-31T18:00:00.000,subway,395,103 St (6),Manhattan,omny,OMNY - Full Fare,145.0,2.0
2022-05-31T22:00:00.000,subway,399,68 St-Hunter College (6),Manhattan,omny,OMNY - Full Fare,71.0,2.0
2022-05-31T09:00:00.000,subway,404,28 St (6),Manhattan,metrocard,Metrocard - Unlimited 30-Day,51.0,0.0
2022-05-31T04:00:00.000,subway,405,23 St (6),Manhattan,metrocard,Metrocard - Fair Fare,1.0,0.0
2022-11-28T04:00:00.000,subway,601,"14 St (F,M,1,2,3)/6 Av (L)",Manhattan,metrocard,Metrocard - Full Fare,2.0,0.0
2022-11-28T21:00:00.000,subway,9,"57 St-7 Av (N,Q,R,W)",Manhattan,metrocard,Metrocard - Full Fare,138.0,2.0
2022-11-28T12:00:00.000,subway,477,72 St (Q),Manhattan,metrocard,Metrocard - Seniors & Disability,72.0,3.0
2022-11-28T07:00:00.000,subway,613,"Lexington Av (N,R,W)/59 St (4,5,6)",Manhattan,metrocard,Metrocard - Students,117.0,35.0
2022-05-31T23:00:00.000,subway,395,103 St (6),Manhattan,omny,OMNY - Full Fare,25.0,0.0
2022-11-28T21:00:00.000,subway,602,"14 St-Union Sq (L,N,Q,R,W,4,5,6)",Manhattan,metrocard,Metrocard - Students,34.0,0.0
2022-11-28T23:00:00.000,subway,9,"57 St-7 Av (N,Q,R,W)",Manhattan,metrocard,Metrocard - Full Fare,100.0,7.0
2022-11-28T15:00:00.000,subway,475,96 St (Q),Manhattan,metrocard,Metrocard - Full Fare,245.0,20.0
2022-11-28T18:00:00.000,subway,8,"5 Av/59 St (N,R,W)",Manhattan,metrocard,Metrocard - Other,57.0,0.0
2022-11-28T13:00:00.000,subway,610,"Grand Central-42 St (S,4,5,6,7)",Manhattan,metrocard,Metrocard - Seniors & Disability,166.0,7.0
2022-11-28T15:00:00.000,subway,471,34 St-Hudson Yards (7),Manhattan,metrocard,Metrocard - Other,43.0,0.0
2022-05-31T14:00:00.000,subway,397,"86 St (4,5,6)",Manhattan,omny,OMNY - Full Fare,445.0,11.0
2022-11-28T13:00:00.000,subway,613,"Lexington Av (N,R,W)/59 St (4,5,6)",Manhattan,metrocard,Metrocard - Unlimited 30-Day,146.0,0.0
2022-11-28T16:00:00.000,subway,619,"Broadway-Lafayette St (B,D,F,M)/Bleecker St (6)",Manhattan,metrocard,Metrocard - Unlimited 7-Day,250.0,0.0
2022-11-28T18:00:00.000,subway,308,Cathedral Pkwy (110 St) (1),Manhattan,metrocard,Metrocard - Unlimited 30-Day,75.0,0.0
2022-11-28T14:00:00.000,subway,613,"Lexington Av (N,R,W)/59 St (4,5,6)",Manhattan,metrocard,Metrocard - Unlimited 7-Day,191.0,0.0
2022-11-28T20:00:00.000,subway,605,"168 St (A,C,1)",Manhattan,metrocard,Metrocard - Other,20.0,0.0
2022-11-28T09:00:00.000,subway,602,"14 St-Union Sq (L,N,Q,R,W,4,5,6)",Manhattan,omny,OMNY - Seniors & Disability,1.0,0.0
2022-11-28T23:00:00.000,subway,308,Cathedral Pkwy (110 St) (1),Manhattan,metrocard,Metrocard - Fair Fare,2.0,0.0
2022-05-31T18:00:00.000,subway,398,77 St (6),Manhattan,metrocard,Metrocard - Full Fare,384.0,10.0
2022-11-28T13:00:00.000,subway,614,"59 St-Columbus Circle (A,B,C,D,1)",Manhattan,metrocard,Metrocard - Other,199.0,2.0
2022-05-31T10:00:00.000,subway,394,110 St (6),Manhattan,metrocard,Metrocard - Full Fare,68.0,2.0
2022-11-28T17:00:00.000,subway,607,"34 St-Herald Sq (B,D,F,M,N,Q,R,W)",Manhattan,omny,OMNY - Seniors & Disability,2.0,0.0
2022-11-28T01:00:00.000,subway,611,"Times Sq-42 St (N,Q,R,W,S,1,2,3,7)/42 St (A,C,E)",Manhattan,metrocard,Metrocard - Seniors & Disability,2.0,0.0
2022-11-28T06:00:00.000,subway,8,"5 Av/59 St (N,R,W)",Manhattan,metrocard,Metrocard - Other,3.0,1.0
2022-11-28T08:00:00.000,subway,471,34 St-Hudson Yards (7),Manhattan,metrocard,Metrocard - Students,11.0,0.0
2022-11-28T20:00:00.000,subway,618,"14 St (A,C,E)/8 Av (L)",Manhattan,metrocard,Metrocard - Seniors & Disability,19.0,1.0
2022-11-28T20:00:00.000,subway,601,"14 St (F,M,1,2,3)/6 Av (L)",Manhattan,metrocard,Metrocard - Students,13.0,0.0
2022-05-31T09:00:00.000,subway,395,103 St (6),Manhattan,metrocard,Metrocard - Fair Fare,31.0,0.0
2022-11-28T08:00:00.000,subway,609,"Bryant Pk (B,D,F,M)/5 Av (7)",Manhattan,omny,OMNY - Full Fare,184.0,20.0
2022-11-28T09:00:00.000,subway,602,"14 St-Union Sq (L,N,Q,R,W,4,5,6)",Manhattan,metrocard,Metrocard - Other,103.0,1.0
2022-11-28T05:00:00.000,subway,476,86 St (Q),Manhattan,metrocard,Metrocard - Full Fare,16.0,0.0
2022-11-28T22:00:00.000,subway,619,"Broadway-Lafayette St (B,D,F,M)/Bleecker St (6)",Manhattan,metrocard,Metrocard - Unlimited 7-Day,84.0,0.0
2022-11-28T17:00:00.000,subway,610,"Grand Central-42 St (S,4,5,6,7)",Manhattan,metrocard,Metrocard - Students,159.0,3.0
2022-11-28T04:00:00.000,subway,613,"Lexington Av (N,R,W)/59 St (4,5,6)",Manhattan,metrocard,Metrocard - Unlimited 7-Day,15.0,0.0
2022-11-28T16:00:00.000,subway,610,"Grand Central-42 St (S,4,5,6,7)",Manhattan,omny,OMNY - Full Fare,3166.0,22.0
2022-11-28T21:00:00.000,subway,9,"57 St-7 Av (N,Q,R,W)",Manhattan,metrocard,Metrocard - Seniors & Disability,30.0,0.0
2022-05-31T16:00:00.000,subway,396,96 St (6),Manhattan,metrocard,Metrocard - Unlimited 7-Day,139.0,0.0
2022-05-31T08:00:00.000,subway,398,77 St (6),Manhattan,metrocard,Metrocard - Full Fare,307.0,22.0
2022-11-28T16:00:00.000,subway,605,"168 St (A,C,1)",Manhattan,metrocard,Metrocard - Students,74.0,1.0
2022-05-31T06:00:00.000,subway,396,96 St (6),Manhattan,metrocard,Metrocard - Unlimited 7-Day,18.0,0.0
2022-11-28T08:00:00.000,subway,614,"59 St-Columbus Circle (A,B,C,D,1)",Manhattan,omny,OMNY - Full Fare,892.0,28.0
2022-05-31T12:00:00.000,subway,394,110 St (6),Manhattan,metrocard,Metrocard - Unlimited 7-Day,47.0,0.0
2022-11-28T01:00:00.000,subway,609,"Bryant Pk (B,D,F,M)/5 Av (7)",Manhattan,metrocard,Metrocard - Other,5.0,0.0
2022-05-31T08:00:00.000,subway,396,96 St (6),Manhattan,metrocard,Metrocard - Other,50.0,3.0
2022-11-28T21:00:00.000,subway,619,"Broadway-Lafayette St (B,D,F,M)/Bleecker St (6)",Manhattan,metrocard,Metrocard - Unlimited 30-Day,73.0,0.0
2022-11-28T17:00:00.000,subway,605,"168 St (A,C,1)",Manhattan,metrocard,Metrocard - Unlimited 7-Day,126.0,0.0
2022-05-31T17:00:00.000,subway,158,"86 St (C,B)",Manhattan,omny,OMNY - Full Fare,256.0,13.0
2022-11-28T00:00:00.000,subway,619,"Broadway-Lafayette St (B,D,F,M)/Bleecker St (6)",Manhattan,metrocard,Metrocard - Unlimited 30-Day,9.0,0.0
2022-11-28T10:00:00.000,subway,471,34 St-Hudson Yards (7),Manhattan,metrocard,Metrocard - Students,3.0,0.0
2022-05-31T18:00:00.000,subway,394,110 St (6),Manhattan,omny,OMNY - Full Fare,107.0,1.0
2022-11-28T03:00:00.000,subway,309,103 St (1),Manhattan,metrocard,Metrocard - Other,2.0,0.0
2022-11-28T09:00:00.000,subway,601,"14 St (F,M,1,2,3)/6 Av (L)",Manhattan,omny,OMNY - Seniors & Disability,1.0,0.0
2022-11-28T11:00:00.000,subway,613,"Lexington Av (N,R,W)/59 St (4,5,6)",Manhattan,metrocard,Metrocard - Seniors & Disability,87.0,19.0
2022-11-28T06:00:00.000,subway,309,103 St (1),Manhattan,metrocard,Metrocard - Full Fare,45.0,0.0
2022-11-28T19:00:00.000,subway,471,34 St-Hudson Yards (7),Manhattan,omny,OMNY - Full Fare,461.0,0.0
2022-11-28T22:00:00.000,subway,471,34 St-Hudson Yards (7),Manhattan,metrocard,Metrocard - Unlimited 30-Day,56.0,0.0
2022-11-28T16:00:00.000,subway,619,"Broadway-Lafayette St (B,D,F,M)/Bleecker St (6)",Manhattan,metrocard,Metrocard - Seniors & Disability,46.0,0.0
2022-11-28T07:00:00.000,subway,477,72 St (Q),Manhattan,metrocard,Metrocard - Unlimited 30-Day,104.0,0.0
2022-05-31T13:00:00.000,subway,397,"86 St (4,5,6)",Manhattan,metrocard,Metrocard - Seniors & Disability,86.0,16.0
2022-05-31T14:00:00.000,subway,395,103 St (6),Manhattan,metrocard,Metrocard - Unlimited 7-Day,60.0,0.0
2022-11-28T20:00:00.000,subway,607,"34 St-Herald Sq (B,D,F,M,N,Q,R,W)",Manhattan,metrocard,Metrocard - Fair Fare,102.0,1.0
2022-05-31T18:00:00.000,subway,398,77 St (6),Manhattan,metrocard,Metrocard - Unlimited 7-Day,172.0,0.0
2022-11-28T16:00:00.000,subway,475,96 St (Q),Manhattan,metrocard,Metrocard - Students,87.0,4.0
2022-11-28T09:00:00.000,subway,613,"Lexington Av (N,R,W)/59 St (4,5,6)",Manhattan,metrocard,Metrocard - Seniors & Disability,45.0,13.0
2022-11-28T09:00:00.000,subway,475,96 St (Q),Manhattan,metrocard,Metrocard - Unlimited 7-Day,45.0,0.0
2022-11-28T06:00:00.000,subway,9,"57 St-7 Av (N,Q,R,W)",Manhattan,metrocard,Metrocard - Full Fare,37.0,1.0
2022-11-28T21:00:00.000,subway,605,"168 St (A,C,1)",Manhattan,metrocard,Metrocard - Unlimited 30-Day,24.0,0.0
2022-11-28T01:00:00.000,subway,601,"14 St (F,M,1,2,3)/6 Av (L)",Manhattan,metrocard,Metrocard - Other,6.0,0.0
2022-11-28T17:00:00.000,subway,471,34 St-Hudson Yards (7),Manhattan,metrocard,Metrocard - Unlimited 7-Day,243.0,0.0
2022-11-28T06:00:00.000,subway,602,"14 St-Union Sq (L,N,Q,R,W,4,5,6)",Manhattan,metrocard,Metrocard - Unlimited 7-Day,35.0,0.0
2022-11-28T22:00:00.000,subway,471,34 St-Hudson Yards (7),Manhattan,metrocard,Metrocard - Unlimited 7-Day,68.0,0.0
2022-11-28T20:00:00.000,subway,476,86 St (Q),Manhattan,metrocard,Metrocard - Students,7.0,0.0
2022-11-28T04:00:00.000,subway,619,"Broadway-Lafayette St (B,D,F,M)/Bleecker St (6)",Manhattan,metrocard,Metrocard - Fair Fare,3.0,0.0
2022-11-28T16:00:00.000,subway,618,"14 St (A,C,E)/8 Av (L)",Manhattan,omny,OMNY - Full Fare,1215.0,5.0
2022-11-28T16:00:00.000,subway,475,96 St (Q),Manhattan,metrocard,Metrocard - Seniors & Disability,34.0,3.0
2022-05-31T04:00:00.000,subway,404,28 St (6),Manhattan,omny,OMNY - Full Fare,1.0,0.0
2022-05-31T08:00:00.000,subway,399,68 St-Hunter College (6),Manhattan,metrocard,Metrocard - Students,19.0,2.0
2022-11-28T11:00:00.000,subway,471,34 St-Hudson Yards (7),Manhattan,metrocard,Metrocard - Students,8.0,0.0
2022-11-28T11:00:00.000,subway,9,"57 St-7 Av (N,Q,R,W)",Manhattan,metrocard,Metrocard - Unlimited 30-Day,68.0,0.0
2022-05-31T14:00:00.000,subway,395,103 St (6),Manhattan,metrocard,Metrocard - Students,98.0,0.0
2022-11-28T23:00:00.000,subway,475,96 St (Q),Manhattan,metrocard,Metrocard - Students,1.0,0.0
2022-05-31T23:00:00.000,subway,403,33 St (6),Manhattan,metrocard,Metrocard - Seniors & Disability,3.0,0.0
2022-11-28T13:00:00.000,subway,308,Cathedral Pkwy (110 St) (1),Manhattan,metrocard,Metrocard - Seniors & Disability,38.0,1.0
2022-11-28T08:00:00.000,subway,9,"57 St-7 Av (N,Q,R,W)",Manhattan,metrocard,Metrocard - Fair Fare,18.0,2.0
2022-05-31T07:00:00.000,subway,398,77 St (6),Manhattan,metrocard,Metrocard - Fair Fare,5.0,0.0
2022-05-31T08:00:00.000,subway,403,33 St (6),Manhattan,metrocard,Metrocard - Seniors & Disability,9.0,0.0
2022-11-28T08:00:00.000,subway,601,"14 St (F,M,1,2,3)/6 Av (L)",Manhattan,omny,OMNY - Other,1.0,0.0
2022-11-28T23:00:00.000,subway,609,"Bryant Pk (B,D,F,M)/5 Av (7)",Manhattan,metrocard,Metrocard - Fair Fare,15.0,0.0
2022-11-28T02:00:00.000,subway,9,"57 St-7 Av (N,Q,R,W)",Manhattan,metrocard,Metrocard - Unlimited 7-Day,3.0,0.0
2022-11-28T05:00:00.000,subway,607,"34 St-Herald Sq (B,D,F,M,N,Q,R,W)",Manhattan,metrocard,Metrocard - Unlimited 30-Day,26.0,0.0
2022-11-28T01:00:00.000,subway,611,"Times Sq-42 St (N,Q,R,W,S,1,2,3,7)/42 St (A,C,E)",Manhattan,metrocard,Metrocard - Fair Fare,8.0,0.0
2022-05-31T03:00:00.000,subway,394,110 St (6),Manhattan,metrocard,Metrocard - Unlimited 30-Day,2.0,0.0
2022-11-28T08:00:00.000,subway,602,"14 St-Union Sq (L,N,Q,R,W,4,5,6)",Manhattan,metrocard,Metrocard - Unlimited 30-Day,233.0,0.0
2022-05-31T23:00:00.000,subway,403,33 St (6),Manhattan,metrocard,Metrocard - Full Fare,42.0,1.0
2022-11-28T09:00:00.000,subway,602,"14 St-Union Sq (L,N,Q,R,W,4,5,6)",Manhattan,metrocard,Metrocard - Unlimited 30-Day,140.0,0.0
2022-05-31T01:00:00.000,subway,397,"86 St (4,5,6)",Manhattan,metrocard,Metrocard - Full Fare,8.0,0.0
2022-11-28T19:00:00.000,subway,613,"Lexington Av (N,R,W)/59 St (4,5,6)",Manhattan,omny,OMNY - Seniors & Disability,1.0,0.0
2022-11-28T02:00:00.000,subway,607,"34 St-Herald Sq (B,D,F,M,N,Q,R,W)",Manhattan,metrocard,Metrocard - Other,17.0,0.0
2022-11-28T04:00:00.000,subway,605,"168 St (A,C,1)",Manhattan,metrocard,Metrocard - Fair Fare,4.0,0.0
2022-11-28T03:00:00.000,subway,619,"Broadway-Lafayette St (B,D,F,M)/Bleecker St (6)",Manhattan,omny,OMNY - Full Fare,11.0,0.0
2022-05-31T20:00:00.000,subway,404,28 St (6),Manhattan,metrocard,Metrocard - Seniors & Disability,5.0,0.0
2022-11-28T23:00:00.000,subway,611,"Times Sq-42 St (N,Q,R,W,S,1,2,3,7)/42 St (A,C,E)",Manhattan,metrocard,Metrocard - Unlimited 30-Day,191.0,0.0
2022-05-31T09:00:00.000,subway,398,77 St (6),Manhattan,metrocard,Metrocard - Unlimited 7-Day,36.0,0.0
2022-11-28T21:00:00.000,subway,308,Cathedral Pkwy (110 St) (1),Manhattan,metrocard,Metrocard - Other,4.0,0.0
2022-11-28T14:00:00.000,subway,602,"14 St-Union Sq (L,N,Q,R,W,4,5,6)",Manhattan,metrocard,Metrocard - Seniors & Disability,232.0,19.0
2022-05-31T13:00:00.000,subway,397,"86 St (4,5,6)",Manhattan,metrocard,Metrocard - Fair Fare,27.0,1.0
2022-11-28T16:00:00.000,subway,308,Cathedral Pkwy (110 St) (1),Manhattan,omny,OMNY - Seniors & Disability,2.0,0.0
2022-05-31T05:00:00.000,subway,396,96 St (6),Manhattan,metrocard,Metrocard - Students,1.0,0.0
2022-11-28T08:00:00.000,subway,607,"34 St-Herald Sq (B,D,F,M,N,Q,R,W)",Manhattan,metrocard,Metrocard - Full Fare,1386.0,17.0
2022-05-31T00:00:00.000,subway,404,28 St (6),Manhattan,metrocard,Metrocard - Other,4.0,0.0
2022-05-31T18:00:00.000,subway,399,68 St-Hunter College (6),Manhattan,metrocard,Metrocard - Students,34.0,6.0
2022-05-31T05:00:00.000,subway,394,110 St (6),Manhattan,omny,OMNY - Full Fare,24.0,0.0
2022-11-28T17:00:00.000,subway,614,"59 St-Columbus Circle (A,B,C,D,1)",Manhattan,metrocard,Metrocard - Fair Fare,168.0,7.0
2022-05-31T14:00:00.000,subway,397,"86 St (4,5,6)",Manhattan,metrocard,Metrocard - Unlimited 7-Day,223.0,0.0
2022-11-28T05:00:00.000,subway,613,"Lexington Av (N,R,W)/59 St (4,5,6)",Manhattan,metrocard,Metrocard - Fair Fare,5.0,0.0
2022-11-28T23:00:00.000,subway,601,"14 St (F,M,1,2,3)/6 Av (L)",Manhattan,metrocard,Metrocard - Seniors & Disability,8.0,0.0
2022-11-28T19:00:00.000,subway,601,"14 St (F,M,1,2,3)/6 Av (L)",Manhattan,metrocard,Metrocard - Full Fare,251.0,1.0
2022-05-31T07:00:00.000,subway,405,23 St (6),Manhattan,metrocard,Metrocard - Fair Fare,8.0,1.0
2022-11-28T01:00:00.000,subway,614,"59 St-Columbus Circle (A,B,C,D,1)",Manhattan,metrocard,Metrocard - Other,5.0,0.0
2022-11-28T11:00:00.000,subway,618,"14 St (A,C,E)/8 Av (L)",Manhattan,metrocard,Metrocard - Unlimited 7-Day,86.0,0.0
2022-11-28T04:00:00.000,subway,475,96 St (Q),Manhattan,metrocard,Metrocard - Other,7.0,0.0
2022-11-28T10:00:00.000,subway,611,"Times Sq-42 St (N,Q,R,W,S,1,2,3,7)/42 St (A,C,E)",Manhattan,metrocard,Metrocard - Other,137.0,1.0
2022-11-28T23:00:00.000,subway,601,"14 St (F,M,1,2,3)/6 Av (L)",Manhattan,metrocard,Metrocard - Other,26.0,0.0
2022-11-28T12:00:00.000,subway,471,34 St-Hudson Yards (7),Manhattan,metrocard,Metrocard - Unlimited 7-Day,104.0,0.0
2022-11-28T12:00:00.000,subway,618,"14 St (A,C,E)/8 Av (L)",Manhattan,omny,OMNY - Seniors & Disability,3.0,0.0
2022-11-28T16:00:00.000,subway,477,72 St (Q),Manhattan,metrocard,Metrocard - Full Fare,717.0,10.0
2022-05-31T09:00:00.000,subway,404,28 St (6),Manhattan,metrocard,Metrocard - Full Fare,109.0,0.0
2022-05-31T08:00:00.000,subway,398,77 St (6),Manhattan,omny,OMNY - Full Fare,666.0,23.0
2022-11-28T14:00:00.000,subway,8,"5 Av/59 St (N,R,W)",Manhattan,metrocard,Metrocard - Students,9.0,0.0
2022-11-28T06:00:00.000,subway,619,"Broadway-Lafayette St (B,D,F,M)/Bleecker St (6)",Manhattan,metrocard,Metrocard - Students,8.0,0.0
2022-11-28T20:00:00.000,subway,605,"168 St (A,C,1)",Manhattan,metrocard,Metrocard - Seniors & Disability,13.0,0.0
2022-05-31T08:00:00.000,subway,152,"135 St (C,B)",Manhattan,omny,OMNY - Full Fare,111.0,2.0
2022-05-31T18:00:00.000,subway,403,33 St (6),Manhattan,metrocard,Metrocard - Full Fare,334.0,5.0
2022-11-28T19:00:00.000,subway,475,96 St (Q),Manhattan,metrocard,Metrocard - Other,23.0,1.0
2022-11-28T19:00:00.000,subway,612,"Lexington Av-53 St (E,M)/51 St (6)",Manhattan,metrocard,Metrocard - Seniors & Disability,39.0,1.0
2022-11-28T22:00:00.000,subway,605,"168 St (A,C,1)",Manhattan,metrocard,Metrocard - Full Fare,40.0,0.0
2022-11-28T17:00:00.000,subway,614,"59 St-Columbus Circle (A,B,C,D,1)",Manhattan,metrocard,Metrocard - Unlimited 7-Day,439.0,0.0
2022-11-28T08:00:00.000,subway,477,72 St (Q),Manhattan,metrocard,Metrocard - Students,51.0,0.0
2022-11-28T14:00:00.000,subway,605,"168 St (A,C,1)",Manhattan,metrocard,Metrocard - Seniors & Disability,62.0,5.0
2022-11-28T14:00:00.000,subway,475,96 St (Q),Manhattan,metrocard,Metrocard - Unlimited 7-Day,52.0,0.0
2022-11-28T15:00:00.000,subway,309,103 St (1),Manhattan,metrocard,Metrocard - Fair Fare,29.0,0.0
2022-05-31T20:00:00.000,subway,397,"86 St (4,5,6)",Manhattan,metrocard,Metrocard - Fair Fare,45.0,1.0
2022-11-28T07:00:00.000,subway,476,86 St (Q),Manhattan,metrocard,Metrocard - Seniors & Disability,29.0,0.0
2022-11-28T17:00:00.000,subway,607,"34 St-Herald Sq (B,D,F,M,N,Q,R,W)",Manhattan,metrocard,Metrocard - Other,372.0,3.0
2022-11-28T15:00:00.000,subway,610,"Grand Central-42 St (S,4,5,6,7)",Manhattan,metrocard,Metrocard - Seniors & Disability,205.0,4.0
2022-11-28T23:00:00.000,subway,607,"34 St-Herald Sq (B,D,F,M,N,Q,R,W)",Manhattan,metrocard,Metrocard - Unlimited 7-Day,165.0,0.0
2022-11-28T09:00:00.000,subway,605,"168 St (A,C,1)",Manhattan,metrocard,Metrocard - Seniors & Disability,52.0,4.0
2022-11-28T18:00:00.000,subway,308,Cathedral Pkwy (110 St) (1),Manhattan,metrocard,Metrocard - Seniors & Disability,30.0,1.0
2022-05-31T09:00:00.000,subway,394,110 St (6),Manhattan,metrocard,Metrocard - Unlimited 30-Day,61.0,0.0
2022-11-28T22:00:00.000,subway,8,"5 Av/59 St (N,R,W)",Manhattan,metrocard,Metrocard - Unlimited 7-Day,39.0,0.0
2022-05-31T14:00:00.000,subway,405,23 St (6),Manhattan,metrocard,Metrocard - Fair Fare,34.0,2.0
2022-11-28T10:00:00.000,subway,611,"Times Sq-42 St (N,Q,R,W,S,1,2,3,7)/42 St (A,C,E)",Manhattan,metrocard,Metrocard - Unlimited 7-Day,575.0,0.0
2022-05-31T09:00:00.000,subway,397,"86 St (4,5,6)",Manhattan,metrocard,Metrocard - Students,29.0,2.0
2022-11-28T07:00:00.000,subway,609,"Bryant Pk (B,D,F,M)/5 Av (7)",Manhattan,metrocard,Metrocard - Other,15.0,3.0
2022-11-28T19:00:00.000,subway,471,34 St-Hudson Yards (7),Manhattan,metrocard,Metrocard - Full Fare,205.0,0.0
2022-11-28T08:00:00.000,subway,477,72 St (Q),Manhattan,omny,OMNY - Seniors & Disability,5.0,0.0
2022-11-28T17:00:00.000,subway,471,34 St-Hudson Yards (7),Manhattan,metrocard,Metrocard - Fair Fare,31.0,1.0
2022-11-28T20:00:00.000,subway,8,"5 Av/59 St (N,R,W)",Manhattan,metrocard,Metrocard - Other,21.0,0.0
2022-11-28T23:00:00.000,subway,602,"14 St-Union Sq (L,N,Q,R,W,4,5,6)",Manhattan,metrocard,Metrocard - Other,40.0,0.0
2022-05-31T22:00:00.000,subway,403,33 St (6),Manhattan,omny,OMNY - Full Fare,143.0,0.0
2022-11-28T08:00:00.000,subway,609,"Bryant Pk (B,D,F,M)/5 Av (7)",Manhattan,metrocard,Metrocard - Seniors & Disability,12.0,3.0
2022-05-31T05:00:00.000,subway,399,68 St-Hunter College (6),Manhattan,metrocard,Metrocard - Seniors & Disability,1.0,0.0
2022-05-31T07:00:00.000,subway,395,103 St (6),Manhattan,metrocard,Metrocard - Fair Fare,60.0,0.0
2022-11-28T14:00:00.000,subway,9,"57 St-7 Av (N,Q,R,W)",Manhattan,metrocard,Metrocard - Students,54.0,2.0
2022-11-28T04:00:00.000,subway,8,"5 Av/59 St (N,R,W)",Manhattan,metrocard,Metrocard - Fair Fare,1.0,0.0
2022-11-28T12:00:00.000,subway,601,"14 St (F,M,1,2,3)/6 Av (L)",Manhattan,omny,OMNY - Full Fare,389.0,7.0
2022-05-31T10:00:00.000,subway,405,23 St (6),Manhattan,metrocard,Metrocard - Full Fare,129.0,9.0
2022-05-31T15:00:00.000,subway,396,96 St (6),Manhattan,metrocard,Metrocard - Seniors & Disability,46.0,8.0
2022-11-28T09:00:00.000,subway,477,72 St (Q),Manhattan,metrocard,Metrocard - Students,3.0,0.0
2022-05-31T21:00:00.000,subway,395,103 St (6),Manhattan,metrocard,Metrocard - Unlimited 7-Day,28.0,0.0
2022-11-28T17:00:00.000,subway,611,"Times Sq-42 St (N,Q,R,W,S,1,2,3,7)/42 St (A,C,E)",Manhattan,omny,OMNY - Full Fare,4736.0,38.0
2022-11-28T01:00:00.000,subway,613,"Lexington Av (N,R,W)/59 St (4,5,6)",Manhattan,omny,OMNY - Full Fare,24.0,2.0
2022-11-28T11:00:00.000,subway,610,"Grand Central-42 St (S,4,5,6,7)",Manhattan,omny,OMNY - Seniors & Disability,3.0,0.0
2022-11-28T20:00:00.000,subway,8,"5 Av/59 St (N,R,W)",Manhattan,metrocard,Metrocard - Full Fare,78.0,2.0
2022-05-31T18:00:00.000,subway,397,"86 St (4,5,6)",Manhattan,metrocard,Metrocard - Other,138.0,11.0
2022-11-28T11:00:00.000,subway,607,"34 St-Herald Sq (B,D,F,M,N,Q,R,W)",Manhattan,metrocard,Metrocard - Students,17.0,0.0
2022-11-28T06:00:00.000,subway,476,86 St (Q),Manhattan,metrocard,Metrocard - Fair Fare,4.0,0.0
2022-11-28T02:00:00.000,subway,613,"Lexington Av (N,R,W)/59 St (4,5,6)",Manhattan,metrocard,Metrocard - Full Fare,6.0,1.0
2022-05-31T04:00:00.000,subway,403,33 St (6),Manhattan,metrocard,Metrocard - Unlimited 7-Day,1.0,0.0
2022-05-31T16:00:00.000,subway,397,"86 St (4,5,6)",Manhattan,omny,OMNY - Full Fare,1003.0,36.0
2022-11-28T20:00:00.000,subway,611,"Times Sq-42 St (N,Q,R,W,S,1,2,3,7)/42 St (A,C,E)",Manhattan,metrocard,Metrocard - Fair Fare,125.0,1.0
2022-11-28T18:00:00.000,subway,611,"Times Sq-42 St (N,Q,R,W,S,1,2,3,7)/42 St (A,C,E)",Manhattan,metrocard,Metrocard - Students,181.0,0.0
2022-05-31T19:00:00.000,subway,396,96 St (6),Manhattan,metrocard,Metrocard - Students,21.0,1.0
2022-05-31T13:00:00.000,subway,403,33 St (6),Manhattan,metrocard,Metrocard - Unlimited 7-Day,100.0,0.0
2022-11-28T14:00:00.000,subway,602,"14 St-Union Sq (L,N,Q,R,W,4,5,6)",Manhattan,metrocard,Metrocard - Students,809.0,5.0
2022-05-31T11:00:00.000,subway,404,28 St (6),Manhattan,metrocard,Metrocard - Seniors & Disability,14.0,0.0
2022-11-28T17:00:00.000,subway,476,86 St (Q),Manhattan,metrocard,Metrocard - Unlimited 7-Day,100.0,0.0
2022-11-28T04:00:00.000,subway,475,96 St (Q),Manhattan,metrocard,Metrocard - Unlimited 30-Day,3.0,0.0
2022-05-31T21:00:00.000,subway,399,68 St-Hunter College (6),Manhattan,metrocard,Metrocard - Unlimited 7-Day,26.0,0.0
2022-11-28T03:00:00.000,subway,607,"34 St-Herald Sq (B,D,F,M,N,Q,R,W)",Manhattan,metrocard,Metrocard - Fair Fare,1.0,0.0
2022-05-31T21:00:00.000,subway,397,"86 St (4,5,6)",Manhattan,metrocard,Metrocard - Unlimited 7-Day,115.0,0.0
2022-05-31T21:00:00.000,subway,397,"86 St (4,5,6)",Manhattan,metrocard,Metrocard - Unlimited 30-Day,100.0,0.0
2022-11-28T06:00:00.000,subway,471,34 St-Hudson Yards (7),Manhattan,omny,OMNY - Full Fare,46.0,0.0
2022-05-31T01:00:00.000,subway,398,77 St (6),Manhattan,metrocard,Metrocard - Unlimited 30-Day,5.0,0.0
2022-11-28T05:00:00.000,subway,619,"Broadway-Lafayette St (B,D,F,M)/Bleecker St (6)",Manhattan,metrocard,Metrocard - Full Fare,6.0,0.0
2022-11-28T23:00:00.000,subway,614,"59 St-Columbus Circle (A,B,C,D,1)",Manhattan,metrocard,Metrocard - Unlimited 30-Day,132.0,0.0
2022-11-28T03:00:00.000,subway,602,"14 St-Union Sq (L,N,Q,R,W,4,5,6)",Manhattan,omny,OMNY - Full Fare,12.0,0.0
2022-05-31T21:00:00.000,subway,395,103 St (6),Manhattan,metrocard,Metrocard - Other,7.0,0.0
2022-11-28T11:00:00.000,subway,476,86 St (Q),Manhattan,metrocard,Metrocard - Seniors & Disability,48.0,2.0
2022-11-28T22:00:00.000,subway,613,"Lexington Av (N,R,W)/59 St (4,5,6)",Manhattan,omny,OMNY - Full Fare,287.0,16.0
2022-11-28T09:00:00.000,subway,477,72 St (Q),Manhattan,metrocard,Metrocard - Seniors & Disability,39.0,3.0
2022-11-28T01:00:00.000,subway,475,96 St (Q),Manhattan,metrocard,Metrocard - Unlimited 7-Day,1.0,0.0
2022-11-28T01:00:00.000,subway,605,"168 St (A,C,1)",Manhattan,metrocard,Metrocard - Full Fare,4.0,0.0
2022-11-28T00:00:00.000,subway,605,"168 St (A,C,1)",Manhattan,metrocard,Metrocard - Unlimited 30-Day,8.0,0.0
2022-11-28T15:00:00.000,subway,8,"5 Av/59 St (N,R,W)",Manhattan,metrocard,Metrocard - Unlimited 7-Day,126.0,0.0
2022-11-28T08:00:00.000,subway,614,"59 St-Columbus Circle (A,B,C,D,1)",Manhattan,metrocard,Metrocard - Full Fare,313.0,13.0
2022-05-31T16:00:00.000,subway,404,28 St (6),Manhattan,metrocard,Metrocard - Fair Fare,46.0,0.0
2022-11-28T11:00:00.000,subway,609,"Bryant Pk (B,D,F,M)/5 Av (7)",Manhattan,metrocard,Metrocard - Unlimited 7-Day,95.0,0.0
2022-05-31T00:00:00.000,subway,399,68 St-Hunter College (6),Manhattan,omny,OMNY - Full Fare,8.0,0.0
2022-11-28T08:00:00.000,subway,612,"Lexington Av-53 St (E,M)/51 St (6)",Manhattan,metrocard,Metrocard - Unlimited 7-Day,71.0,0.0
2022-11-28T06:00:00.000,subway,477,72 St (Q),Manhattan,metrocard,Metrocard - Full Fare,59.0,0.0
2022-11-28T08:00:00.000,subway,610,"Grand Central-42 St (S,4,5,6,7)",Manhattan,metrocard,Metrocard - Unlimited 7-Day,218.0,0.0
2022-11-28T20:00:00.000,subway,602,"14 St-Union Sq (L,N,Q,R,W,4,5,6)",Manhattan,omny,OMNY - Full Fare,1681.0,11.0
2022-11-28T20:00:00.000,subway,614,"59 St-Columbus Circle (A,B,C,D,1)",Manhattan,omny,OMNY - Full Fare,1045.0,14.0
2022-11-28T21:00:00.000,subway,610,"Grand Central-42 St (S,4,5,6,7)",Manhattan,metrocard,Metrocard - Other,114.0,1.0
2022-11-28T14:00:00.000,subway,8,"5 Av/59 St (N,R,W)",Manhattan,metrocard,Metrocard - Seniors & Disability,28.0,2.0
2022-05-31T05:00:00.000,subway,398,77 St (6),Manhattan,metrocard,Metrocard - Other,5.0,0.0
2022-05-31T10:00:00.000,subway,403,33 St (6),Manhattan,metrocard,Metrocard - Other,29.0,0.0
2022-05-31T13:00:00.000,subway,403,33 St (6),Manhattan,metrocard,Metrocard - Seniors & Disability,65.0,3.0
2022-05-31T23:00:00.000,subway,396,96 St (6),Manhattan,metrocard,Metrocard - Fair Fare,2.0,0.0
2022-11-28T21:00:00.000,subway,612,"Lexington Av-53 St (E,M)/51 St (6)",Manhattan,metrocard,Metrocard - Full Fare,148.0,2.0
2022-11-28T21:00:00.000,subway,612,"Lexington Av-53 St (E,M)/51 St (6)",Manhattan,metrocard,Metrocard - Unlimited 7-Day,92.0,0.0
2022-11-28T18:00:00.000,subway,614,"59 St-Columbus Circle (A,B,C,D,1)",Manhattan,metrocard,Metrocard - Seniors & Disability,113.0,5.0
2022-11-28T07:00:00.000,subway,611,"Times Sq-42 St (N,Q,R,W,S,1,2,3,7)/42 St (A,C,E)",Manhattan,omny,OMNY - Seniors & Disability,1.0,0.0
2022-11-28T11:00:00.000,subway,619,"Broadway-Lafayette St (B,D,F,M)/Bleecker St (6)",Manhattan,omny,OMNY - Seniors & Disability,1.0,0.0
2022-11-28T16:00:00.000,subway,309,103 St (1),Manhattan,metrocard,Metrocard - Unlimited 30-Day,76.0,0.0
2022-11-28T19:00:00.000,subway,618,"14 St (A,C,E)/8 Av (L)",Manhattan,omny,OMNY - Full Fare,912.0,3.0
2022-11-28T07:00:00.000,subway,611,"Times Sq-42 St (N,Q,R,W,S,1,2,3,7)/42 St (A,C,E)",Manhattan,metrocard,Metrocard - Unlimited 30-Day,633.0,0.0
2022-11-28T07:00:00.000,subway,471,34 St-Hudson Yards (7),Manhattan,omny,OMNY - Seniors & Disability,1.0,0.0
2022-05-31T05:00:00.000,subway,394,110 St (6),Manhattan,metrocard,Metrocard - Other,8.0,0.0
2022-11-28T11:00:00.000,subway,605,"168 St (A,C,1)",Manhattan,metrocard,Metrocard - Other,39.0,0.0
2022-11-28T09:00:00.000,subway,476,86 St (Q),Manhattan,metrocard,Metrocard - Unlimited 7-Day,47.0,0.0
2022-11-28T10:00:00.000,subway,476,86 St (Q),Manhattan,metrocard,Metrocard - Other,24.0,1.0
2022-11-28T15:00:00.000,subway,607,"34 St-Herald Sq (B,D,F,M,N,Q,R,W)",Manhattan,metrocard,Metrocard - Unlimited 30-Day,471.0,0.0
2022-05-31T21:00:00.000,subway,404,28 St (6),Manhattan,metrocard,Metrocard - Other,8.0,1.0
2022-11-28T23:00:00.000,subway,618,"14 St (A,C,E)/8 Av (L)",Manhattan,metrocard,Metrocard - Full Fare,70.0,2.0
2022-11-28T18:00:00.000,subway,611,"Times Sq-42 St (N,Q,R,W,S,1,2,3,7)/42 St (A,C,E)",Manhattan,metrocard,Metrocard - Seniors & Disability,240.0,4.0
2022-11-28T14:00:00.000,subway,610,"Grand Central-42 St (S,4,5,6,7)",Manhattan,metrocard,Metrocard - Unlimited 30-Day,307.0,0.0
2022-11-28T20:00:00.000,subway,308,Cathedral Pkwy (110 St) (1),Manhattan,metrocard,Metrocard - Fair Fare,10.0,0.0
2022-11-28T11:00:00.000,subway,614,"59 St-Columbus Circle (A,B,C,D,1)",Manhattan,omny,OMNY - Seniors & Disability,1.0,0.0
2022-11-28T21:00:00.000,subway,476,86 St (Q),Manhattan,omny,OMNY - Full Fare,125.0,0.0
2022-11-28T12:00:00.000,subway,618,"14 St (A,C,E)/8 Av (L)",Manhattan,metrocard,Metrocard - Full Fare,167.0,2.0
2022-11-28T16:00:00.000,subway,9,"57 St-7 Av (N,Q,R,W)",Manhattan,omny,OMNY - Full Fare,836.0,26.0
2022-11-28T00:00:00.000,subway,613,"Lexington Av (N,R,W)/59 St (4,5,6)",Manhattan,metrocard,Metrocard - Other,7.0,0.0
2022-05-31T13:00:00.000,subway,395,103 St (6),Manhattan,metrocard,Metrocard - Seniors & Disability,16.0,0.0
2022-11-28T08:00:00.000,subway,619,"Broadway-Lafayette St (B,D,F,M)/Bleecker St (6)",Manhattan,metrocard,Metrocard - Seniors & Disability,24.0,1.0
2022-11-28T12:00:00.000,subway,610,"Grand Central-42 St (S,4,5,6,7)",Manhattan,metrocard,Metrocard - Unlimited 30-Day,203.0,0.0
2022-05-31T16:00:00.000,subway,396,96 St (6),Manhattan,omny,OMNY - Full Fare,386.0,15.0
2022-11-28T19:00:00.000,subway,309,103 St (1),Manhattan,metrocard,Metrocard - Students,5.0,0.0
2022-05-31T16:00:00.000,subway,398,77 St (6),Manhattan,omny,OMNY - Full Fare,706.0,13.0
2022-11-28T06:00:00.000,subway,308,Cathedral Pkwy (110 St) (1),Manhattan,metrocard,Metrocard - Fair Fare,7.0,0.0
2022-11-28T05:00:00.000,subway,605,"168 St (A,C,1)",Manhattan,metrocard,Metrocard - Unlimited 30-Day,30.0,0.0
2022-11-28T17:00:00.000,subway,609,"Bryant Pk (B,D,F,M)/5 Av (7)",Manhattan,omny,OMNY - Seniors & Disability,3.0,1.0
2022-05-31T18:00:00.000,subway,399,68 St-Hunter College (6),Manhattan,metrocard,Metrocard - Seniors & Disability,32.0,4.0
2022-05-31T07:00:00.000,subway,395,103 St (6),Manhattan,metrocard,Metrocard - Unlimited 7-Day,82.0,0.0
2022-11-28T03:00:00.000,subway,618,"14 St (A,C,E)/8 Av (L)",Manhattan,metrocard,Metrocard - Fair Fare,1.0,0.0
2022-11-28T12:00:00.000,subway,471,34 St-Hudson Yards (7),Manhattan,metrocard,Metrocard - Seniors & Disability,14.0,1.0
2022-05-31T05:00:00.000,subway,404,28 St (6),Manhattan,metrocard,Metrocard - Full Fare,5.0,0.0
2022-11-28T03:00:00.000,subway,601,"14 St (F,M,1,2,3)/6 Av (L)",Manhattan,metrocard,Metrocard - Unlimited 7-Day,3.0,0.0
2022-11-28T09:00:00.000,subway,611,"Times Sq-42 St (N,Q,R,W,S,1,2,3,7)/42 St (A,C,E)",Manhattan,omny,OMNY - Seniors & Disability,2.0,0.0
2022-11-28T12:00:00.000,subway,309,103 St (1),Manhattan,metrocard,Metrocard - Other,23.0,0.0
2022-11-28T11:00:00.000,subway,8,"5 Av/59 St (N,R,W)",Manhattan,metrocard,Metrocard - Unlimited 30-Day,27.0,0.0
2022-11-28T09:00:00.000,subway,308,Cathedral Pkwy (110 St) (1),Manhattan,metrocard,Metrocard - Unlimited 7-Day,25.0,0.0
2022-05-31T08:00:00.000,subway,394,110 St (6),Manhattan,metrocard,Metrocard - Seniors & Disability,18.0,0.0
2022-05-31T05:00:00.000,subway,394,110 St (6),Manhattan,metrocard,Metrocard - Full Fare,36.0,0.0
2022-11-28T16:00:00.000,subway,612,"Lexington Av-53 St (E,M)/51 St (6)",Manhattan,metrocard,Metrocard - Unlimited 30-Day,395.0,0.0
2022-11-28T13:00:00.000,subway,614,"59 St-Columbus Circle (A,B,C,D,1)",Manhattan,metrocard,Metrocard - Seniors & Disability,131.0,11.0
2022-05-31T12:00:00.000,subway,394,110 St (6),Manhattan,omny,OMNY - Full Fare,74.0,3.0
2022-11-28T08:00:00.000,subway,618,"14 St (A,C,E)/8 Av (L)",Manhattan,metrocard,Metrocard - Unlimited 7-Day,67.0,0.0
2022-11-28T06:00:00.000,subway,618,"14 St (A,C,E)/8 Av (L)",Manhattan,metrocard,Metrocard - Seniors & Disability,6.0,0.0
2022-11-28T08:00:00.000,subway,609,"Bryant Pk (B,D,F,M)/5 Av (7)",Manhattan,metrocard,Metrocard - Unlimited 30-Day,49.0,0.0
2022-05-31T21:00:00.000,subway,394,110 St (6),Manhattan,metrocard,Metrocard - Seniors & Disability,1.0,0.0
2022-11-28T09:00:00.000,subway,471,34 St-Hudson Yards (7),Manhattan,metrocard,Metrocard - Full Fare,71.0,0.0
2022-05-31T10:00:00.000,subway,398,77 St (6),Manhattan,metrocard,Metrocard - Students,7.0,1.0
2022-11-28T21:00:00.000,subway,607,"34 St-Herald Sq (B,D,F,M,N,Q,R,W)",Manhattan,omny,OMNY - Full Fare,1626.0,8.0
2022-11-28T16:00:00.000,subway,613,"Lexington Av (N,R,W)/59 St (4,5,6)",Manhattan,metrocard,Metrocard - Fair Fare,113.0,12.0
2022-11-28T18:00:00.000,subway,471,34 St-Hudson Yards (7),Manhattan,metrocard,Metrocard - Other,76.0,0.0
2022-11-28T17:00:00.000,subway,9,"57 St-7 Av (N,Q,R,W)",Manhattan,metrocard,Metrocard - Unlimited 7-Day,185.0,0.0
2022-05-31T21:00:00.000,subway,395,103 St (6),Manhattan,metrocard,Metrocard - Unlimited 30-Day,30.0,0.0
2022-11-28T16:00:00.000,subway,9,"57 St-7 Av (N,Q,R,W)",Manhattan,metrocard,Metrocard - Full Fare,482.0,14.0
2022-05-31T08:00:00.000,subway,399,68 St-Hunter College (6),Manhattan,metrocard,Metrocard - Full Fare,167.0,18.0
2022-05-31T19:00:00.000,subway,399,68 St-Hunter College (6),Manhattan,metrocard,Metrocard - Full Fare,199.0,12.0
2022-05-31T14:00:00.000,subway,395,103 St (6),Manhattan,omny,OMNY - Full Fare,144.0,1.0
2022-05-31T01:00:00.000,subway,395,103 St (6),Manhattan,metrocard,Metrocard - Other,1.0,0.0
2022-05-31T18:00:00.000,subway,394,110 St (6),Manhattan,metrocard,Metrocard - Unlimited 7-Day,55.0,0.0
2022-05-31T15:00:00.000,subway,396,96 St (6),Manhattan,metrocard,Metrocard - Full Fare,315.0,18.0
2022-11-28T14:00:00.000,subway,308,Cathedral Pkwy (110 St) (1),Manhattan,omny,OMNY - Full Fare,190.0,3.0
2022-05-31T13:00:00.000,subway,398,77 St (6),Manhattan,metrocard,Metrocard - Full Fare,251.0,6.0
2022-11-28T10:00:00.000,subway,477,72 St (Q),Manhattan,omny,OMNY - Full Fare,280.0,4.0
2022-11-28T14:00:00.000,subway,613,"Lexington Av (N,R,W)/59 St (4,5,6)",Manhattan,metrocard,Metrocard - Seniors & Disability,126.0,29.0
2022-05-31T08:00:00.000,subway,394,110 St (6),Manhattan,metrocard,Metrocard - Other,48.0,1.0
2022-05-31T13:00:00.000,subway,396,96 St (6),Manhattan,metrocard,Metrocard - Full Fare,140.0,10.0
2022-11-28T11:00:00.000,subway,476,86 St (Q),Manhattan,metrocard,Metrocard - Students,3.0,0.0
2022-11-28T11:00:00.000,subway,308,Cathedral Pkwy (110 St) (1),Manhattan,metrocard,Metrocard - Full Fare,55.0,0.0
2022-05-31T23:00:00.000,subway,396,96 St (6),Manhattan,metrocard,Metrocard - Unlimited 7-Day,32.0,0.0
2022-11-28T20:00:00.000,subway,607,"34 St-Herald Sq (B,D,F,M,N,Q,R,W)",Manhattan,metrocard,Metrocard - Unlimited 30-Day,429.0,0.0
2022-11-28T19:00:00.000,subway,475,96 St (Q),Manhattan,metrocard,Metrocard - Unlimited 7-Day,26.0,0.0
2022-11-28T10:00:00.000,subway,308,Cathedral Pkwy (110 St) (1),Manhattan,metrocard,Metrocard - Students,5.0,0.0
2022-05-31T11:00:00.000,subway,395,103 St (6),Manhattan,metrocard,Metrocard - Unlimited 30-Day,37.0,0.0
2022-11-28T04:00:00.000,subway,601,"14 St (F,M,1,2,3)/6 Av (L)",Manhattan,metrocard,Metrocard - Unlimited 30-Day,4.0,0.0
2022-11-28T17:00:00.000,subway,611,"Times Sq-42 St (N,Q,R,W,S,1,2,3,7)/42 St (A,C,E)",Manhattan,metrocard,Metrocard - Full Fare,2575.0,17.0
2022-11-28T05:00:00.000,subway,611,"Times Sq-42 St (N,Q,R,W,S,1,2,3,7)/42 St (A,C,E)",Manhattan,metrocard,Metrocard - Seniors & Disability,49.0,2.0
2022-11-28T10:00:00.000,subway,607,"34 St-Herald Sq (B,D,F,M,N,Q,R,W)",Manhattan,omny,OMNY - Full Fare,1012.0,21.0
2022-11-28T13:00:00.000,subway,610,"Grand Central-42 St (S,4,5,6,7)",Manhattan,metrocard,Metrocard - Other,136.0,0.0
2022-11-28T15:00:00.000,subway,613,"Lexington Av (N,R,W)/59 St (4,5,6)",Manhattan,metrocard,Metrocard - Other,90.0,4.0
2022-11-28T16:00:00.000,subway,609,"Bryant Pk (B,D,F,M)/5 Av (7)",Manhattan,metrocard,Metrocard - Unlimited 7-Day,318.0,0.0
2022-11-28T12:00:00.000,subway,475,96 St (Q),Manhattan,metrocard,Metrocard - Seniors & Disability,38.0,6.0
2022-05-31T21:00:00.000,subway,404,28 St (6),Manhattan,metrocard,Metrocard - Unlimited 7-Day,53.0,0.0
2022-05-31T06:00:00.000,subway,397,"86 St (4,5,6)",Manhattan,metrocard,Metrocard - Unlimited 30-Day,81.0,0.0
2022-11-28T22:00:00.000,subway,308,Cathedral Pkwy (110 St) (1),Manhattan,metrocard,Metrocard - Unlimited 7-Day,15.0,0.0
2022-11-28T19:00:00.000,subway,475,96 St (Q),Manhattan,metrocard,Metrocard - Fair Fare,8.0,0.0
2022-11-28T00:00:00.000,subway,605,"168 St (A,C,1)",Manhattan,metrocard,Metrocard - Seniors & Disability,1.0,1.0
2022-05-31T15:00:00.000,subway,396,96 St (6),Manhattan,metrocard,Metrocard - Unlimited 30-Day,156.0,0.0
2022-11-28T20:00:00.000,subway,619,"Broadway-Lafayette St (B,D,F,M)/Bleecker St (6)",Manhattan,metrocard,Metrocard - Unlimited 7-Day,102.0,0.0
2022-11-28T14:00:00.000,subway,308,Cathedral Pkwy (110 St) (1),Manhattan,metrocard,Metrocard - Unlimited 30-Day,61.0,0.0
2022-11-28T23:00:00.000,subway,602,"14 St-Union Sq (L,N,Q,R,W,4,5,6)",Manhattan,metrocard,Metrocard - Full Fare,183.0,5.0
2022-05-31T23:00:00.000,subway,398,77 St (6),Manhattan,metrocard,Metrocard - Other,13.0,0.0
2022-05-31T14:00:00.000,subway,399,68 St-Hunter College (6),Manhattan,metrocard,Metrocard - Full Fare,286.0,14.0
2022-11-28T12:00:00.000,subway,611,"Times Sq-42 St (N,Q,R,W,S,1,2,3,7)/42 St (A,C,E)",Manhattan,omny,OMNY - Full Fare,1296.0,11.0
2022-05-31T04:00:00.000,subway,396,96 St (6),Manhattan,metrocard,Metrocard - Fair Fare,1.0,0.0
2022-11-28T13:00:00.000,subway,477,72 St (Q),Manhattan,omny,OMNY - Seniors & Disability,1.0,1.0
2022-11-28T21:00:00.000,subway,612,"Lexington Av-53 St (E,M)/51 St (6)",Manhattan,metrocard,Metrocard - Other,32.0,1.0
2022-11-28T11:00:00.000,subway,475,96 St (Q),Manhattan,metrocard,Metrocard - Full Fare,91.0,2.0
2022-05-31T23:00:00.000,subway,398,77 St (6),Manhattan,metrocard,Metrocard - Seniors & Disability,10.0,0.0
2022-11-28T13:00:00.000,subway,619,"Broadway-Lafayette St (B,D,F,M)/Bleecker St (6)",Manhattan,omny,OMNY - Full Fare,573.0,5.0
2022-05-31T15:00:00.000,subway,397,"86 St (4,5,6)",Manhattan,metrocard,Metrocard - Seniors & Disability,99.0,13.0
2022-05-31T08:00:00.000,subway,396,96 St (6),Manhattan,metrocard,Metrocard - Unlimited 30-Day,163.0,0.0
2022-11-28T00:00:00.000,subway,477,72 St (Q),Manhattan,metrocard,Metrocard - Full Fare,6.0,0.0
2022-11-28T04:00:00.000,subway,471,34 St-Hudson Yards (7),Manhattan,metrocard,Metrocard - Full Fare,10.0,0.0
2022-11-28T09:00:00.000,subway,618,"14 St (A,C,E)/8 Av (L)",Manhattan,metrocard,Metrocard - Students,22.0,0.0
2022-11-28T10:00:00.000,subway,605,"168 St (A,C,1)",Manhattan,metrocard,Metrocard - Unlimited 7-Day,65.0,0.0
2022-05-31T02:00:00.000,subway,405,23 St (6),Manhattan,metrocard,Metrocard - Full Fare,2.0,0.0
2022-11-28T16:00:00.000,subway,601,"14 St (F,M,1,2,3)/6 Av (L)",Manhattan,metrocard,Metrocard - Students,210.0,0.0
2022-11-28T00:00:00.000,subway,614,"59 St-Columbus Circle (A,B,C,D,1)",Manhattan,metrocard,Metrocard - Unlimited 7-Day,33.0,0.0
2022-11-28T20:00:00.000,subway,609,"Bryant Pk (B,D,F,M)/5 Av (7)",Manhattan,metrocard,Metrocard - Fair Fare,38.0,0.0
2022-11-28T17:00:00.000,subway,471,34 St-Hudson Yards (7),Manhattan,metrocard,Metrocard - Other,99.0,0.0
2022-05-31T19:00:00.000,subway,404,28 St (6),Manhattan,omny,OMNY - Full Fare,259.0,0.0
2022-05-31T06:00:00.000,subway,396,96 St (6),Manhattan,metrocard,Metrocard - Fair Fare,12.0,0.0
2022-11-28T00:00:00.000,subway,614,"59 St-Columbus Circle (A,B,C,D,1)",Manhattan,metrocard,Metrocard - Seniors & Disability,3.0,0.0
2022-11-28T12:00:00.000,subway,602,"14 St-Union Sq (L,N,Q,R,W,4,5,6)",Manhattan,metrocard,Metrocard - Unlimited 7-Day,191.0,0.0
2022-11-28T16:00:00.000,subway,475,96 St (Q),Manhattan,omny,OMNY - Seniors & Disability,1.0,0.0
2022-11-28T04:00:00.000,subway,609,"Bryant Pk (B,D,F,M)/5 Av (7)",Manhattan,omny,OMNY - Full Fare,2.0,0.0
2022-11-28T22:00:00.000,subway,607,"34 St-Herald Sq (B,D,F,M,N,Q,R,W)",Manhattan,metrocard,Metrocard - Other,78.0,0.0
2022-11-28T23:00:00.000,subway,476,86 St (Q),Manhattan,metrocard,Metrocard - Unlimited 30-Day,15.0,0.0
2022-05-31T11:00:00.000,subway,397,"86 St (4,5,6)",Manhattan,metrocard,Metrocard - Full Fare,216.0,13.0
2022-11-28T13:00:00.000,subway,607,"34 St-Herald Sq (B,D,F,M,N,Q,R,W)",Manhattan,metrocard,Metrocard - Unlimited 7-Day,347.0,0.0
2022-11-28T21:00:00.000,subway,307,116 St-Columbia University (1),Manhattan,omny,OMNY - Seniors & Disability,1.0,0.0
2022-05-31T12:00:00.000,subway,404,28 St (6),Manhattan,metrocard,Metrocard - Unlimited 30-Day,61.0,0.0
2022-05-31T01:00:00.000,subway,403,33 St (6),Manhattan,metrocard,Metrocard - Full Fare,8.0,0.0
2022-11-28T13:00:00.000,subway,602,"14 St-Union Sq (L,N,Q,R,W,4,5,6)",Manhattan,omny,OMNY - Seniors & Disability,3.0,0.0
2022-11-28T21:00:00.000,subway,9,"57 St-7 Av (N,Q,R,W)",Manhattan,metrocard,Metrocard - Other,35.0,0.0
2022-05-31T18:00:00.000,subway,404,28 St (6),Manhattan,metrocard,Metrocard - Unlimited 7-Day,79.0,0.0
2022-11-28T12:00:00.000,subway,8,"5 Av/59 St (N,R,W)",Manhattan,omny,OMNY - Full Fare,155.0,1.0
2022-05-31T05:00:00.000,subway,403,33 St (6),Manhattan,omny,OMNY - Full Fare,13.0,0.0
2022-11-28T19:00:00.000,subway,618,"14 St (A,C,E)/8 Av (L)",Manhattan,metrocard,Metrocard - Fair Fare,35.0,0.0
2022-11-28T00:00:00.000,subway,605,"168 St (A,C,1)",Manhattan,omny,OMNY - Full Fare,20.0,0.0
2022-05-31T12:00:00.000,subway,395,103 St (6),Manhattan,metrocard,Metrocard - Full Fare,64.0,0.0
2022-11-28T00:00:00.000,subway,619,"Broadway-Lafayette St (B,D,F,M)/Bleecker St (6)",Manhattan,metrocard,Metrocard - Other,3.0,0.0
2022-11-28T01:00:00.000,subway,613,"Lexington Av (N,R,W)/59 St (4,5,6)",Manhattan,metrocard,Metrocard - Unlimited 7-Day,4.0,0.0
2022-11-28T05:00:00.000,subway,8,"5 Av/59 St (N,R,W)",Manhattan,metrocard,Metrocard - Full Fare,1.0,0.0
2022-05-31T09:00:00.000,subway,397,"86 St (4,5,6)",Manhattan,metrocard,Metrocard - Seniors & Disability,79.0,19.0
2022-05-31T19:00:00.000,subway,397,"86 St (4,5,6)",Manhattan,metrocard,Metrocard - Unlimited 7-Day,174.0,0.0
2022-05-31T16:00:00.000,subway,396,96 St (6),Manhattan,metrocard,Metrocard - Students,89.0,4.0
2022-11-28T20:00:00.000,subway,610,"Grand Central-42 St (S,4,5,6,7)",Manhattan,metrocard,Metrocard - Seniors & Disability,73.0,1.0
2022-05-31T17:00:00.000,subway,403,33 St (6),Manhattan,metrocard,Metrocard - Students,67.0,1.0
2022-11-28T02:00:00.000,subway,612,"Lexington Av-53 St (E,M)/51 St (6)",Manhattan,metrocard,Metrocard - Fair Fare,2.0,0.0
2022-11-28T15:00:00.000,subway,607,"34 St-Herald Sq (B,D,F,M,N,Q,R,W)",Manhattan,metrocard,Metrocard - Seniors & Disability,249.0,8.0
2022-11-28T22:00:00.000,subway,9,"57 St-7 Av (N,Q,R,W)",Manhattan,omny,OMNY - Seniors & Disability,1.0,0.0
2022-05-31T20:00:00.000,subway,404,28 St (6),Manhattan,metrocard,Metrocard - Full Fare,77.0,0.0
2022-11-28T16:00:00.000,subway,307,116 St-Columbia University (1),Manhattan,omny,OMNY - Full Fare,705.0,5.0
2022-11-28T09:00:00.000,subway,308,Cathedral Pkwy (110 St) (1),Manhattan,metrocard,Metrocard - Other,22.0,0.0
2022-11-28T17:00:00.000,subway,609,"Bryant Pk (B,D,F,M)/5 Av (7)",Manhattan,metrocard,Metrocard - Seniors & Disability,133.0,4.0
2022-11-28T20:00:00.000,subway,8,"5 Av/59 St (N,R,W)",Manhattan,metrocard,Metrocard - Seniors & Disability,8.0,1.0
2022-05-31T21:00:00.000,subway,397,"86 St (4,5,6)",Manhattan,metrocard,Metrocard - Full Fare,151.0,7.0
2022-11-28T14:00:00.000,subway,611,"Times Sq-42 St (N,Q,R,W,S,1,2,3,7)/42 St (A,C,E)",Manhattan,metrocard,Metrocard - Students,427.0,12.0
2022-11-28T17:00:00.000,subway,477,72 St (Q),Manhattan,metrocard,Metrocard - Unlimited 7-Day,150.0,0.0
2022-11-28T12:00:00.000,subway,607,"34 St-Herald Sq (B,D,F,M,N,Q,R,W)",Manhattan,metrocard,Metrocard - Full Fare,646.0,11.0
2022-11-28T12:00:00.000,subway,605,"168 St (A,C,1)",Manhattan,metrocard,Metrocard - Students,16.0,0.0
2022-11-28T14:00:00.000,subway,602,"14 St-Union Sq (L,N,Q,R,W,4,5,6)",Manhattan,omny,OMNY - Full Fare,1337.0,16.0
2022-11-28T13:00:00.000,subway,9,"57 St-7 Av (N,Q,R,W)",Manhattan,metrocard,Metrocard - Unlimited 7-Day,67.0,0.0
2022-11-28T16:00:00.000,subway,8,"5 Av/59 St (N,R,W)",Manhattan,omny,OMNY - Seniors & Disability,1.0,0.0
2022-11-28T13:00:00.000,subway,9,"57 St-7 Av (N,Q,R,W)",Manhattan,metrocard,Metrocard - Fair Fare,16.0,0.0
2022-11-28T12:00:00.000,subway,610,"Grand Central-42 St (S,4,5,6,7)",Manhattan,metrocard,Metrocard - Fair Fare,50.0,0.0
2022-11-28T04:00:00.000,subway,618,"14 St (A,C,E)/8 Av (L)",Manhattan,omny,OMNY - Full Fare,15.0,0.0
2022-05-31T06:00:00.000,subway,398,77 St (6),Manhattan,metrocard,Metrocard - Seniors & Disability,6.0,2.0
2022-05-31T20:00:00.000,subway,394,110 St (6),Manhattan,metrocard,Metrocard - Unlimited 30-Day,23.0,0.0
2022-11-28T15:00:00.000,subway,476,86 St (Q),Manhattan,metrocard,Metrocard - Full Fare,251.0,6.0
2022-11-28T18:00:00.000,subway,613,"Lexington Av (N,R,W)/59 St (4,5,6)",Manhattan,metrocard,Metrocard - Other,169.0,2.0
2022-11-28T15:00:00.000,subway,612,"Lexington Av-53 St (E,M)/51 St (6)",Manhattan,omny,OMNY - Seniors & Disability,1.0,0.0
2022-05-31T16:00:00.000,subway,395,103 St (6),Manhattan,metrocard,Metrocard - Other,37.0,0.0
2022-11-28T21:00:00.000,subway,471,34 St-Hudson Yards (7),Manhattan,metrocard,Metrocard - Fair Fare,8.0,0.0
2022-05-31T19:00:00.000,subway,396,96 St (6),Manhattan,metrocard,Metrocard - Seniors & Disability,13.0,1.0
2022-11-28T15:00:00.000,subway,601,"14 St (F,M,1,2,3)/6 Av (L)",Manhattan,metrocard,Metrocard - Unlimited 30-Day,232.0,0.0
2022-11-28T23:00:00.000,subway,309,103 St (1),Manhattan,metrocard,Metrocard - Seniors & Disability,3.0,0.0
2022-11-28T15:00:00.000,subway,308,Cathedral Pkwy (110 St) (1),Manhattan,metrocard,Metrocard - Students,84.0,6.0
2022-05-31T05:00:00.000,subway,403,33 St (6),Manhattan,metrocard,Metrocard - Other,2.0,0.0
2022-11-28T14:00:00.000,subway,308,Cathedral Pkwy (110 St) (1),Manhattan,metrocard,Metrocard - Full Fare,102.0,3.0
2022-11-28T21:00:00.000,subway,602,"14 St-Union Sq (L,N,Q,R,W,4,5,6)",Manhattan,metrocard,Metrocard - Unlimited 7-Day,242.0,0.0
2022-11-28T10:00:00.000,subway,309,103 St (1),Manhattan,metrocard,Metrocard - Full Fare,76.0,2.0
2022-05-31T18:00:00.000,subway,403,33 St (6),Manhattan,omny,OMNY - Full Fare,684.0,7.0
2022-11-28T21:00:00.000,subway,309,103 St (1),Manhattan,metrocard,Metrocard - Full Fare,20.0,0.0
2022-05-31T06:00:00.000,subway,397,"86 St (4,5,6)",Manhattan,metrocard,Metrocard - Fair Fare,9.0,2.0
2022-11-28T22:00:00.000,subway,611,"Times Sq-42 St (N,Q,R,W,S,1,2,3,7)/42 St (A,C,E)",Manhattan,metrocard,Metrocard - Unlimited 7-Day,548.0,0.0
2022-11-28T01:00:00.000,subway,602,"14 St-Union Sq (L,N,Q,R,W,4,5,6)",Manhattan,metrocard,Metrocard - Full Fare,20.0,1.0
2022-05-31T05:00:00.000,subway,397,"86 St (4,5,6)",Manhattan,metrocard,Metrocard - Students,1.0,0.0
2022-11-28T06:00:00.000,subway,613,"Lexington Av (N,R,W)/59 St (4,5,6)",Manhattan,metrocard,Metrocard - Unlimited 30-Day,51.0,0.0
2022-05-31T09:00:00.000,subway,394,110 St (6),Manhattan,metrocard,Metrocard - Students,23.0,0.0
2022-11-28T13:00:00.000,subway,602,"14 St-Union Sq (L,N,Q,R,W,4,5,6)",Manhattan,metrocard,Metrocard - Unlimited 30-Day,271.0,0.0
2022-11-28T15:00:00.000,subway,475,96 St (Q),Manhattan,metrocard,Metrocard - Fair Fare,33.0,1.0
2022-11-28T21:00:00.000,subway,477,72 St (Q),Manhattan,metrocard,Metrocard - Full Fare,80.0,0.0
2022-11-28T07:00:00.000,subway,601,"14 St (F,M,1,2,3)/6 Av (L)",Manhattan,omny,OMNY - Full Fare,454.0,17.0
2022-11-28T23:00:00.000,subway,614,"59 St-Columbus Circle (A,B,C,D,1)",Manhattan,omny,OMNY - Seniors & Disability,3.0,0.0
2022-11-28T09:00:00.000,subway,477,72 St (Q),Manhattan,metrocard,Metrocard - Fair Fare,8.0,0.0
2022-11-28T21:00:00.000,subway,614,"59 St-Columbus Circle (A,B,C,D,1)",Manhattan,metrocard,Metrocard - Fair Fare,55.0,3.0
2022-05-31T12:00:00.000,subway,396,96 St (6),Manhattan,metrocard,Metrocard - Other,26.0,0.0
2022-11-28T17:00:00.000,subway,475,96 St (Q),Manhattan,metrocard,Metrocard - Students,66.0,4.0
2022-11-28T19:00:00.000,subway,471,34 St-Hudson Yards (7),Manhattan,metrocard,Metrocard - Unlimited 30-Day,77.0,0.0
2022-11-28T23:00:00.000,subway,601,"14 St (F,M,1,2,3)/6 Av (L)",Manhattan,metrocard,Metrocard - Full Fare,102.0,6.0
2022-05-31T23:00:00.000,subway,397,"86 St (4,5,6)",Manhattan,omny,OMNY - Full Fare,93.0,4.0
2022-11-28T04:00:00.000,subway,309,103 St (1),Manhattan,metrocard,Metrocard - Fair Fare,1.0,0.0
2022-11-28T21:00:00.000,subway,618,"14 St (A,C,E)/8 Av (L)",Manhattan,metrocard,Metrocard - Unlimited 7-Day,108.0,0.0
2022-11-28T13:00:00.000,subway,614,"59 St-Columbus Circle (A,B,C,D,1)",Manhattan,metrocard,Metrocard - Students,114.0,1.0
2022-11-28T17:00:00.000,subway,8,"5 Av/59 St (N,R,W)",Manhattan,metrocard,Metrocard - Unlimited 30-Day,187.0,0.0
2022-11-28T15:00:00.000,subway,9,"57 St-7 Av (N,Q,R,W)",Manhattan,metrocard,Metrocard - Unlimited 30-Day,216.0,0.0
2022-11-28T21:00:00.000,subway,612,"Lexington Av-53 St (E,M)/51 St (6)",Manhattan,omny,OMNY - Seniors & Disability,1.0,0.0
2022-11-28T09:00:00.000,subway,475,96 St (Q),Manhattan,metrocard,Metrocard - Unlimited 30-Day,129.0,0.0
2022-11-28T19:00:00.000,subway,601,"14 St (F,M,1,2,3)/6 Av (L)",Manhattan,metrocard,Metrocard - Seniors & Disability,60.0,4.0
2022-11-28T19:00:00.000,subway,611,"Times Sq-42 St (N,Q,R,W,S,1,2,3,7)/42 St (A,C,E)",Manhattan,metrocard,Metrocard - Unlimited 30-Day,738.0,0.0
2022-11-28T20:00:00.000,subway,610,"Grand Central-42 St (S,4,5,6,7)",Manhattan,metrocard,Metrocard - Students,15.0,1.0
2022-05-31T20:00:00.000,subway,396,96 St (6),Manhattan,metrocard,Metrocard - Seniors & Disability,8.0,1.0
2022-11-28T07:00:00.000,subway,612,"Lexington Av-53 St (E,M)/51 St (6)",Manhattan,omny,OMNY - Full Fare,283.0,5.0
2022-11-28T16:00:00.000,subway,612,"Lexington Av-53 St (E,M)/51 St (6)",Manhattan,metrocard,Metrocard - Other,164.0,4.0
2022-11-28T07:00:00.000,subway,613,"Lexington Av (N,R,W)/59 St (4,5,6)",Manhattan,metrocard,Metrocard - Full Fare,159.0,47.0
2022-05-31T01:00:00.000,subway,403,33 St (6),Manhattan,metrocard,Metrocard - Unlimited 7-Day,5.0,0.0
2022-05-31T07:00:00.000,subway,395,103 St (6),Manhattan,metrocard,Metrocard - Other,29.0,0.0
2022-05-31T03:00:00.000,subway,438,"135 St (2,3)",Manhattan,omny,OMNY - Full Fare,1.0,0.0
2022-11-28T21:00:00.000,subway,611,"Times Sq-42 St (N,Q,R,W,S,1,2,3,7)/42 St (A,C,E)",Manhattan,metrocard,Metrocard - Unlimited 7-Day,572.0,0.0
2022-05-31T05:00:00.000,subway,404,28 St (6),Manhattan,metrocard,Metrocard - Students,1.0,0.0
2022-11-28T15:00:00.000,subway,477,72 St (Q),Manhattan,metrocard,Metrocard - Other,72.0,0.0
2022-11-28T13:00:00.000,subway,610,"Grand Central-42 St (S,4,5,6,7)",Manhattan,omny,OMNY - Full Fare,1213.0,12.0
2022-11-28T17:00:00.000,subway,9,"57 St-7 Av (N,Q,R,W)",Manhattan,metrocard,Metrocard - Seniors & Disability,64.0,6.0
2022-11-28T04:00:00.000,subway,619,"Broadway-Lafayette St (B,D,F,M)/Bleecker St (6)",Manhattan,metrocard,Metrocard - Unlimited 30-Day,4.0,0.0
2022-05-31T18:00:00.000,subway,398,77 St (6),Manhattan,metrocard,Metrocard - Fair Fare,31.0,3.0
2022-11-28T13:00:00.000,subway,611,"Times Sq-42 St (N,Q,R,W,S,1,2,3,7)/42 St (A,C,E)",Manhattan,metrocard,Metrocard - Fair Fare,100.0,0.0
2022-11-28T15:00:00.000,subway,601,"14 St (F,M,1,2,3)/6 Av (L)",Manhattan,omny,OMNY - Seniors & Disability,4.0,1.0
2022-11-28T03:00:00.000,subway,605,"168 St (A,C,1)",Manhattan,metrocard,Metrocard - Full Fare,9.0,0.0
2022-11-28T14:00:00.000,subway,611,"Times Sq-42 St (N,Q,R,W,S,1,2,3,7)/42 St (A,C,E)",Manhattan,metrocard,Metrocard - Other,179.0,1.0
2022-11-28T00:00:00.000,subway,475,96 St (Q),Manhattan,metrocard,Metrocard - Other,8.0,0.0
2022-05-31T09:00:00.000,subway,398,77 St (6),Manhattan,metrocard,Metrocard - Unlimited 30-Day,84.0,0.0
2022-11-28T18:00:00.000,subway,476,86 St (Q),Manhattan,metrocard,Metrocard - Fair Fare,16.0,0.0
2022-11-28T05:00:00.000,subway,610,"Grand Central-42 St (S,4,5,6,7)",Manhattan,metrocard,Metrocard - Full Fare,203.0,7.0
2022-11-28T13:00:00.000,subway,476,86 St (Q),Manhattan,metrocard,Metrocard - Unlimited 7-Day,64.0,0.0
2022-11-28T05:00:00.000,subway,309,103 St (1),Manhattan,metrocard,Metrocard - Seniors & Disability,4.0,0.0
2022-11-28T06:00:00.000,subway,601,"14 St (F,M,1,2,3)/6 Av (L)",Manhattan,metrocard,Metrocard - Seniors & Disability,8.0,2.0
2022-05-31T09:00:00.000,subway,396,96 St (6),Manhattan,metrocard,Metrocard - Unlimited 7-Day,44.0,0.0
2022-11-28T11:00:00.000,subway,8,"5 Av/59 St (N,R,W)",Manhattan,metrocard,Metrocard - Fair Fare,3.0,0.0
2022-05-31T14:00:00.000,subway,397,"86 St (4,5,6)",Manhattan,metrocard,Metrocard - Other,54.0,1.0
2022-11-28T05:00:00.000,subway,614,"59 St-Columbus Circle (A,B,C,D,1)",Manhattan,metrocard,Metrocard - Other,22.0,0.0
2022-11-28T15:00:00.000,subway,602,"14 St-Union Sq (L,N,Q,R,W,4,5,6)",Manhattan,metrocard,Metrocard - Fair Fare,155.0,6.0
2022-11-28T05:00:00.000,subway,613,"Lexington Av (N,R,W)/59 St (4,5,6)",Manhattan,omny,OMNY - Full Fare,33.0,10.0
2022-11-28T15:00:00.000,subway,614,"59 St-Columbus Circle (A,B,C,D,1)",Manhattan,omny,OMNY - Full Fare,1436.0,27.0
2022-11-28T07:00:00.000,subway,607,"34 St-Herald Sq (B,D,F,M,N,Q,R,W)",Manhattan,metrocard,Metrocard - Fair Fare,27.0,0.0
2022-11-28T21:00:00.000,subway,609,"Bryant Pk (B,D,F,M)/5 Av (7)",Manhattan,metrocard,Metrocard - Students,1.0,0.0
2022-05-31T02:00:00.000,subway,395,103 St (6),Manhattan,metrocard,Metrocard - Unlimited 7-Day,1.0,0.0
2022-11-28T00:00:00.000,subway,471,34 St-Hudson Yards (7),Manhattan,metrocard,Metrocard - Other,5.0,0.0
2022-11-28T12:00:00.000,subway,477,72 St (Q),Manhattan,omny,OMNY - Full Fare,262.0,3.0
2022-11-28T23:00:00.000,subway,612,"Lexington Av-53 St (E,M)/51 St (6)",Manhattan,metrocard,Metrocard - Seniors & Disability,11.0,0.0
2022-11-28T04:00:00.000,subway,614,"59 St-Columbus Circle (A,B,C,D,1)",Manhattan,metrocard,Metrocard - Unlimited 30-Day,4.0,0.0
2022-11-28T12:00:00.000,subway,619,"Broadway-Lafayette St (B,D,F,M)/Bleecker St (6)",Manhattan,metrocard,Metrocard - Fair Fare,14.0,0.0
2022-11-28T10:00:00.000,subway,607,"34 St-Herald Sq (B,D,F,M,N,Q,R,W)",Manhattan,metrocard,Metrocard - Unlimited 30-Day,205.0,0.0
2022-11-28T02:00:00.000,subway,614,"59 St-Columbus Circle (A,B,C,D,1)",Manhattan,metrocard,Metrocard - Fair Fare,1.0,0.0
2022-05-31T19:00:00.000,subway,398,77 St (6),Manhattan,metrocard,Metrocard - Students,35.0,3.0
2022-05-31T06:00:00.000,subway,398,77 St (6),Manhattan,metrocard,Metrocard - Other,9.0,0.0
2022-11-28T04:00:00.000,subway,602,"14 St-Union Sq (L,N,Q,R,W,4,5,6)",Manhattan,metrocard,Metrocard - Unlimited 30-Day,3.0,0.0
2022-05-31T13:00:00.000,subway,403,33 St (6),Manhattan,metrocard,Metrocard - Fair Fare,26.0,0.0
2022-11-28T02:00:00.000,subway,618,"14 St (A,C,E)/8 Av (L)",Manhattan,metrocard,Metrocard - Unlimited 30-Day,9.0,0.0
2022-05-31T11:00:00.000,subway,399,68 St-Hunter College (6),Manhattan,metrocard,Metrocard - Fair Fare,16.0,1.0
2022-11-28T19:00:00.000,subway,618,"14 St (A,C,E)/8 Av (L)",Manhattan,metrocard,Metrocard - Other,85.0,1.0
2022-11-28T03:00:00.000,subway,609,"Bryant Pk (B,D,F,M)/5 Av (7)",Manhattan,metrocard,Metrocard - Seniors & Disability,1.0,0.0
2022-05-31T15:00:00.000,subway,394,110 St (6),Manhattan,metrocard,Metrocard - Other,23.0,0.0
2022-11-28T20:00:00.000,subway,309,103 St (1),Manhattan,metrocard,Metrocard - Unlimited 7-Day,35.0,0.0
2022-11-28T11:00:00.000,subway,475,96 St (Q),Manhattan,omny,OMNY - Full Fare,169.0,11.0
2022-05-31T21:00:00.000,subway,399,68 St-Hunter College (6),Manhattan,metrocard,Metrocard - Other,8.0,1.0
2022-11-28T06:00:00.000,subway,612,"Lexington Av-53 St (E,M)/51 St (6)",Manhattan,omny,OMNY - Seniors & Disability,2.0,1.0
2022-11-28T04:00:00.000,subway,601,"14 St (F,M,1,2,3)/6 Av (L)",Manhattan,metrocard,Metrocard - Fair Fare,4.0,0.0
2022-05-31T10:00:00.000,subway,399,68 St-Hunter College (6),Manhattan,metrocard,Metrocard - Unlimited 30-Day,47.0,0.0
2022-05-31T14:00:00.000,subway,398,77 St (6),Manhattan,metrocard,Metrocard - Unlimited 30-Day,118.0,0.0
2022-11-28T11:00:00.000,subway,612,"Lexington Av-53 St (E,M)/51 St (6)",Manhattan,metrocard,Metrocard - Other,28.0,1.0
2022-11-28T17:00:00.000,subway,610,"Grand Central-42 St (S,4,5,6,7)",Manhattan,metrocard,Metrocard - Unlimited 30-Day,1186.0,0.0
2022-11-28T09:00:00.000,subway,605,"168 St (A,C,1)",Manhattan,metrocard,Metrocard - Other,40.0,0.0
2022-11-28T11:00:00.000,subway,613,"Lexington Av (N,R,W)/59 St (4,5,6)",Manhattan,metrocard,Metrocard - Unlimited 30-Day,126.0,0.0
2022-11-28T06:00:00.000,subway,611,"Times Sq-42 St (N,Q,R,W,S,1,2,3,7)/42 St (A,C,E)",Manhattan,metrocard,Metrocard - Unlimited 7-Day,249.0,0.0
2022-11-28T01:00:00.000,subway,613,"Lexington Av (N,R,W)/59 St (4,5,6)",Manhattan,metrocard,Metrocard - Unlimited 30-Day,9.0,0.0
2022-11-28T09:00:00.000,subway,610,"Grand Central-42 St (S,4,5,6,7)",Manhattan,omny,OMNY - Seniors & Disability,3.0,0.0
2022-11-28T13:00:00.000,subway,619,"Broadway-Lafayette St (B,D,F,M)/Bleecker St (6)",Manhattan,metrocard,Metrocard - Other,30.0,0.0
2022-11-28T02:00:00.000,subway,611,"Times Sq-42 St (N,Q,R,W,S,1,2,3,7)/42 St (A,C,E)",Manhattan,metrocard,Metrocard - Full Fare,53.0,0.0
2022-05-31T20:00:00.000,subway,394,110 St (6),Manhattan,metrocard,Metrocard - Full Fare,38.0,0.0
2022-11-28T03:00:00.000,subway,476,86 St (Q),Manhattan,metrocard,Metrocard - Unlimited 30-Day,2.0,0.0
2022-11-28T10:00:00.000,subway,602,"14 St-Union Sq (L,N,Q,R,W,4,5,6)",Manhattan,metrocard,Metrocard - Students,21.0,0.0
2022-11-28T10:00:00.000,subway,612,"Lexington Av-53 St (E,M)/51 St (6)",Manhattan,metrocard,Metrocard - Fair Fare,9.0,0.0
2022-11-28T23:00:00.000,subway,475,96 St (Q),Manhattan,metrocard,Metrocard - Other,11.0,0.0
2022-11-28T20:00:00.000,subway,612,"Lexington Av-53 St (E,M)/51 St (6)",Manhattan,metrocard,Metrocard - Students,12.0,0.0
2022-11-28T16:00:00.000,subway,614,"59 St-Columbus Circle (A,B,C,D,1)",Manhattan,omny,OMNY - Seniors & Disability,3.0,0.0
2022-05-31T19:00:00.000,subway,395,103 St (6),Manhattan,metrocard,Metrocard - Unlimited 7-Day,40.0,0.0
2022-11-28T12:00:00.000,subway,614,"59 St-Columbus Circle (A,B,C,D,1)",Manhattan,metrocard,Metrocard - Unlimited 7-Day,191.0,0.0
2022-05-31T13:00:00.000,subway,399,68 St-Hunter College (6),Manhattan,metrocard,Metrocard - Unlimited 30-Day,77.0,0.0
2022-05-31T08:00:00.000,subway,394,110 St (6),Manhattan,metrocard,Metrocard - Unlimited 7-Day,94.0,0.0
2022-11-28T10:00:00.000,subway,610,"Grand Central-42 St (S,4,5,6,7)",Manhattan,metrocard,Metrocard - Fair Fare,35.0,2.0
2022-11-28T16:00:00.000,subway,308,Cathedral Pkwy (110 St) (1),Manhattan,metrocard,Metrocard - Other,21.0,0.0
2022-11-28T12:00:00.000,subway,601,"14 St (F,M,1,2,3)/6 Av (L)",Manhattan,metrocard,Metrocard - Seniors & Disability,95.0,9.0
2022-11-28T09:00:00.000,subway,614,"59 St-Columbus Circle (A,B,C,D,1)",Manhattan,metrocard,Metrocard - Unlimited 30-Day,186.0,0.0
2022-11-28T08:00:00.000,subway,601,"14 St (F,M,1,2,3)/6 Av (L)",Manhattan,metrocard,Metrocard - Full Fare,278.0,12.0
2022-05-31T07:00:00.000,subway,395,103 St (6),Manhattan,metrocard,Metrocard - Full Fare,135.0,0.0
2022-11-28T11:00:00.000,subway,609,"Bryant Pk (B,D,F,M)/5 Av (7)",Manhattan,metrocard,Metrocard - Other,30.0,1.0
2022-05-31T22:00:00.000,subway,398,77 St (6),Manhattan,metrocard,Metrocard - Unlimited 7-Day,64.0,0.0
2022-11-28T01:00:00.000,subway,609,"Bryant Pk (B,D,F,M)/5 Av (7)",Manhattan,metrocard,Metrocard - Fair Fare,3.0,0.0
2022-11-28T18:00:00.000,subway,9,"57 St-7 Av (N,Q,R,W)",Manhattan,metrocard,Metrocard - Students,35.0,2.0
2022-11-28T21:00:00.000,subway,601,"14 St (F,M,1,2,3)/6 Av (L)",Manhattan,omny,OMNY - Seniors & Disability,1.0,0.0
2022-11-28T11:00:00.000,subway,309,103 St (1),Manhattan,metrocard,Metrocard - Fair Fare,11.0,0.0
2022-11-28T09:00:00.000,subway,471,34 St-Hudson Yards (7),Manhattan,metrocard,Metrocard - Unlimited 30-Day,35.0,0.0
2022-11-28T20:00:00.000,subway,309,103 St (1),Manhattan,metrocard,Metrocard - Seniors & Disability,16.0,1.0
2022-05-31T19:00:00.000,subway,398,77 St (6),Manhattan,metrocard,Metrocard - Fair Fare,26.0,0.0
2022-05-31T20:00:00.000,subway,403,33 St (6),Manhattan,metrocard,Metrocard - Fair Fare,11.0,0.0
2022-05-31T14:00:00.000,subway,403,33 St (6),Manhattan,metrocard,Metrocard - Other,19.0,2.0
2022-05-31T09:00:00.000,subway,403,33 St (6),Manhattan,metrocard,Metrocard - Unlimited 7-Day,61.0,0.0
2022-11-28T11:00:00.000,subway,477,72 St (Q),Manhattan,omny,OMNY - Full Fare,237.0,6.0
2022-05-31T21:00:00.000,subway,397,"86 St (4,5,6)",Manhattan,metrocard,Metrocard - Other,18.0,1.0
2022-11-28T20:00:00.000,subway,612,"Lexington Av-53 St (E,M)/51 St (6)",Manhattan,metrocard,Metrocard - Unlimited 7-Day,83.0,0.0
2022-11-28T08:00:00.000,subway,471,34 St-Hudson Yards (7),Manhattan,metrocard,Metrocard - Seniors & Disability,8.0,0.0
2022-11-28T15:00:00.000,subway,601,"14 St (F,M,1,2,3)/6 Av (L)",Manhattan,metrocard,Metrocard - Fair Fare,44.0,1.0
2022-05-31T06:00:00.000,subway,399,68 St-Hunter College (6),Manhattan,metrocard,Metrocard - Fair Fare,1.0,0.0
2022-11-28T08:00:00.000,subway,475,96 St (Q),Manhattan,omny,OMNY - Seniors & Disability,3.0,0.0
2022-05-31T10:00:00.000,subway,394,110 St (6),Manhattan,omny,OMNY - Full Fare,86.0,0.0
2022-05-31T07:00:00.000,subway,399,68 St-Hunter College (6),Manhattan,omny,OMNY - Full Fare,123.0,2.0
2022-05-31T23:00:00.000,subway,394,110 St (6),Manhattan,metrocard,Metrocard - Unlimited 30-Day,5.0,0.0
2022-11-28T02:00:00.000,subway,308,Cathedral Pkwy (110 St) (1),Manhattan,metrocard,Metrocard - Unlimited 7-Day,1.0,0.0
2022-11-28T15:00:00.000,subway,309,103 St (1),Manhattan,metrocard,Metrocard - Students,36.0,2.0
2022-11-28T00:00:00.000,subway,8,"5 Av/59 St (N,R,W)",Manhattan,metrocard,Metrocard - Full Fare,4.0,1.0
2022-11-28T16:00:00.000,subway,614,"59 St-Columbus Circle (A,B,C,D,1)",Manhattan,omny,OMNY - Full Fare,1932.0,35.0
2022-11-28T21:00:00.000,subway,607,"34 St-Herald Sq (B,D,F,M,N,Q,R,W)",Manhattan,metrocard,Metrocard - Seniors & Disability,59.0,0.0
2022-11-28T07:00:00.000,subway,602,"14 St-Union Sq (L,N,Q,R,W,4,5,6)",Manhattan,metrocard,Metrocard - Fair Fare,53.0,6.0
2022-11-28T15:00:00.000,subway,611,"Times Sq-42 St (N,Q,R,W,S,1,2,3,7)/42 St (A,C,E)",Manhattan,omny,OMNY - Other,2.0,0.0
2022-11-28T15:00:00.000,subway,619,"Broadway-Lafayette St (B,D,F,M)/Bleecker St (6)",Manhattan,omny,OMNY - Seniors & Disability,1.0,0.0
2022-11-28T10:00:00.000,subway,612,"Lexington Av-53 St (E,M)/51 St (6)",Manhattan,metrocard,Metrocard - Students,6.0,0.0
2022-11-28T07:00:00.000,subway,611,"Times Sq-42 St (N,Q,R,W,S,1,2,3,7)/42 St (A,C,E)",Manhattan,metrocard,Metrocard - Other,402.0,7.0
2022-05-31T20:00:00.000,subway,394,110 St (6),Manhattan,metrocard,Metrocard - Other,11.0,0.0
2022-05-31T19:00:00.000,subway,396,96 St (6),Manhattan,metrocard,Metrocard - Fair Fare,15.0,0.0
2022-11-28T23:00:00.000,subway,8,"5 Av/59 St (N,R,W)",Manhattan,metrocard,Metrocard - Unlimited 30-Day,32.0,0.0
2022-11-28T19:00:00.000,subway,614,"59 St-Columbus Circle (A,B,C,D,1)",Manhattan,metrocard,Metrocard - Unlimited 30-Day,359.0,0.0
2022-05-31T12:00:00.000,subway,395,103 St (6),Manhattan,metrocard,Metrocard - Seniors & Disability,32.0,0.0
2022-11-28T12:00:00.000,subway,309,103 St (1),Manhattan,metrocard,Metrocard - Unlimited 30-Day,52.0,0.0
2022-11-28T06:00:00.000,subway,476,86 St (Q),Manhattan,metrocard,Metrocard - Other,19.0,1.0
2022-11-28T18:00:00.000,subway,477,72 St (Q),Manhattan,omny,OMNY - Seniors & Disability,3.0,0.0
2022-05-31T23:00:00.000,subway,398,77 St (6),Manhattan,metrocard,Metrocard - Full Fare,108.0,1.0
2022-05-31T16:00:00.000,subway,403,33 St (6),Manhattan,metrocard,Metrocard - Unlimited 7-Day,174.0,0.0
2022-11-28T01:00:00.000,subway,477,72 St (Q),Manhattan,metrocard,Metrocard - Full Fare,3.0,0.0
2022-11-28T05:00:00.000,subway,476,86 St (Q),Manhattan,metrocard,Metrocard - Unlimited 7-Day,3.0,0.0
2022-11-28T12:00:00.000,subway,609,"Bryant Pk (B,D,F,M)/5 Av (7)",Manhattan,omny,OMNY - Seniors & Disability,1.0,0.0
2022-11-28T06:00:00.000,subway,475,96 St (Q),Manhattan,metrocard,Metrocard - Full Fare,68.0,7.0
2022-11-28T23:00:00.000,subway,605,"168 St (A,C,1)",Manhattan,omny,OMNY - Full Fare,43.0,0.0
2022-11-28T19:00:00.000,subway,613,"Lexington Av (N,R,W)/59 St (4,5,6)",Manhattan,omny,OMNY - Full Fare,972.0,90.0
2022-11-28T07:00:00.000,subway,614,"59 St-Columbus Circle (A,B,C,D,1)",Manhattan,omny,OMNY - Seniors & Disability,2.0,1.0
2022-11-28T07:00:00.000,subway,619,"Broadway-Lafayette St (B,D,F,M)/Bleecker St (6)",Manhattan,metrocard,Metrocard - Unlimited 30-Day,50.0,0.0
2022-11-28T15:00:00.000,subway,605,"168 St (A,C,1)",Manhattan,metrocard,Metrocard - Other,52.0,0.0
2022-11-28T16:00:00.000,subway,477,72 St (Q),Manhattan,omny,OMNY - Full Fare,932.0,9.0
2022-11-28T05:00:00.000,subway,477,72 St (Q),Manhattan,metrocard,Metrocard - Seniors & Disability,2.0,0.0
2022-05-31T17:00:00.000,subway,398,77 St (6),Manhattan,metrocard,Metrocard - Full Fare,652.0,19.0
2022-11-28T01:00:00.000,subway,610,"Grand Central-42 St (S,4,5,6,7)",Manhattan,metrocard,Metrocard - Seniors & Disability,2.0,0.0
2022-11-28T07:00:00.000,subway,8,"5 Av/59 St (N,R,W)",Manhattan,metrocard,Metrocard - Unlimited 30-Day,8.0,0.0
2022-11-28T10:00:00.000,subway,8,"5 Av/59 St (N,R,W)",Manhattan,metrocard,Metrocard - Seniors & Disability,13.0,2.0
2022-05-31T20:00:00.000,subway,396,96 St (6),Manhattan,omny,OMNY - Full Fare,139.0,2.0
2022-11-28T16:00:00.000,subway,308,Cathedral Pkwy (110 St) (1),Manhattan,metrocard,Metrocard - Fair Fare,18.0,0.0
2022-11-28T07:00:00.000,subway,477,72 St (Q),Manhattan,metrocard,Metrocard - Full Fare,161.0,1.0
2022-05-31T09:00:00.000,subway,399,68 St-Hunter College (6),Manhattan,metrocard,Metrocard - Other,21.0,0.0
2022-11-28T11:00:00.000,subway,613,"Lexington Av (N,R,W)/59 St (4,5,6)",Manhattan,metrocard,Metrocard - Unlimited 7-Day,119.0,0.0
2022-11-28T15:00:00.000,subway,476,86 St (Q),Manhattan,metrocard,Metrocard - Seniors & Disability,51.0,2.0
2022-11-28T19:00:00.000,subway,308,Cathedral Pkwy (110 St) (1),Manhattan,metrocard,Metrocard - Unlimited 7-Day,32.0,0.0
2022-11-28T16:00:00.000,subway,309,103 St (1),Manhattan,metrocard,Metrocard - Other,13.0,0.0
2022-05-31T16:00:00.000,subway,404,28 St (6),Manhattan,omny,OMNY - Full Fare,471.0,1.0
2022-11-28T11:00:00.000,subway,602,"14 St-Union Sq (L,N,Q,R,W,4,5,6)",Manhattan,metrocard,Metrocard - Full Fare,365.0,18.0
2022-11-28T21:00:00.000,subway,308,Cathedral Pkwy (110 St) (1),Manhattan,metrocard,Metrocard - Unlimited 30-Day,24.0,0.0
2022-11-28T12:00:00.000,subway,475,96 St (Q),Manhattan,metrocard,Metrocard - Unlimited 30-Day,65.0,0.0
2022-11-28T18:00:00.000,subway,612,"Lexington Av-53 St (E,M)/51 St (6)",Manhattan,metrocard,Metrocard - Seniors & Disability,93.0,3.0
2022-11-28T04:00:00.000,subway,618,"14 St (A,C,E)/8 Av (L)",Manhattan,metrocard,Metrocard - Unlimited 7-Day,12.0,0.0
2022-11-28T07:00:00.000,subway,602,"14 St-Union Sq (L,N,Q,R,W,4,5,6)",Manhattan,omny,OMNY - Full Fare,698.0,35.0
2022-11-28T10:00:00.000,subway,308,Cathedral Pkwy (110 St) (1),Manhattan,metrocard,Metrocard - Fair Fare,18.0,1.0
2022-11-28T15:00:00.000,subway,612,"Lexington Av-53 St (E,M)/51 St (6)",Manhattan,metrocard,Metrocard - Unlimited 7-Day,253.0,0.0
2022-11-28T13:00:00.000,subway,611,"Times Sq-42 St (N,Q,R,W,S,1,2,3,7)/42 St (A,C,E)",Manhattan,omny,OMNY - Seniors & Disability,2.0,1.0
2022-05-31T06:00:00.000,subway,398,77 St (6),Manhattan,metrocard,Metrocard - Students,7.0,0.0
2022-11-28T11:00:00.000,subway,607,"34 St-Herald Sq (B,D,F,M,N,Q,R,W)",Manhattan,metrocard,Metrocard - Unlimited 30-Day,167.0,0.0
2022-11-28T11:00:00.000,subway,477,72 St (Q),Manhattan,metrocard,Metrocard - Other,21.0,0.0
2022-05-31T21:00:00.000,subway,396,96 St (6),Manhattan,metrocard,Metrocard - Other,11.0,1.0
2022-11-28T20:00:00.000,subway,619,"Broadway-Lafayette St (B,D,F,M)/Bleecker St (6)",Manhattan,metrocard,Metrocard - Full Fare,151.0,0.0
2022-05-31T11:00:00.000,subway,398,77 St (6),Manhattan,metrocard,Metrocard - Seniors & Disability,56.0,3.0
2022-11-28T00:00:00.000,subway,477,72 St (Q),Manhattan,metrocard,Metrocard - Other,2.0,0.0
2022-11-28T07:00:00.000,subway,308,Cathedral Pkwy (110 St) (1),Manhattan,metrocard,Metrocard - Full Fare,69.0,2.0
2022-05-31T21:00:00.000,subway,396,96 St (6),Manhattan,metrocard,Metrocard - Unlimited 30-Day,30.0,0.0
2022-11-28T06:00:00.000,subway,477,72 St (Q),Manhattan,omny,OMNY - Full Fare,105.0,0.0
2022-11-28T21:00:00.000,subway,611,"Times Sq-42 St (N,Q,R,W,S,1,2,3,7)/42 St (A,C,E)",Manhattan,metrocard,Metrocard - Full Fare,673.0,2.0
2022-11-28T18:00:00.000,subway,613,"Lexington Av (N,R,W)/59 St (4,5,6)",Manhattan,metrocard,Metrocard - Seniors & Disability,93.0,12.0
2022-05-31T06:00:00.000,subway,404,28 St (6),Manhattan,metrocard,Metrocard - Other,10.0,0.0
2022-05-31T19:00:00.000,subway,395,103 St (6),Manhattan,metrocard,Metrocard - Seniors & Disability,5.0,0.0
2022-05-31T14:00:00.000,subway,397,"86 St (4,5,6)",Manhattan,metrocard,Metrocard - Unlimited 30-Day,214.0,0.0
2022-05-31T10:00:00.000,subway,395,103 St (6),Manhattan,omny,OMNY - Full Fare,87.0,1.0
2022-11-28T14:00:00.000,subway,614,"59 St-Columbus Circle (A,B,C,D,1)",Manhattan,metrocard,Metrocard - Students,291.0,2.0
2022-05-31T17:00:00.000,subway,395,103 St (6),Manhattan,metrocard,Metrocard - Seniors & Disability,19.0,0.0
2022-11-28T04:00:00.000,subway,614,"59 St-Columbus Circle (A,B,C,D,1)",Manhattan,metrocard,Metrocard - Unlimited 7-Day,9.0,0.0
2022-05-31T00:00:00.000,subway,395,103 St (6),Manhattan,metrocard,Metrocard - Other,1.0,0.0
2022-11-28T21:00:00.000,subway,612,"Lexington Av-53 St (E,M)/51 St (6)",Manhattan,metrocard,Metrocard - Unlimited 30-Day,126.0,0.0
2022-11-28T22:00:00.000,subway,471,34 St-Hudson Yards (7),Manhattan,metrocard,Metrocard - Other,10.0,0.0
2022-11-28T16:00:00.000,subway,476,86 St (Q),Manhattan,omny,OMNY - Seniors & Disability,2.0,0.0
2022-11-28T05:00:00.000,subway,471,34 St-Hudson Yards (7),Manhattan,omny,OMNY - Full Fare,21.0,0.0
2022-11-28T12:00:00.000,subway,9,"57 St-7 Av (N,Q,R,W)",Manhattan,metrocard,Metrocard - Full Fare,130.0,7.0
2022-05-31T01:00:00.000,subway,397,"86 St (4,5,6)",Manhattan,metrocard,Metrocard - Unlimited 30-Day,3.0,0.0
2022-11-28T20:00:00.000,subway,601,"14 St (F,M,1,2,3)/6 Av (L)",Manhattan,omny,OMNY - Full Fare,645.0,3.0
2022-11-28T21:00:00.000,subway,610,"Grand Central-42 St (S,4,5,6,7)",Manhattan,metrocard,Metrocard - Fair Fare,37.0,1.0
2022-05-31T05:00:00.000,subway,398,77 St (6),Manhattan,metrocard,Metrocard - Seniors & Disability,1.0,0.0
2022-11-28T11:00:00.000,subway,612,"Lexington Av-53 St (E,M)/51 St (6)",Manhattan,metrocard,Metrocard - Unlimited 30-Day,110.0,0.0
2022-11-28T16:00:00.000,subway,475,96 St (Q),Manhattan,metrocard,Metrocard - Full Fare,267.0,13.0
2022-11-28T16:00:00.000,subway,613,"Lexington Av (N,R,W)/59 St (4,5,6)",Manhattan,omny,OMNY - Seniors & Disability,1.0,0.0
2022-11-28T09:00:00.000,subway,9,"57 St-7 Av (N,Q,R,W)",Manhattan,metrocard,Metrocard - Seniors & Disability,31.0,5.0
2022-05-31T01:00:00.000,subway,404,28 St (6),Manhattan,omny,OMNY - Full Fare,10.0,0.0
2022-05-31T04:00:00.000,subway,397,"86 St (4,5,6)",Manhattan,metrocard,Metrocard - Full Fare,2.0,0.0
2022-05-31T22:00:00.000,subway,394,110 St (6),Manhattan,metrocard,Metrocard - Unlimited 7-Day,23.0,0.0
2022-11-28T11:00:00.000,subway,613,"Lexington Av (N,R,W)/59 St (4,5,6)",Manhattan,metrocard,Metrocard - Other,59.0,8.0
2022-11-28T21:00:00.000,subway,618,"14 St (A,C,E)/8 Av (L)",Manhattan,metrocard,Metrocard - Students,1.0,0.0
2022-05-31T23:00:00.000,subway,396,96 St (6),Manhattan,metrocard,Metrocard - Other,12.0,0.0
2022-11-28T18:00:00.000,subway,308,Cathedral Pkwy (110 St) (1),Manhattan,omny,OMNY - Full Fare,255.0,5.0
2022-05-31T07:00:00.000,subway,395,103 St (6),Manhattan,metrocard,Metrocard - Unlimited 30-Day,112.0,0.0
2022-11-28T17:00:00.000,subway,607,"34 St-Herald Sq (B,D,F,M,N,Q,R,W)",Manhattan,metrocard,Metrocard - Unlimited 7-Day,680.0,0.0
2022-11-28T10:00:00.000,subway,476,86 St (Q),Manhattan,metrocard,Metrocard - Unlimited 7-Day,32.0,0.0
2022-11-28T11:00:00.000,subway,308,Cathedral Pkwy (110 St) (1),Manhattan,omny,OMNY - Full Fare,153.0,1.0
2022-11-28T10:00:00.000,subway,471,34 St-Hudson Yards (7),Manhattan,metrocard,Metrocard - Full Fare,63.0,0.0
2022-11-28T16:00:00.000,subway,307,116 St-Columbia University (1),Manhattan,omny,OMNY - Seniors & Disability,1.0,0.0
2022-05-31T16:00:00.000,subway,404,28 St (6),Manhattan,metrocard,Metrocard - Unlimited 30-Day,184.0,0.0
2022-11-28T12:00:00.000,subway,610,"Grand Central-42 St (S,4,5,6,7)",Manhattan,metrocard,Metrocard - Unlimited 7-Day,254.0,0.0
2022-11-28T15:00:00.000,subway,607,"34 St-Herald Sq (B,D,F,M,N,Q,R,W)",Manhattan,metrocard,Metrocard - Full Fare,1225.0,33.0
2022-05-31T03:00:00.000,subway,396,96 St (6),Manhattan,metrocard,Metrocard - Unlimited 7-Day,2.0,0.0
2022-05-31T12:00:00.000,subway,394,110 St (6),Manhattan,metrocard,Metrocard - Other,16.0,0.0
2022-11-28T13:00:00.000,subway,609,"Bryant Pk (B,D,F,M)/5 Av (7)",Manhattan,metrocard,Metrocard - Unlimited 7-Day,197.0,0.0
2022-11-28T06:00:00.000,subway,309,103 St (1),Manhattan,metrocard,Metrocard - Seniors & Disability,8.0,0.0
2022-11-28T06:00:00.000,subway,9,"57 St-7 Av (N,Q,R,W)",Manhattan,metrocard,Metrocard - Unlimited 30-Day,17.0,0.0
2022-11-28T17:00:00.000,subway,611,"Times Sq-42 St (N,Q,R,W,S,1,2,3,7)/42 St (A,C,E)",Manhattan,metrocard,Metrocard - Other,435.0,3.0
2022-11-28T14:00:00.000,subway,475,96 St (Q),Manhattan,metrocard,Metrocard - Fair Fare,31.0,2.0
2022-11-28T17:00:00.000,subway,610,"Grand Central-42 St (S,4,5,6,7)",Manhattan,metrocard,Metrocard - Other,600.0,1.0
2022-05-31T22:00:00.000,subway,405,23 St (6),Manhattan,metrocard,Metrocard - Fair Fare,10.0,0.0
2022-11-28T18:00:00.000,subway,609,"Bryant Pk (B,D,F,M)/5 Av (7)",Manhattan,metrocard,Metrocard - Full Fare,973.0,12.0
2022-11-28T16:00:00.000,subway,602,"14 St-Union Sq (L,N,Q,R,W,4,5,6)",Manhattan,omny,OMNY - Other,1.0,0.0
2022-05-31T18:00:00.000,subway,399,68 St-Hunter College (6),Manhattan,metrocard,Metrocard - Full Fare,328.0,24.0
2022-11-28T18:00:00.000,subway,612,"Lexington Av-53 St (E,M)/51 St (6)",Manhattan,metrocard,Metrocard - Fair Fare,53.0,0.0
2022-11-28T01:00:00.000,subway,9,"57 St-7 Av (N,Q,R,W)",Manhattan,metrocard,Metrocard - Seniors & Disability,1.0,0.0
2022-11-28T11:00:00.000,subway,476,86 St (Q),Manhattan,metrocard,Metrocard - Full Fare,103.0,1.0
2022-11-28T12:00:00.000,subway,618,"14 St (A,C,E)/8 Av (L)",Manhattan,metrocard,Metrocard - Other,30.0,0.0
2022-11-28T18:00:00.000,subway,609,"Bryant Pk (B,D,F,M)/5 Av (7)",Manhattan,metrocard,Metrocard - Fair Fare,76.0,1.0
2022-11-28T08:00:00.000,subway,601,"14 St (F,M,1,2,3)/6 Av (L)",Manhattan,metrocard,Metrocard - Unlimited 30-Day,131.0,0.0
2022-11-28T23:00:00.000,subway,613,"Lexington Av (N,R,W)/59 St (4,5,6)",Manhattan,metrocard,Metrocard - Fair Fare,14.0,0.0
2022-11-28T03:00:00.000,subway,614,"59 St-Columbus Circle (A,B,C,D,1)",Manhattan,omny,OMNY - Full Fare,10.0,0.0
2022-11-28T15:00:00.000,subway,612,"Lexington Av-53 St (E,M)/51 St (6)",Manhattan,metrocard,Metrocard - Students,207.0,2.0
2022-11-28T04:00:00.000,subway,602,"14 St-Union Sq (L,N,Q,R,W,4,5,6)",Manhattan,metrocard,Metrocard - Other,7.0,0.0
2022-11-28T21:00:00.000,subway,613,"Lexington Av (N,R,W)/59 St (4,5,6)",Manhattan,metrocard,Metrocard - Unlimited 30-Day,113.0,0.0
2022-05-31T06:00:00.000,subway,395,103 St (6),Manhattan,metrocard,Metrocard - Other,12.0,0.0
2022-11-28T00:00:00.000,subway,607,"34 St-Herald Sq (B,D,F,M,N,Q,R,W)",Manhattan,metrocard,Metrocard - Unlimited 30-Day,52.0,0.0
2022-11-28T16:00:00.000,subway,602,"14 St-Union Sq (L,N,Q,R,W,4,5,6)",Manhattan,metrocard,Metrocard - Unlimited 7-Day,626.0,0.0
2022-11-28T12:00:00.000,subway,605,"168 St (A,C,1)",Manhattan,omny,OMNY - Full Fare,232.0,0.0
2022-11-28T12:00:00.000,subway,619,"Broadway-Lafayette St (B,D,F,M)/Bleecker St (6)",Manhattan,omny,OMNY - Full Fare,435.0,3.0
2022-11-28T08:00:00.000,subway,611,"Times Sq-42 St (N,Q,R,W,S,1,2,3,7)/42 St (A,C,E)",Manhattan,omny,OMNY - Full Fare,4121.0,96.0
2022-05-31T05:00:00.000,subway,403,33 St (6),Manhattan,metrocard,Metrocard - Full Fare,7.0,0.0
2022-11-28T07:00:00.000,subway,605,"168 St (A,C,1)",Manhattan,metrocard,Metrocard - Students,211.0,4.0
2022-11-28T06:00:00.000,subway,605,"168 St (A,C,1)",Manhattan,metrocard,Metrocard - Unlimited 7-Day,98.0,0.0
2022-11-28T21:00:00.000,subway,9,"57 St-7 Av (N,Q,R,W)",Manhattan,metrocard,Metrocard - Fair Fare,21.0,1.0
2022-11-28T00:00:00.000,subway,609,"Bryant Pk (B,D,F,M)/5 Av (7)",Manhattan,omny,OMNY - Full Fare,51.0,0.0
2022-05-31T14:00:00.000,subway,404,28 St (6),Manhattan,metrocard,Metrocard - Unlimited 7-Day,79.0,0.0
2022-11-28T10:00:00.000,subway,471,34 St-Hudson Yards (7),Manhattan,omny,OMNY - Full Fare,136.0,0.0
2022-11-28T06:00:00.000,subway,471,34 St-Hudson Yards (7),Manhattan,metrocard,Metrocard - Fair Fare,6.0,0.0
2022-11-28T17:00:00.000,subway,602,"14 St-Union Sq (L,N,Q,R,W,4,5,6)",Manhattan,metrocard,Metrocard - Unlimited 7-Day,491.0,0.0
2022-11-28T21:00:00.000,subway,477,72 St (Q),Manhattan,metrocard,Metrocard - Unlimited 7-Day,43.0,0.0
2022-11-28T18:00:00.000,subway,476,86 St (Q),Manhattan,omny,OMNY - Full Fare,484.0,9.0
2022-05-31T18:00:00.000,subway,394,110 St (6),Manhattan,metrocard,Metrocard - Seniors & Disability,8.0,0.0
2022-11-28T20:00:00.000,subway,309,103 St (1),Manhattan,metrocard,Metrocard - Students,4.0,0.0
2022-11-28T08:00:00.000,subway,618,"14 St (A,C,E)/8 Av (L)",Manhattan,omny,OMNY - Full Fare,619.0,12.0
2022-05-31T14:00:00.000,subway,396,96 St (6),Manhattan,metrocard,Metrocard - Fair Fare,19.0,3.0
2022-05-31T03:00:00.000,subway,404,28 St (6),Manhattan,metrocard,Metrocard - Unlimited 7-Day,3.0,0.0
2022-11-28T11:00:00.000,subway,607,"34 St-Herald Sq (B,D,F,M,N,Q,R,W)",Manhattan,omny,OMNY - Full Fare,873.0,9.0
2022-11-28T02:00:00.000,subway,613,"Lexington Av (N,R,W)/59 St (4,5,6)",Manhattan,omny,OMNY - Full Fare,7.0,0.0
2022-11-28T07:00:00.000,subway,309,103 St (1),Manhattan,metrocard,Metrocard - Fair Fare,13.0,0.0
2022-11-28T07:00:00.000,subway,605,"168 St (A,C,1)",Manhattan,metrocard,Metrocard - Full Fare,203.0,1.0
2022-11-28T03:00:00.000,subway,618,"14 St (A,C,E)/8 Av (L)",Manhattan,metrocard,Metrocard - Full Fare,5.0,0.0
2022-05-31T15:00:00.000,subway,397,"86 St (4,5,6)",Manhattan,metrocard,Metrocard - Unlimited 7-Day,355.0,0.0
2022-11-28T23:00:00.000,subway,309,103 St (1),Manhattan,metrocard,Metrocard - Unlimited 30-Day,8.0,0.0
2022-11-28T21:00:00.000,subway,308,Cathedral Pkwy (110 St) (1),Manhattan,metrocard,Metrocard - Seniors & Disability,4.0,0.0
2022-11-28T17:00:00.000,subway,477,72 St (Q),Manhattan,metrocard,Metrocard - Unlimited 30-Day,423.0,0.0
2022-11-28T11:00:00.000,subway,9,"57 St-7 Av (N,Q,R,W)",Manhattan,metrocard,Metrocard - Unlimited 7-Day,56.0,0.0
2022-11-28T01:00:00.000,subway,471,34 St-Hudson Yards (7),Manhattan,metrocard,Metrocard - Full Fare,3.0,0.0
2022-11-28T14:00:00.000,subway,309,103 St (1),Manhattan,metrocard,Metrocard - Full Fare,107.0,1.0
2022-05-31T11:00:00.000,subway,397,"86 St (4,5,6)",Manhattan,metrocard,Metrocard - Other,30.0,3.0
2022-11-28T17:00:00.000,subway,309,103 St (1),Manhattan,metrocard,Metrocard - Full Fare,107.0,1.0
2022-11-28T12:00:00.000,subway,307,116 St-Columbia University (1),Manhattan,omny,OMNY - Full Fare,290.0,7.0
2022-11-28T11:00:00.000,subway,601,"14 St (F,M,1,2,3)/6 Av (L)",Manhattan,metrocard,Metrocard - Unlimited 30-Day,74.0,0.0
2022-11-28T02:00:00.000,subway,612,"Lexington Av-53 St (E,M)/51 St (6)",Manhattan,metrocard,Metrocard - Unlimited 7-Day,5.0,0.0
2022-11-28T09:00:00.000,subway,309,103 St (1),Manhattan,metrocard,Metrocard - Students,19.0,0.0
2022-11-28T16:00:00.000,subway,477,72 St (Q),Manhattan,metrocard,Metrocard - Other,115.0,0.0
2022-11-28T01:00:00.000,subway,308,Cathedral Pkwy (110 St) (1),Manhattan,metrocard,Metrocard - Unlimited 30-Day,1.0,0.0
2022-11-28T11:00:00.000,subway,308,Cathedral Pkwy (110 St) (1),Manhattan,metrocard,Metrocard - Unlimited 30-Day,32.0,0.0
2022-05-31T05:00:00.000,subway,404,28 St (6),Manhattan,metrocard,Metrocard - Unlimited 30-Day,3.0,0.0
2022-11-28T19:00:00.000,subway,611,"Times Sq-42 St (N,Q,R,W,S,1,2,3,7)/42 St (A,C,E)",Manhattan,omny,OMNY - Seniors & Disability,6.0,0.0
2022-11-28T17:00:00.000,subway,619,"Broadway-Lafayette St (B,D,F,M)/Bleecker St (6)",Manhattan,omny,OMNY - Full Fare,1450.0,8.0
2022-11-28T16:00:00.000,subway,610,"Grand Central-42 St (S,4,5,6,7)",Manhattan,metrocard,Metrocard - Fair Fare,196.0,5.0
2022-11-28T21:00:00.000,subway,609,"Bryant Pk (B,D,F,M)/5 Av (7)",Manhattan,metrocard,Metrocard - Seniors & Disability,16.0,0.0
2022-11-28T15:00:00.000,subway,309,103 St (1),Manhattan,metrocard,Metrocard - Unlimited 7-Day,66.0,0.0
2022-05-31T03:00:00.000,subway,397,"86 St (4,5,6)",Manhattan,metrocard,Metrocard - Unlimited 7-Day,3.0,0.0
2022-11-28T21:00:00.000,subway,8,"5 Av/59 St (N,R,W)",Manhattan,metrocard,Metrocard - Unlimited 30-Day,26.0,0.0
2022-11-28T03:00:00.000,subway,613,"Lexington Av (N,R,W)/59 St (4,5,6)",Manhattan,metrocard,Metrocard - Full Fare,3.0,1.0
2022-11-28T11:00:00.000,subway,475,96 St (Q),Manhattan,metrocard,Metrocard - Seniors & Disability,42.0,3.0
2022-11-28T02:00:00.000,subway,611,"Times Sq-42 St (N,Q,R,W,S,1,2,3,7)/42 St (A,C,E)",Manhattan,omny,OMNY - Full Fare,92.0,0.0
2022-11-28T20:00:00.000,subway,471,34 St-Hudson Yards (7),Manhattan,metrocard,Metrocard - Full Fare,109.0,0.0
2022-05-31T17:00:00.000,subway,394,110 St (6),Manhattan,metrocard,Metrocard - Full Fare,122.0,4.0
2022-11-28T22:00:00.000,subway,613,"Lexington Av (N,R,W)/59 St (4,5,6)",Manhattan,metrocard,Metrocard - Other,27.0,1.0
2022-11-28T10:00:00.000,subway,605,"168 St (A,C,1)",Manhattan,metrocard,Metrocard - Other,42.0,0.0
2022-11-28T09:00:00.000,subway,610,"Grand Central-42 St (S,4,5,6,7)",Manhattan,omny,OMNY - Full Fare,1823.0,31.0
2022-11-28T09:00:00.000,subway,614,"59 St-Columbus Circle (A,B,C,D,1)",Manhattan,metrocard,Metrocard - Students,18.0,1.0
2022-11-28T09:00:00.000,subway,475,96 St (Q),Manhattan,metrocard,Metrocard - Seniors & Disability,54.0,9.0
2022-11-28T11:00:00.000,subway,618,"14 St (A,C,E)/8 Av (L)",Manhattan,metrocard,Metrocard - Seniors & Disability,59.0,3.0
2022-11-28T22:00:00.000,subway,309,103 St (1),Manhattan,metrocard,Metrocard - Other,2.0,0.0
2022-11-28T10:00:00.000,subway,613,"Lexington Av (N,R,W)/59 St (4,5,6)",Manhattan,omny,OMNY - Seniors & Disability,2.0,0.0
2022-11-28T13:00:00.000,subway,308,Cathedral Pkwy (110 St) (1),Manhattan,metrocard,Metrocard - Other,10.0,0.0
2022-05-31T07:00:00.000,subway,396,96 St (6),Manhattan,metrocard,Metrocard - Seniors & Disability,14.0,2.0
2022-11-28T00:00:00.000,subway,476,86 St (Q),Manhattan,omny,OMNY - Full Fare,9.0,0.0
2022-05-31T16:00:00.000,subway,394,110 St (6),Manhattan,metrocard,Metrocard - Unlimited 30-Day,60.0,0.0
2022-11-28T10:00:00.000,subway,613,"Lexington Av (N,R,W)/59 St (4,5,6)",Manhattan,metrocard,Metrocard - Unlimited 30-Day,94.0,0.0
2022-11-28T13:00:00.000,subway,619,"Broadway-Lafayette St (B,D,F,M)/Bleecker St (6)",Manhattan,metrocard,Metrocard - Students,29.0,2.0
2022-11-28T17:00:00.000,subway,477,72 St (Q),Manhattan,metrocard,Metrocard - Full Fare,750.0,9.0
2022-11-28T23:00:00.000,subway,308,Cathedral Pkwy (110 St) (1),Manhattan,omny,OMNY - Full Fare,55.0,0.0
2022-11-28T09:00:00.000,subway,611,"Times Sq-42 St (N,Q,R,W,S,1,2,3,7)/42 St (A,C,E)",Manhattan,metrocard,Metrocard - Fair Fare,84.0,0.0
2022-11-28T08:00:00.000,subway,619,"Broadway-Lafayette St (B,D,F,M)/Bleecker St (6)",Manhattan,metrocard,Metrocard - Unlimited 7-Day,36.0,0.0
2022-05-31T09:00:00.000,subway,404,28 St (6),Manhattan,metrocard,Metrocard - Other,31.0,0.0
2022-11-28T20:00:00.000,subway,601,"14 St (F,M,1,2,3)/6 Av (L)",Manhattan,omny,OMNY - Seniors & Disability,3.0,0.0
2022-11-28T00:00:00.000,subway,607,"34 St-Herald Sq (B,D,F,M,N,Q,R,W)",Manhattan,metrocard,Metrocard - Full Fare,105.0,1.0
2022-11-28T23:00:00.000,subway,611,"Times Sq-42 St (N,Q,R,W,S,1,2,3,7)/42 St (A,C,E)",Manhattan,metrocard,Metrocard - Fair Fare,66.0,1.0
2022-11-28T09:00:00.000,subway,477,72 St (Q),Manhattan,omny,OMNY - Seniors & Disability,2.0,0.0
2022-11-28T13:00:00.000,subway,8,"5 Av/59 St (N,R,W)",Manhattan,omny,OMNY - Full Fare,147.0,4.0
2022-11-28T09:00:00.000,subway,612,"Lexington Av-53 St (E,M)/51 St (6)",Manhattan,metrocard,Metrocard - Full Fare,208.0,4.0
2022-11-28T11:00:00.000,subway,612,"Lexington Av-53 St (E,M)/51 St (6)",Manhattan,omny,OMNY - Full Fare,433.0,6.0
2022-05-31T14:00:00.000,subway,398,77 St (6),Manhattan,metrocard,Metrocard - Fair Fare,30.0,0.0
2022-05-31T01:00:00.000,subway,395,103 St (6),Manhattan,metrocard,Metrocard - Unlimited 30-Day,1.0,0.0
2022-05-31T05:00:00.000,subway,403,33 St (6),Manhattan,metrocard,Metrocard - Unlimited 7-Day,4.0,0.0
2022-11-28T17:00:00.000,subway,476,86 St (Q),Manhattan,metrocard,Metrocard - Other,47.0,1.0
2022-11-28T11:00:00.000,subway,611,"Times Sq-42 St (N,Q,R,W,S,1,2,3,7)/42 St (A,C,E)",Manhattan,metrocard,Metrocard - Students,48.0,1.0
2022-11-28T18:00:00.000,subway,618,"14 St (A,C,E)/8 Av (L)",Manhattan,metrocard,Metrocard - Full Fare,427.0,10.0
2022-05-31T16:00:00.000,subway,396,96 St (6),Manhattan,metrocard,Metrocard - Other,82.0,2.0
2022-05-31T07:00:00.000,subway,398,77 St (6),Manhattan,metrocard,Metrocard - Unlimited 7-Day,38.0,0.0
2022-05-31T12:00:00.000,subway,404,28 St (6),Manhattan,metrocard,Metrocard - Seniors & Disability,19.0,0.0
2022-11-28T17:00:00.000,subway,611,"Times Sq-42 St (N,Q,R,W,S,1,2,3,7)/42 St (A,C,E)",Manhattan,metrocard,Metrocard - Unlimited 7-Day,950.0,0.0
2022-05-31T17:00:00.000,subway,398,77 St (6),Manhattan,metrocard,Metrocard - Unlimited 7-Day,272.0,0.0
2022-11-28T15:00:00.000,subway,477,72 St (Q),Manhattan,metrocard,Metrocard - Fair Fare,43.0,1.0
2022-11-28T15:00:00.000,subway,611,"Times Sq-42 St (N,Q,R,W,S,1,2,3,7)/42 St (A,C,E)",Manhattan,metrocard,Metrocard - Unlimited 30-Day,483.0,0.0
2022-05-31T13:00:00.000,subway,403,33 St (6),Manhattan,metrocard,Metrocard - Students,18.0,0.0
2022-05-31T11:00:00.000,subway,394,110 St (6),Manhattan,metrocard,Metrocard - Seniors & Disability,17.0,0.0
2022-11-28T20:00:00.000,subway,471,34 St-Hudson Yards (7),Manhattan,omny,OMNY - Full Fare,305.0,1.0
2022-05-31T19:00:00.000,subway,398,77 St (6),Manhattan,omny,OMNY - Full Fare,289.0,1.0
2022-05-31T03:00:00.000,subway,404,28 St (6),Manhattan,metrocard,Metrocard - Fair Fare,1.0,0.0
2022-05-31T14:00:00.000,subway,403,33 St (6),Manhattan,metrocard,Metrocard - Seniors & Disability,52.0,1.0
2022-11-28T02:00:00.000,subway,612,"Lexington Av-53 St (E,M)/51 St (6)",Manhattan,metrocard,Metrocard - Other,1.0,0.0
2022-05-31T05:00:00.000,subway,394,110 St (6),Manhattan,metrocard,Metrocard - Unlimited 7-Day,26.0,0.0
2022-05-31T18:00:00.000,subway,399,68 St-Hunter College (6),Manhattan,metrocard,Metrocard - Other,46.0,0.0
2022-11-28T15:00:00.000,subway,618,"14 St (A,C,E)/8 Av (L)",Manhattan,metrocard,Metrocard - Other,99.0,0.0
2022-11-28T09:00:00.000,subway,610,"Grand Central-42 St (S,4,5,6,7)",Manhattan,metrocard,Metrocard - Full Fare,1341.0,43.0
2022-11-28T09:00:00.000,subway,613,"Lexington Av (N,R,W)/59 St (4,5,6)",Manhattan,omny,OMNY - Full Fare,430.0,76.0
2022-05-31T22:00:00.000,subway,404,28 St (6),Manhattan,metrocard,Metrocard - Unlimited 30-Day,54.0,0.0
2022-11-28T17:00:00.000,subway,609,"Bryant Pk (B,D,F,M)/5 Av (7)",Manhattan,metrocard,Metrocard - Students,97.0,4.0
2022-11-28T11:00:00.000,subway,610,"Grand Central-42 St (S,4,5,6,7)",Manhattan,metrocard,Metrocard - Fair Fare,33.0,0.0
2022-11-28T21:00:00.000,subway,610,"Grand Central-42 St (S,4,5,6,7)",Manhattan,metrocard,Metrocard - Unlimited 30-Day,237.0,0.0
2022-11-28T20:00:00.000,subway,471,34 St-Hudson Yards (7),Manhattan,metrocard,Metrocard - Fair Fare,18.0,0.0
2022-11-28T15:00:00.000,subway,471,34 St-Hudson Yards (7),Manhattan,metrocard,Metrocard - Unlimited 30-Day,112.0,0.0
2022-11-28T17:00:00.000,subway,605,"168 St (A,C,1)",Manhattan,metrocard,Metrocard - Unlimited 30-Day,284.0,0.0
2022-11-28T23:00:00.000,subway,618,"14 St (A,C,E)/8 Av (L)",Manhattan,omny,OMNY - Full Fare,223.0,1.0
2022-11-28T06:00:00.000,subway,612,"Lexington Av-53 St (E,M)/51 St (6)",Manhattan,metrocard,Metrocard - Seniors & Disability,7.0,0.0
2022-11-28T16:00:00.000,subway,9,"57 St-7 Av (N,Q,R,W)",Manhattan,omny,OMNY - Seniors & Disability,2.0,0.0
2022-05-31T22:00:00.000,subway,396,96 St (6),Manhattan,omny,OMNY - Full Fare,36.0,0.0
2022-05-31T15:00:00.000,subway,398,77 St (6),Manhattan,metrocard,Metrocard - Students,137.0,1.0
2022-11-28T08:00:00.000,subway,476,86 St (Q),Manhattan,metrocard,Metrocard - Unlimited 30-Day,267.0,0.0
2022-11-28T20:00:00.000,subway,601,"14 St (F,M,1,2,3)/6 Av (L)",Manhattan,metrocard,Metrocard - Other,47.0,0.0
2022-05-31T10:00:00.000,subway,398,77 St (6),Manhattan,metrocard,Metrocard - Other,20.0,0.0
2022-11-28T14:00:00.000,subway,612,"Lexington Av-53 St (E,M)/51 St (6)",Manhattan,omny,OMNY - Seniors & Disability,1.0,0.0
2022-05-31T20:00:00.000,subway,399,68 St-Hunter College (6),Manhattan,metrocard,Metrocard - Other,15.0,0.0
2022-11-28T16:00:00.000,subway,619,"Broadway-Lafayette St (B,D,F,M)/Bleecker St (6)",Manhattan,metrocard,Metrocard - Fair Fare,51.0,1.0
2022-11-28T22:00:00.000,subway,475,96 St (Q),Manhattan,metrocard,Metrocard - Unlimited 7-Day,12.0,0.0
2022-11-28T10:00:00.000,subway,612,"Lexington Av-53 St (E,M)/51 St (6)",Manhattan,omny,OMNY - Seniors & Disability,2.0,0.0
2022-05-31T20:00:00.000,subway,403,33 St (6),Manhattan,metrocard,Metrocard - Unlimited 30-Day,90.0,0.0
2022-05-31T09:00:00.000,subway,403,33 St (6),Manhattan,metrocard,Metrocard - Fair Fare,9.0,1.0
2022-11-28T06:00:00.000,subway,611,"Times Sq-42 St (N,Q,R,W,S,1,2,3,7)/42 St (A,C,E)",Manhattan,metrocard,Metrocard - Full Fare,2390.0,34.0
2022-11-28T22:00:00.000,subway,614,"59 St-Columbus Circle (A,B,C,D,1)",Manhattan,metrocard,Metrocard - Full Fare,208.0,4.0
2022-11-28T08:00:00.000,subway,614,"59 St-Columbus Circle (A,B,C,D,1)",Manhattan,metrocard,Metrocard - Unlimited 7-Day,171.0,0.0
2022-11-28T07:00:00.000,subway,619,"Broadway-Lafayette St (B,D,F,M)/Bleecker St (6)",Manhattan,omny,OMNY - Seniors & Disability,1.0,1.0
2022-11-28T20:00:00.000,subway,9,"57 St-7 Av (N,Q,R,W)",Manhattan,metrocard,Metrocard - Unlimited 30-Day,109.0,0.0
2022-11-28T19:00:00.000,subway,609,"Bryant Pk (B,D,F,M)/5 Av (7)",Manhattan,omny,OMNY - Full Fare,1195.0,9.0
2022-11-28T13:00:00.000,subway,471,34 St-Hudson Yards (7),Manhattan,metrocard,Metrocard - Unlimited 30-Day,48.0,0.0
2022-05-31T17:00:00.000,subway,399,68 St-Hunter College (6),Manhattan,metrocard,Metrocard - Unlimited 30-Day,231.0,0.0
2022-05-31T15:00:00.000,subway,404,28 St (6),Manhattan,metrocard,Metrocard - Students,70.0,2.0
2022-05-31T10:00:00.000,subway,398,77 St (6),Manhattan,metrocard,Metrocard - Unlimited 7-Day,40.0,0.0
2022-05-31T06:00:00.000,subway,395,103 St (6),Manhattan,metrocard,Metrocard - Unlimited 7-Day,59.0,0.0
2022-05-31T10:00:00.000,subway,394,110 St (6),Manhattan,metrocard,Metrocard - Students,24.0,0.0
2022-11-28T06:00:00.000,subway,610,"Grand Central-42 St (S,4,5,6,7)",Manhattan,metrocard,Metrocard - Fair Fare,14.0,0.0
2022-05-31T13:00:00.000,subway,396,96 St (6),Manhattan,metrocard,Metrocard - Students,62.0,1.0
2022-05-31T20:00:00.000,subway,395,103 St (6),Manhattan,metrocard,Metrocard - Fair Fare,17.0,0.0
2022-05-31T05:00:00.000,subway,395,103 St (6),Manhattan,omny,OMNY - Full Fare,26.0,0.0
2022-11-28T02:00:00.000,subway,611,"Times Sq-42 St (N,Q,R,W,S,1,2,3,7)/42 St (A,C,E)",Manhattan,metrocard,Metrocard - Unlimited 30-Day,14.0,0.0
2022-11-28T07:00:00.000,subway,612,"Lexington Av-53 St (E,M)/51 St (6)",Manhattan,metrocard,Metrocard - Other,25.0,0.0
2022-05-31T10:00:00.000,subway,398,77 St (6),Manhattan,metrocard,Metrocard - Unlimited 30-Day,65.0,0.0
2022-11-28T08:00:00.000,subway,607,"34 St-Herald Sq (B,D,F,M,N,Q,R,W)",Manhattan,metrocard,Metrocard - Unlimited 7-Day,152.0,0.0
2022-11-28T20:00:00.000,subway,614,"59 St-Columbus Circle (A,B,C,D,1)",Manhattan,metrocard,Metrocard - Full Fare,408.0,10.0
2022-11-28T19:00:00.000,subway,602,"14 St-Union Sq (L,N,Q,R,W,4,5,6)",Manhattan,omny,OMNY - Seniors & Disability,1.0,0.0
2022-11-28T01:00:00.000,subway,475,96 St (Q),Manhattan,metrocard,Metrocard - Full Fare,3.0,0.0
2022-05-31T00:00:00.000,subway,396,96 St (6),Manhattan,metrocard,Metrocard - Full Fare,9.0,0.0
2022-11-28T16:00:00.000,subway,601,"14 St (F,M,1,2,3)/6 Av (L)",Manhattan,metrocard,Metrocard - Seniors & Disability,122.0,7.0
2022-11-28T15:00:00.000,subway,9,"57 St-7 Av (N,Q,R,W)",Manhattan,metrocard,Metrocard - Fair Fare,41.0,2.0
2022-11-28T15:00:00.000,subway,601,"14 St (F,M,1,2,3)/6 Av (L)",Manhattan,metrocard,Metrocard - Other,72.0,0.0
2022-05-31T01:00:00.000,subway,397,"86 St (4,5,6)",Manhattan,metrocard,Metrocard - Other,2.0,0.0
2022-11-28T08:00:00.000,subway,477,72 St (Q),Manhattan,metrocard,Metrocard - Fair Fare,18.0,0.0
2022-11-28T19:00:00.000,subway,612,"Lexington Av-53 St (E,M)/51 St (6)",Manhattan,omny,OMNY - Seniors & Disability,1.0,0.0
2022-11-28T09:00:00.000,subway,607,"34 St-Herald Sq (B,D,F,M,N,Q,R,W)",Manhattan,metrocard,Metrocard - Fair Fare,26.0,0.0
2022-11-28T10:00:00.000,subway,613,"Lexington Av (N,R,W)/59 St (4,5,6)",Manhattan,metrocard,Metrocard - Full Fare,223.0,58.0
2022-11-28T20:00:00.000,subway,602,"14 St-Union Sq (L,N,Q,R,W,4,5,6)",Manhattan,metrocard,Metrocard - Fair Fare,91.0,0.0
2022-11-28T14:00:00.000,subway,476,86 St (Q),Manhattan,metrocard,Metrocard - Fair Fare,19.0,0.0
2022-11-28T14:00:00.000,subway,9,"57 St-7 Av (N,Q,R,W)",Manhattan,metrocard,Metrocard - Unlimited 7-Day,126.0,0.0
2022-05-31T16:00:00.000,subway,399,68 St-Hunter College (6),Manhattan,metrocard,Metrocard - Fair Fare,53.0,4.0
2022-11-28T08:00:00.000,subway,308,Cathedral Pkwy (110 St) (1),Manhattan,metrocard,Metrocard - Seniors & Disability,40.0,2.0
2022-11-28T01:00:00.000,subway,476,86 St (Q),Manhattan,omny,OMNY - Full Fare,1.0,0.0
2022-05-31T13:00:00.000,subway,399,68 St-Hunter College (6),Manhattan,metrocard,Metrocard - Seniors & Disability,41.0,6.0
2022-11-28T12:00:00.000,subway,601,"14 St (F,M,1,2,3)/6 Av (L)",Manhattan,metrocard,Metrocard - Full Fare,209.0,3.0
2022-11-28T00:00:00.000,subway,610,"Grand Central-42 St (S,4,5,6,7)",Manhattan,metrocard,Metrocard - Other,18.0,0.0
2022-11-28T18:00:00.000,subway,613,"Lexington Av (N,R,W)/59 St (4,5,6)",Manhattan,metrocard,Metrocard - Students,72.0,9.0
2022-11-28T10:00:00.000,subway,610,"Grand Central-42 St (S,4,5,6,7)",Manhattan,omny,OMNY - Other,1.0,0.0
2022-11-28T20:00:00.000,subway,614,"59 St-Columbus Circle (A,B,C,D,1)",Manhattan,omny,OMNY - Seniors & Disability,8.0,0.0
2022-05-31T15:00:00.000,subway,395,103 St (6),Manhattan,metrocard,Metrocard - Unlimited 7-Day,107.0,0.0
2022-05-31T23:00:00.000,subway,398,77 St (6),Manhattan,metrocard,Metrocard - Fair Fare,13.0,1.0
2022-11-28T04:00:00.000,subway,605,"168 St (A,C,1)",Manhattan,metrocard,Metrocard - Unlimited 30-Day,20.0,0.0
2022-11-28T16:00:00.000,subway,309,103 St (1),Manhattan,metrocard,Metrocard - Seniors & Disability,30.0,0.0
2022-11-28T20:00:00.000,subway,609,"Bryant Pk (B,D,F,M)/5 Av (7)",Manhattan,metrocard,Metrocard - Unlimited 30-Day,197.0,0.0
2022-11-28T23:00:00.000,subway,610,"Grand Central-42 St (S,4,5,6,7)",Manhattan,metrocard,Metrocard - Seniors & Disability,20.0,0.0
2022-11-28T13:00:00.000,subway,614,"59 St-Columbus Circle (A,B,C,D,1)",Manhattan,metrocard,Metrocard - Unlimited 30-Day,239.0,0.0
2022-05-31T03:00:00.000,subway,395,103 St (6),Manhattan,metrocard,Metrocard - Full Fare,2.0,0.0
2022-11-28T08:00:00.000,subway,8,"5 Av/59 St (N,R,W)",Manhattan,omny,OMNY - Full Fare,62.0,10.0
2022-11-28T08:00:00.000,subway,601,"14 St (F,M,1,2,3)/6 Av (L)",Manhattan,metrocard,Metrocard - Students,74.0,2.0
2022-05-31T15:00:00.000,subway,394,110 St (6),Manhattan,metrocard,Metrocard - Unlimited 7-Day,63.0,0.0
2022-11-28T14:00:00.000,subway,613,"Lexington Av (N,R,W)/59 St (4,5,6)",Manhattan,metrocard,Metrocard - Students,256.0,7.0
2022-11-28T03:00:00.000,subway,602,"14 St-Union Sq (L,N,Q,R,W,4,5,6)",Manhattan,metrocard,Metrocard - Fair Fare,1.0,0.0
2022-11-28T14:00:00.000,subway,610,"Grand Central-42 St (S,4,5,6,7)",Manhattan,metrocard,Metrocard - Full Fare,1075.0,10.0
2022-11-28T05:00:00.000,subway,609,"Bryant Pk (B,D,F,M)/5 Av (7)",Manhattan,metrocard,Metrocard - Unlimited 30-Day,5.0,0.0
2022-11-28T00:00:00.000,subway,614,"59 St-Columbus Circle (A,B,C,D,1)",Manhattan,metrocard,Metrocard - Full Fare,59.0,1.0
2022-11-28T22:00:00.000,subway,609,"Bryant Pk (B,D,F,M)/5 Av (7)",Manhattan,metrocard,Metrocard - Full Fare,155.0,0.0
2022-05-31T03:00:00.000,subway,397,"86 St (4,5,6)",Manhattan,omny,OMNY - Full Fare,3.0,0.0
2022-11-28T11:00:00.000,subway,601,"14 St (F,M,1,2,3)/6 Av (L)",Manhattan,metrocard,Metrocard - Fair Fare,27.0,0.0
2022-11-28T11:00:00.000,subway,471,34 St-Hudson Yards (7),Manhattan,metrocard,Metrocard - Other,12.0,0.0
2022-11-28T21:00:00.000,subway,601,"14 St (F,M,1,2,3)/6 Av (L)",Manhattan,metrocard,Metrocard - Fair Fare,21.0,0.0
2022-05-31T12:00:00.000,subway,403,33 St (6),Manhattan,metrocard,Metrocard - Unlimited 30-Day,52.0,0.0
2022-11-28T18:00:00.000,subway,613,"Lexington Av (N,R,W)/59 St (4,5,6)",Manhattan,metrocard,Metrocard - Full Fare,773.0,69.0
2022-05-31T15:00:00.000,subway,395,103 St (6),Manhattan,omny,OMNY - Full Fare,212.0,0.0
2022-05-31T08:00:00.000,subway,395,103 St (6),Manhattan,metrocard,Metrocard - Seniors & Disability,16.0,1.0
2022-05-31T06:00:00.000,subway,399,68 St-Hunter College (6),Manhattan,metrocard,Metrocard - Other,5.0,0.0
2022-11-28T18:00:00.000,subway,610,"Grand Central-42 St (S,4,5,6,7)",Manhattan,omny,OMNY - Seniors & Disability,4.0,1.0
2022-11-28T20:00:00.000,subway,619,"Broadway-Lafayette St (B,D,F,M)/Bleecker St (6)",Manhattan,metrocard,Metrocard - Other,44.0,0.0
2022-05-31T01:00:00.000,subway,395,103 St (6),Manhattan,metrocard,Metrocard - Fair Fare,1.0,0.0
2022-11-28T06:00:00.000,subway,309,103 St (1),Manhattan,metrocard,Metrocard - Unlimited 7-Day,13.0,0.0
2022-05-31T19:00:00.000,subway,399,68 St-Hunter College (6),Manhattan,metrocard,Metrocard - Fair Fare,20.0,3.0
2022-11-28T09:00:00.000,subway,9,"57 St-7 Av (N,Q,R,W)",Manhattan,metrocard,Metrocard - Students,17.0,1.0
2022-11-28T06:00:00.000,subway,607,"34 St-Herald Sq (B,D,F,M,N,Q,R,W)",Manhattan,metrocard,Metrocard - Seniors & Disability,29.0,0.0
2022-05-31T15:00:00.000,subway,399,68 St-Hunter College (6),Manhattan,metrocard,Metrocard - Unlimited 7-Day,144.0,0.0
2022-11-28T13:00:00.000,subway,477,72 St (Q),Manhattan,metrocard,Metrocard - Unlimited 7-Day,45.0,0.0
2022-11-28T07:00:00.000,subway,8,"5 Av/59 St (N,R,W)",Manhattan,metrocard,Metrocard - Unlimited 7-Day,10.0,0.0
2022-11-28T14:00:00.000,subway,475,96 St (Q),Manhattan,metrocard,Metrocard - Other,48.0,1.0
2022-11-28T22:00:00.000,subway,476,86 St (Q),Manhattan,metrocard,Metrocard - Full Fare,34.0,0.0
2022-11-28T21:00:00.000,subway,614,"59 St-Columbus Circle (A,B,C,D,1)",Manhattan,metrocard,Metrocard - Unlimited 7-Day,199.0,0.0
2022-11-28T06:00:00.000,subway,607,"34 St-Herald Sq (B,D,F,M,N,Q,R,W)",Manhattan,metrocard,Metrocard - Students,14.0,0.0
2022-11-28T12:00:00.000,subway,613,"Lexington Av (N,R,W)/59 St (4,5,6)",Manhattan,omny,OMNY - Full Fare,437.0,98.0
2022-11-28T07:00:00.000,subway,618,"14 St (A,C,E)/8 Av (L)",Manhattan,metrocard,Metrocard - Other,43.0,0.0
2022-05-31T18:00:00.000,subway,403,33 St (6),Manhattan,metrocard,Metrocard - Other,48.0,1.0
2022-11-28T12:00:00.000,subway,610,"Grand Central-42 St (S,4,5,6,7)",Manhattan,metrocard,Metrocard - Other,121.0,0.0
2022-11-28T07:00:00.000,subway,613,"Lexington Av (N,R,W)/59 St (4,5,6)",Manhattan,metrocard,Metrocard - Other,43.0,2.0
2022-11-28T07:00:00.000,subway,618,"14 St (A,C,E)/8 Av (L)",Manhattan,metrocard,Metrocard - Unlimited 30-Day,54.0,0.0
2022-05-31T23:00:00.000,subway,396,96 St (6),Manhattan,metrocard,Metrocard - Full Fare,42.0,5.0
2022-11-28T23:00:00.000,subway,602,"14 St-Union Sq (L,N,Q,R,W,4,5,6)",Manhattan,metrocard,Metrocard - Unlimited 30-Day,115.0,0.0
2022-05-31T12:00:00.000,subway,404,28 St (6),Manhattan,omny,OMNY - Full Fare,180.0,2.0
2022-11-28T03:00:00.000,subway,612,"Lexington Av-53 St (E,M)/51 St (6)",Manhattan,metrocard,Metrocard - Full Fare,4.0,0.0
2022-11-28T21:00:00.000,subway,475,96 St (Q),Manhattan,metrocard,Metrocard - Seniors & Disability,4.0,0.0
2022-11-28T16:00:00.000,subway,475,96 St (Q),Manhattan,metrocard,Metrocard - Unlimited 30-Day,132.0,0.0
2022-11-28T00:00:00.000,subway,471,34 St-Hudson Yards (7),Manhattan,metrocard,Metrocard - Unlimited 30-Day,10.0,0.0
2022-11-28T00:00:00.000,subway,618,"14 St (A,C,E)/8 Av (L)",Manhattan,metrocard,Metrocard - Unlimited 7-Day,40.0,0.0
2022-11-28T10:00:00.000,subway,613,"Lexington Av (N,R,W)/59 St (4,5,6)",Manhattan,metrocard,Metrocard - Fair Fare,28.0,10.0
2022-11-28T15:00:00.000,subway,9,"57 St-7 Av (N,Q,R,W)",Manhattan,metrocard,Metrocard - Other,77.0,0.0
2022-11-28T09:00:00.000,subway,471,34 St-Hudson Yards (7),Manhattan,metrocard,Metrocard - Other,23.0,0.0
2022-11-28T06:00:00.000,subway,612,"Lexington Av-53 St (E,M)/51 St (6)",Manhattan,metrocard,Metrocard - Unlimited 30-Day,37.0,0.0
2022-11-28T17:00:00.000,subway,613,"Lexington Av (N,R,W)/59 St (4,5,6)",Manhattan,omny,OMNY - Full Fare,2340.0,119.0
2022-11-28T16:00:00.000,subway,612,"Lexington Av-53 St (E,M)/51 St (6)",Manhattan,omny,OMNY - Full Fare,1624.0,14.0
2022-05-31T19:00:00.000,subway,398,77 St (6),Manhattan,metrocard,Metrocard - Full Fare,226.0,7.0
2022-11-28T11:00:00.000,subway,477,72 St (Q),Manhattan,metrocard,Metrocard - Full Fare,141.0,3.0
2022-11-28T03:00:00.000,subway,609,"Bryant Pk (B,D,F,M)/5 Av (7)",Manhattan,metrocard,Metrocard - Unlimited 7-Day,7.0,0.0
2022-11-28T11:00:00.000,subway,605,"168 St (A,C,1)",Manhattan,metrocard,Metrocard - Unlimited 7-Day,80.0,0.0
2022-11-28T05:00:00.000,subway,610,"Grand Central-42 St (S,4,5,6,7)",Manhattan,omny,OMNY - Full Fare,165.0,2.0
2022-11-28T19:00:00.000,subway,601,"14 St (F,M,1,2,3)/6 Av (L)",Manhattan,metrocard,Metrocard - Unlimited 30-Day,225.0,0.0
2022-11-28T16:00:00.000,subway,614,"59 St-Columbus Circle (A,B,C,D,1)",Manhattan,metrocard,Metrocard - Other,245.0,2.0
2022-11-28T12:00:00.000,subway,611,"Times Sq-42 St (N,Q,R,W,S,1,2,3,7)/42 St (A,C,E)",Manhattan,metrocard,Metrocard - Seniors & Disability,204.0,10.0
2022-11-28T15:00:00.000,subway,476,86 St (Q),Manhattan,metrocard,Metrocard - Unlimited 30-Day,107.0,0.0
2022-11-28T01:00:00.000,subway,601,"14 St (F,M,1,2,3)/6 Av (L)",Manhattan,omny,OMNY - Full Fare,24.0,0.0
2022-05-31T13:00:00.000,subway,399,68 St-Hunter College (6),Manhattan,omny,OMNY - Full Fare,182.0,3.0
2022-05-31T16:00:00.000,subway,397,"86 St (4,5,6)",Manhattan,metrocard,Metrocard - Seniors & Disability,128.0,16.0
2022-11-28T08:00:00.000,subway,619,"Broadway-Lafayette St (B,D,F,M)/Bleecker St (6)",Manhattan,metrocard,Metrocard - Other,38.0,0.0
2022-05-31T10:00:00.000,subway,399,68 St-Hunter College (6),Manhattan,metrocard,Metrocard - Seniors & Disability,37.0,2.0
2022-05-31T20:00:00.000,subway,398,77 St (6),Manhattan,metrocard,Metrocard - Seniors & Disability,22.0,0.0
2022-11-28T22:00:00.000,subway,618,"14 St (A,C,E)/8 Av (L)",Manhattan,metrocard,Metrocard - Fair Fare,13.0,0.0
2022-05-31T11:00:00.000,subway,399,68 St-Hunter College (6),Manhattan,metrocard,Metrocard - Full Fare,135.0,5.0
2022-11-28T15:00:00.000,subway,602,"14 St-Union Sq (L,N,Q,R,W,4,5,6)",Manhattan,metrocard,Metrocard - Full Fare,1091.0,37.0
2022-11-28T13:00:00.000,subway,601,"14 St (F,M,1,2,3)/6 Av (L)",Manhattan,metrocard,Metrocard - Students,45.0,1.0
2022-05-31T23:00:00.000,subway,398,77 St (6),Manhattan,metrocard,Metrocard - Unlimited 30-Day,33.0,0.0
2022-11-28T14:00:00.000,subway,602,"14 St-Union Sq (L,N,Q,R,W,4,5,6)",Manhattan,omny,OMNY - Seniors & Disability,5.0,0.0
2022-11-28T07:00:00.000,subway,475,96 St (Q),Manhattan,metrocard,Metrocard - Fair Fare,34.0,2.0
2022-11-28T13:00:00.000,subway,476,86 St (Q),Manhattan,omny,OMNY - Full Fare,224.0,3.0
2022-11-28T02:00:00.000,subway,477,72 St (Q),Manhattan,metrocard,Metrocard - Unlimited 7-Day,1.0,0.0
2022-11-28T17:00:00.000,subway,618,"14 St (A,C,E)/8 Av (L)",Manhattan,metrocard,Metrocard - Students,133.0,1.0
2022-05-31T20:00:00.000,subway,395,103 St (6),Manhattan,metrocard,Metrocard - Full Fare,50.0,2.0
2022-05-31T18:00:00.000,subway,404,28 St (6),Manhattan,metrocard,Metrocard - Other,61.0,0.0
2022-11-28T08:00:00.000,subway,601,"14 St (F,M,1,2,3)/6 Av (L)",Manhattan,metrocard,Metrocard - Other,71.0,0.0
2022-11-28T21:00:00.000,subway,619,"Broadway-Lafayette St (B,D,F,M)/Bleecker St (6)",Manhattan,metrocard,Metrocard - Other,26.0,0.0
2022-11-28T21:00:00.000,subway,471,34 St-Hudson Yards (7),Manhattan,metrocard,Metrocard - Seniors & Disability,5.0,1.0
2022-11-28T04:00:00.000,subway,610,"Grand Central-42 St (S,4,5,6,7)",Manhattan,metrocard,Metrocard - Unlimited 30-Day,5.0,0.0
2022-05-31T10:00:00.000,subway,397,"86 St (4,5,6)",Manhattan,metrocard,Metrocard - Unlimited 7-Day,73.0,0.0
2022-11-28T06:00:00.000,subway,308,Cathedral Pkwy (110 St) (1),Manhattan,metrocard,Metrocard - Unlimited 30-Day,19.0,0.0
2022-11-28T03:00:00.000,subway,308,Cathedral Pkwy (110 St) (1),Manhattan,metrocard,Metrocard - Full Fare,1.0,0.0
2022-05-31T13:00:00.000,subway,396,96 St (6),Manhattan,omny,OMNY - Full Fare,153.0,2.0
2022-11-28T15:00:00.000,subway,611,"Times Sq-42 St (N,Q,R,W,S,1,2,3,7)/42 St (A,C,E)",Manhattan,metrocard,Metrocard - Seniors & Disability,249.0,13.0
2022-11-28T23:00:00.000,subway,307,116 St-Columbia University (1),Manhattan,omny,OMNY - Full Fare,66.0,0.0
2022-11-28T09:00:00.000,subway,611,"Times Sq-42 St (N,Q,R,W,S,1,2,3,7)/42 St (A,C,E)",Manhattan,metrocard,Metrocard - Full Fare,2000.0,20.0
2022-11-28T13:00:00.000,subway,611,"Times Sq-42 St (N,Q,R,W,S,1,2,3,7)/42 St (A,C,E)",Manhattan,metrocard,Metrocard - Seniors & Disability,203.0,8.0
2022-05-31T15:00:00.000,subway,398,77 St (6),Manhattan,metrocard,Metrocard - Seniors & Disability,87.0,8.0
2022-05-31T01:00:00.000,subway,395,103 St (6),Manhattan,metrocard,Metrocard - Students,2.0,0.0
2022-11-28T09:00:00.000,subway,475,96 St (Q),Manhattan,metrocard,Metrocard - Other,37.0,1.0
2022-11-28T19:00:00.000,subway,605,"168 St (A,C,1)",Manhattan,omny,OMNY - Full Fare,356.0,0.0
2022-05-31T22:00:00.000,subway,404,28 St (6),Manhattan,omny,OMNY - Full Fare,123.0,0.0
2022-11-28T05:00:00.000,subway,477,72 St (Q),Manhattan,metrocard,Metrocard - Other,1.0,0.0
2022-11-28T22:00:00.000,subway,611,"Times Sq-42 St (N,Q,R,W,S,1,2,3,7)/42 St (A,C,E)",Manhattan,metrocard,Metrocard - Other,127.0,0.0
2022-11-28T19:00:00.000,subway,602,"14 St-Union Sq (L,N,Q,R,W,4,5,6)",Manhattan,metrocard,Metrocard - Seniors & Disability,78.0,6.0
2022-11-28T03:00:00.000,subway,609,"Bryant Pk (B,D,F,M)/5 Av (7)",Manhattan,metrocard,Metrocard - Full Fare,6.0,0.0
2022-11-28T01:00:00.000,subway,610,"Grand Central-42 St (S,4,5,6,7)",Manhattan,metrocard,Metrocard - Unlimited 7-Day,17.0,0.0
2022-11-28T14:00:00.000,subway,605,"168 St (A,C,1)",Manhattan,metrocard,Metrocard - Fair Fare,59.0,0.0
2022-11-28T12:00:00.000,subway,605,"168 St (A,C,1)",Manhattan,metrocard,Metrocard - Full Fare,133.0,0.0
2022-11-28T11:00:00.000,subway,607,"34 St-Herald Sq (B,D,F,M,N,Q,R,W)",Manhattan,metrocard,Metrocard - Other,93.0,0.0
2022-11-28T14:00:00.000,subway,308,Cathedral Pkwy (110 St) (1),Manhattan,metrocard,Metrocard - Unlimited 7-Day,45.0,0.0
2022-11-28T11:00:00.000,subway,308,Cathedral Pkwy (110 St) (1),Manhattan,omny,OMNY - Seniors & Disability,3.0,0.0
2022-05-31T10:00:00.000,subway,397,"86 St (4,5,6)",Manhattan,omny,OMNY - Full Fare,308.0,6.0
2022-11-28T04:00:00.000,subway,607,"34 St-Herald Sq (B,D,F,M,N,Q,R,W)",Manhattan,omny,OMNY - Full Fare,19.0,0.0
2022-11-28T20:00:00.000,subway,8,"5 Av/59 St (N,R,W)",Manhattan,metrocard,Metrocard - Students,5.0,0.0
2022-11-28T19:00:00.000,subway,477,72 St (Q),Manhattan,metrocard,Metrocard - Students,16.0,0.0
2022-05-31T00:00:00.000,subway,404,28 St (6),Manhattan,metrocard,Metrocard - Full Fare,15.0,0.0
2022-05-31T13:00:00.000,subway,394,110 St (6),Manhattan,metrocard,Metrocard - Full Fare,59.0,0.0
2022-11-28T00:00:00.000,subway,308,Cathedral Pkwy (110 St) (1),Manhattan,metrocard,Metrocard - Other,3.0,0.0
2022-11-28T08:00:00.000,subway,9,"57 St-7 Av (N,Q,R,W)",Manhattan,metrocard,Metrocard - Students,52.0,8.0
2022-11-28T14:00:00.000,subway,8,"5 Av/59 St (N,R,W)",Manhattan,metrocard,Metrocard - Other,17.0,0.0
2022-11-28T20:00:00.000,subway,619,"Broadway-Lafayette St (B,D,F,M)/Bleecker St (6)",Manhattan,metrocard,Metrocard - Fair Fare,29.0,0.0
2022-05-31T13:00:00.000,subway,395,103 St (6),Manhattan,metrocard,Metrocard - Unlimited 30-Day,37.0,0.0
2022-11-28T18:00:00.000,subway,308,Cathedral Pkwy (110 St) (1),Manhattan,metrocard,Metrocard - Full Fare,95.0,3.0
2022-11-28T22:00:00.000,subway,476,86 St (Q),Manhattan,metrocard,Metrocard - Seniors & Disability,6.0,0.0
2022-11-28T10:00:00.000,subway,9,"57 St-7 Av (N,Q,R,W)",Manhattan,metrocard,Metrocard - Other,25.0,1.0
2022-05-31T01:00:00.000,subway,403,33 St (6),Manhattan,metrocard,Metrocard - Unlimited 30-Day,4.0,0.0
2022-05-31T08:00:00.000,subway,396,96 St (6),Manhattan,metrocard,Metrocard - Full Fare,224.0,17.0
2022-11-28T18:00:00.000,subway,613,"Lexington Av (N,R,W)/59 St (4,5,6)",Manhattan,metrocard,Metrocard - Unlimited 7-Day,290.0,0.0
2022-05-31T12:00:00.000,subway,395,103 St (6),Manhattan,metrocard,Metrocard - Other,18.0,0.0
2022-11-28T00:00:00.000,subway,601,"14 St (F,M,1,2,3)/6 Av (L)",Manhattan,metrocard,Metrocard - Full Fare,25.0,0.0
2022-11-28T06:00:00.000,subway,308,Cathedral Pkwy (110 St) (1),Manhattan,omny,OMNY - Full Fare,47.0,0.0
2022-11-28T13:00:00.000,subway,602,"14 St-Union Sq (L,N,Q,R,W,4,5,6)",Manhattan,metrocard,Metrocard - Other,157.0,2.0
2022-11-28T04:00:00.000,subway,607,"34 St-Herald Sq (B,D,F,M,N,Q,R,W)",Manhattan,metrocard,Metrocard - Seniors & Disability,3.0,0.0
2022-11-28T10:00:00.000,subway,601,"14 St (F,M,1,2,3)/6 Av (L)",Manhattan,metrocard,Metrocard - Unlimited 7-Day,70.0,0.0
2022-11-28T10:00:00.000,subway,309,103 St (1),Manhattan,metrocard,Metrocard - Seniors & Disability,54.0,0.0
2022-05-31T08:00:00.000,subway,397,"86 St (4,5,6)",Manhattan,metrocard,Metrocard - Full Fare,508.0,34.0
2022-11-28T17:00:00.000,subway,613,"Lexington Av (N,R,W)/59 St (4,5,6)",Manhattan,metrocard,Metrocard - Unlimited 30-Day,597.0,0.0
2022-11-28T23:00:00.000,subway,471,34 St-Hudson Yards (7),Manhattan,metrocard,Metrocard - Seniors & Disability,5.0,0.0
2022-11-28T08:00:00.000,subway,619,"Broadway-Lafayette St (B,D,F,M)/Bleecker St (6)",Manhattan,omny,OMNY - Full Fare,646.0,9.0
2022-05-31T21:00:00.000,subway,397,"86 St (4,5,6)",Manhattan,metrocard,Metrocard - Seniors & Disability,14.0,0.0
2022-11-28T08:00:00.000,subway,476,86 St (Q),Manhattan,omny,OMNY - Full Fare,1198.0,17.0
2022-11-28T12:00:00.000,subway,475,96 St (Q),Manhattan,metrocard,Metrocard - Fair Fare,27.0,2.0
2022-11-28T16:00:00.000,subway,610,"Grand Central-42 St (S,4,5,6,7)",Manhattan,metrocard,Metrocard - Unlimited 7-Day,573.0,0.0
2022-11-28T22:00:00.000,subway,613,"Lexington Av (N,R,W)/59 St (4,5,6)",Manhattan,metrocard,Metrocard - Seniors & Disability,20.0,2.0
2022-05-31T22:00:00.000,subway,395,103 St (6),Manhattan,omny,OMNY - Full Fare,25.0,0.0
2022-11-28T08:00:00.000,subway,602,"14 St-Union Sq (L,N,Q,R,W,4,5,6)",Manhattan,metrocard,Metrocard - Other,113.0,2.0
2022-11-28T19:00:00.000,subway,607,"34 St-Herald Sq (B,D,F,M,N,Q,R,W)",Manhattan,metrocard,Metrocard - Students,91.0,0.0
2022-11-28T17:00:00.000,subway,9,"57 St-7 Av (N,Q,R,W)",Manhattan,omny,OMNY - Full Fare,1391.0,19.0
2022-11-28T18:00:00.000,subway,614,"59 St-Columbus Circle (A,B,C,D,1)",Manhattan,metrocard,Metrocard - Students,139.0,4.0
2022-05-31T15:00:00.000,subway,397,"86 St (4,5,6)",Manhattan,metrocard,Metrocard - Students,341.0,19.0
2022-11-28T22:00:00.000,subway,612,"Lexington Av-53 St (E,M)/51 St (6)",Manhattan,metrocard,Metrocard - Fair Fare,16.0,2.0
2022-11-28T16:00:00.000,subway,477,72 St (Q),Manhattan,metrocard,Metrocard - Seniors & Disability,96.0,3.0
2022-05-31T13:00:00.000,subway,403,33 St (6),Manhattan,omny,OMNY - Full Fare,249.0,7.0
2022-11-28T06:00:00.000,subway,611,"Times Sq-42 St (N,Q,R,W,S,1,2,3,7)/42 St (A,C,E)",Manhattan,metrocard,Metrocard - Students,84.0,0.0
2022-05-31T07:00:00.000,subway,396,96 St (6),Manhattan,omny,OMNY - Full Fare,238.0,6.0
2022-05-31T21:00:00.000,subway,404,28 St (6),Manhattan,metrocard,Metrocard - Fair Fare,13.0,0.0
2022-11-28T05:00:00.000,subway,614,"59 St-Columbus Circle (A,B,C,D,1)",Manhattan,metrocard,Metrocard - Full Fare,26.0,1.0
2022-11-28T08:00:00.000,subway,613,"Lexington Av (N,R,W)/59 St (4,5,6)",Manhattan,metrocard,Metrocard - Unlimited 7-Day,114.0,0.0
2022-05-31T09:00:00.000,subway,403,33 St (6),Manhattan,metrocard,Metrocard - Full Fare,169.0,20.0
2022-11-28T20:00:00.000,subway,610,"Grand Central-42 St (S,4,5,6,7)",Manhattan,omny,OMNY - Full Fare,1335.0,10.0
2022-11-28T08:00:00.000,subway,605,"168 St (A,C,1)",Manhattan,omny,OMNY - Full Fare,417.0,3.0
2022-11-28T01:00:00.000,subway,9,"57 St-7 Av (N,Q,R,W)",Manhattan,metrocard,Metrocard - Full Fare,7.0,0.0
2022-05-31T13:00:00.000,subway,395,103 St (6),Manhattan,metrocard,Metrocard - Fair Fare,32.0,0.0
2022-11-28T12:00:00.000,subway,609,"Bryant Pk (B,D,F,M)/5 Av (7)",Manhattan,omny,OMNY - Full Fare,410.0,5.0
2022-11-28T14:00:00.000,subway,611,"Times Sq-42 St (N,Q,R,W,S,1,2,3,7)/42 St (A,C,E)",Manhattan,metrocard,Metrocard - Full Fare,1304.0,11.0
2022-11-28T19:00:00.000,subway,613,"Lexington Av (N,R,W)/59 St (4,5,6)",Manhattan,metrocard,Metrocard - Fair Fare,64.0,4.0
2022-11-28T09:00:00.000,subway,610,"Grand Central-42 St (S,4,5,6,7)",Manhattan,metrocard,Metrocard - Seniors & Disability,116.0,6.0
2022-11-28T07:00:00.000,subway,614,"59 St-Columbus Circle (A,B,C,D,1)",Manhattan,omny,OMNY - Full Fare,455.0,19.0
2022-11-28T09:00:00.000,subway,614,"59 St-Columbus Circle (A,B,C,D,1)",Manhattan,metrocard,Metrocard - Other,69.0,0.0
2022-11-28T14:00:00.000,subway,471,34 St-Hudson Yards (7),Manhattan,metrocard,Metrocard - Full Fare,269.0,1.0
2022-11-28T13:00:00.000,subway,610,"Grand Central-42 St (S,4,5,6,7)",Manhattan,metrocard,Metrocard - Students,33.0,2.0
2022-11-28T16:00:00.000,subway,476,86 St (Q),Manhattan,metrocard,Metrocard - Students,50.0,0.0
2022-11-28T20:00:00.000,subway,477,72 St (Q),Manhattan,metrocard,Metrocard - Other,18.0,0.0
2022-05-31T04:00:00.000,subway,396,96 St (6),Manhattan,metrocard,Metrocard - Other,2.0,0.0
2022-11-28T04:00:00.000,subway,308,Cathedral Pkwy (110 St) (1),Manhattan,metrocard,Metrocard - Seniors & Disability,5.0,0.0
2022-05-31T03:00:00.000,subway,398,77 St (6),Manhattan,metrocard,Metrocard - Unlimited 7-Day,2.0,0.0
2022-11-28T12:00:00.000,subway,614,"59 St-Columbus Circle (A,B,C,D,1)",Manhattan,metrocard,Metrocard - Fair Fare,72.0,3.0
2022-11-28T07:00:00.000,subway,308,Cathedral Pkwy (110 St) (1),Manhattan,metrocard,Metrocard - Students,103.0,1.0
2022-05-31T23:00:00.000,subway,395,103 St (6),Manhattan,metrocard,Metrocard - Fair Fare,9.0,0.0
2022-11-28T10:00:00.000,subway,618,"14 St (A,C,E)/8 Av (L)",Manhattan,metrocard,Metrocard - Fair Fare,23.0,3.0
2022-11-28T21:00:00.000,subway,475,96 St (Q),Manhattan,metrocard,Metrocard - Full Fare,31.0,3.0
2022-11-28T21:00:00.000,subway,477,72 St (Q),Manhattan,metrocard,Metrocard - Unlimited 30-Day,70.0,0.0
2022-11-28T00:00:00.000,subway,602,"14 St-Union Sq (L,N,Q,R,W,4,5,6)",Manhattan,metrocard,Metrocard - Full Fare,68.0,3.0
2022-11-28T14:00:00.000,subway,602,"14 St-Union Sq (L,N,Q,R,W,4,5,6)",Manhattan,metrocard,Metrocard - Fair Fare,112.0,3.0
2022-11-28T08:00:00.000,subway,309,103 St (1),Manhattan,metrocard,Metrocard - Other,24.0,0.0
2022-11-28T00:00:00.000,subway,309,103 St (1),Manhattan,metrocard,Metrocard - Full Fare,8.0,0.0
2022-11-28T15:00:00.000,subway,471,34 St-Hudson Yards (7),Manhattan,omny,OMNY - Full Fare,621.0,1.0
2022-05-31T10:00:00.000,subway,398,77 St (6),Manhattan,metrocard,Metrocard - Fair Fare,8.0,0.0
2022-05-31T01:00:00.000,subway,394,110 St (6),Manhattan,omny,OMNY - Full Fare,1.0,0.0
2022-11-28T23:00:00.000,subway,475,96 St (Q),Manhattan,metrocard,Metrocard - Full Fare,19.0,1.0
2022-11-28T19:00:00.000,subway,309,103 St (1),Manhattan,metrocard,Metrocard - Unlimited 30-Day,44.0,0.0
2022-11-28T15:00:00.000,subway,8,"5 Av/59 St (N,R,W)",Manhattan,metrocard,Metrocard - Students,19.0,0.0
2022-11-28T14:00:00.000,subway,614,"59 St-Columbus Circle (A,B,C,D,1)",Manhattan,metrocard,Metrocard - Fair Fare,77.0,3.0
2022-11-28T13:00:00.000,subway,612,"Lexington Av-53 St (E,M)/51 St (6)",Manhattan,metrocard,Metrocard - Seniors & Disability,87.0,2.0
2022-05-31T08:00:00.000,subway,396,96 St (6),Manhattan,metrocard,Metrocard - Students,57.0,6.0
2022-11-28T12:00:00.000,subway,614,"59 St-Columbus Circle (A,B,C,D,1)",Manhattan,omny,OMNY - Full Fare,809.0,10.0
2022-11-28T02:00:00.000,subway,471,34 St-Hudson Yards (7),Manhattan,metrocard,Metrocard - Unlimited 7-Day,1.0,0.0
2022-11-28T11:00:00.000,subway,477,72 St (Q),Manhattan,metrocard,Metrocard - Unlimited 30-Day,59.0,0.0
2022-05-31T10:00:00.000,subway,403,33 St (6),Manhattan,omny,OMNY - Full Fare,243.0,10.0
2022-11-28T11:00:00.000,subway,609,"Bryant Pk (B,D,F,M)/5 Av (7)",Manhattan,metrocard,Metrocard - Seniors & Disability,36.0,3.0
2022-11-28T02:00:00.000,subway,9,"57 St-7 Av (N,Q,R,W)",Manhattan,omny,OMNY - Full Fare,10.0,0.0
2022-11-28T06:00:00.000,subway,607,"34 St-Herald Sq (B,D,F,M,N,Q,R,W)",Manhattan,metrocard,Metrocard - Fair Fare,13.0,0.0
2022-11-28T12:00:00.000,subway,475,96 St (Q),Manhattan,metrocard,Metrocard - Students,13.0,0.0
2022-11-28T02:00:00.000,subway,471,34 St-Hudson Yards (7),Manhattan,omny,OMNY - Full Fare,12.0,0.0
2022-05-31T10:00:00.000,subway,396,96 St (6),Manhattan,metrocard,Metrocard - Unlimited 7-Day,20.0,0.0
2022-11-28T20:00:00.000,subway,619,"Broadway-Lafayette St (B,D,F,M)/Bleecker St (6)",Manhattan,metrocard,Metrocard - Seniors & Disability,12.0,0.0
2022-11-28T16:00:00.000,subway,607,"34 St-Herald Sq (B,D,F,M,N,Q,R,W)",Manhattan,metrocard,Metrocard - Fair Fare,201.0,2.0
2022-11-28T12:00:00.000,subway,618,"14 St (A,C,E)/8 Av (L)",Manhattan,omny,OMNY - Full Fare,367.0,0.0
2022-05-31T08:00:00.000,subway,404,28 St (6),Manhattan,metrocard,Metrocard - Unlimited 7-Day,37.0,0.0
2022-05-31T18:00:00.000,subway,394,110 St (6),Manhattan,metrocard,Metrocard - Students,15.0,0.0
2022-11-28T11:00:00.000,subway,309,103 St (1),Manhattan,metrocard,Metrocard - Unlimited 7-Day,45.0,0.0
2022-11-28T18:00:00.000,subway,308,Cathedral Pkwy (110 St) (1),Manhattan,metrocard,Metrocard - Students,18.0,3.0
2022-11-28T11:00:00.000,subway,8,"5 Av/59 St (N,R,W)",Manhattan,metrocard,Metrocard - Full Fare,55.0,0.0
2022-11-28T19:00:00.000,subway,610,"Grand Central-42 St (S,4,5,6,7)",Manhattan,metrocard,Metrocard - Seniors & Disability,93.0,2.0
2022-05-31T09:00:00.000,subway,397,"86 St (4,5,6)",Manhattan,metrocard,Metrocard - Unlimited 30-Day,159.0,0.0
2022-11-28T08:00:00.000,subway,605,"168 St (A,C,1)",Manhattan,metrocard,Metrocard - Fair Fare,71.0,4.0
2022-11-28T13:00:00.000,subway,619,"Broadway-Lafayette St (B,D,F,M)/Bleecker St (6)",Manhattan,metrocard,Metrocard - Full Fare,224.0,2.0
2022-11-28T08:00:00.000,subway,605,"168 St (A,C,1)",Manhattan,metrocard,Metrocard - Seniors & Disability,31.0,2.0
2022-05-31T11:00:00.000,subway,405,23 St (6),Manhattan,metrocard,Metrocard - Fair Fare,13.0,1.0
2022-11-28T22:00:00.000,subway,477,72 St (Q),Manhattan,metrocard,Metrocard - Seniors & Disability,8.0,1.0
2022-11-28T15:00:00.000,subway,614,"59 St-Columbus Circle (A,B,C,D,1)",Manhattan,metrocard,Metrocard - Full Fare,940.0,34.0
2022-11-28T15:00:00.000,subway,475,96 St (Q),Manhattan,metrocard,Metrocard - Unlimited 7-Day,66.0,0.0
2022-11-28T05:00:00.000,subway,611,"Times Sq-42 St (N,Q,R,W,S,1,2,3,7)/42 St (A,C,E)",Manhattan,metrocard,Metrocard - Fair Fare,15.0,0.0
2022-11-28T22:00:00.000,subway,607,"34 St-Herald Sq (B,D,F,M,N,Q,R,W)",Manhattan,metrocard,Metrocard - Full Fare,309.0,2.0
2022-11-28T05:00:00.000,subway,601,"14 St (F,M,1,2,3)/6 Av (L)",Manhattan,metrocard,Metrocard - Other,12.0,0.0
2022-05-31T15:00:00.000,subway,394,110 St (6),Manhattan,metrocard,Metrocard - Students,87.0,0.0
2022-11-28T17:00:00.000,subway,8,"5 Av/59 St (N,R,W)",Manhattan,omny,OMNY - Full Fare,771.0,21.0
2022-11-28T14:00:00.000,subway,609,"Bryant Pk (B,D,F,M)/5 Av (7)",Manhattan,metrocard,Metrocard - Seniors & Disability,77.0,5.0
2022-11-28T05:00:00.000,subway,610,"Grand Central-42 St (S,4,5,6,7)",Manhattan,metrocard,Metrocard - Other,75.0,0.0
2022-11-28T17:00:00.000,subway,308,Cathedral Pkwy (110 St) (1),Manhattan,metrocard,Metrocard - Other,16.0,0.0
2022-05-31T02:00:00.000,subway,395,103 St (6),Manhattan,omny,OMNY - Full Fare,3.0,0.0
2022-11-28T14:00:00.000,subway,610,"Grand Central-42 St (S,4,5,6,7)",Manhattan,metrocard,Metrocard - Seniors & Disability,226.0,9.0
2022-11-28T01:00:00.000,subway,605,"168 St (A,C,1)",Manhattan,metrocard,Metrocard - Unlimited 7-Day,7.0,0.0
2022-11-28T14:00:00.000,subway,601,"14 St (F,M,1,2,3)/6 Av (L)",Manhattan,omny,OMNY - Seniors & Disability,5.0,0.0
2022-11-28T07:00:00.000,subway,9,"57 St-7 Av (N,Q,R,W)",Manhattan,omny,OMNY - Full Fare,156.0,14.0
2022-11-28T19:00:00.000,subway,477,72 St (Q),Manhattan,metrocard,Metrocard - Fair Fare,22.0,0.0
2022-11-28T15:00:00.000,subway,471,34 St-Hudson Yards (7),Manhattan,metrocard,Metrocard - Students,42.0,0.0
2022-11-28T15:00:00.000,subway,618,"14 St (A,C,E)/8 Av (L)",Manhattan,metrocard,Metrocard - Unlimited 7-Day,394.0,0.0
2022-11-28T02:00:00.000,subway,9,"57 St-7 Av (N,Q,R,W)",Manhattan,metrocard,Metrocard - Unlimited 30-Day,1.0,0.0
2022-11-28T06:00:00.000,subway,309,103 St (1),Manhattan,metrocard,Metrocard - Unlimited 30-Day,32.0,0.0
2022-05-31T09:00:00.000,subway,403,33 St (6),Manhattan,metrocard,Metrocard - Students,4.0,0.0
2022-11-28T13:00:00.000,subway,612,"Lexington Av-53 St (E,M)/51 St (6)",Manhattan,metrocard,Metrocard - Full Fare,315.0,0.0
2022-11-28T03:00:00.000,subway,611,"Times Sq-42 St (N,Q,R,W,S,1,2,3,7)/42 St (A,C,E)",Manhattan,metrocard,Metrocard - Unlimited 7-Day,32.0,0.0
2022-11-28T07:00:00.000,subway,614,"59 St-Columbus Circle (A,B,C,D,1)",Manhattan,metrocard,Metrocard - Fair Fare,33.0,0.0
2022-05-31T12:00:00.000,subway,399,68 St-Hunter College (6),Manhattan,metrocard,Metrocard - Students,39.0,2.0
2022-05-31T06:00:00.000,subway,395,103 St (6),Manhattan,metrocard,Metrocard - Unlimited 30-Day,38.0,0.0
2022-05-31T01:00:00.000,subway,399,68 St-Hunter College (6),Manhattan,metrocard,Metrocard - Unlimited 30-Day,2.0,0.0
2022-05-31T00:00:00.000,subway,397,"86 St (4,5,6)",Manhattan,metrocard,Metrocard - Unlimited 7-Day,26.0,0.0
2022-11-28T10:00:00.000,subway,8,"5 Av/59 St (N,R,W)",Manhattan,metrocard,Metrocard - Students,1.0,0.0
2022-11-28T02:00:00.000,subway,609,"Bryant Pk (B,D,F,M)/5 Av (7)",Manhattan,metrocard,Metrocard - Other,1.0,0.0
2022-11-28T15:00:00.000,subway,619,"Broadway-Lafayette St (B,D,F,M)/Bleecker St (6)",Manhattan,metrocard,Metrocard - Seniors & Disability,31.0,1.0
2022-11-28T16:00:00.000,subway,607,"34 St-Herald Sq (B,D,F,M,N,Q,R,W)",Manhattan,omny,OMNY - Full Fare,2300.0,32.0
2022-11-28T18:00:00.000,subway,609,"Bryant Pk (B,D,F,M)/5 Av (7)",Manhattan,metrocard,Metrocard - Other,215.0,0.0
2022-11-28T12:00:00.000,subway,309,103 St (1),Manhattan,metrocard,Metrocard - Fair Fare,8.0,0.0
2022-11-28T19:00:00.000,subway,610,"Grand Central-42 St (S,4,5,6,7)",Manhattan,metrocard,Metrocard - Full Fare,1011.0,7.0
2022-11-28T04:00:00.000,subway,609,"Bryant Pk (B,D,F,M)/5 Av (7)",Manhattan,metrocard,Metrocard - Other,2.0,0.0
2022-05-31T23:00:00.000,subway,399,68 St-Hunter College (6),Manhattan,metrocard,Metrocard - Unlimited 30-Day,32.0,0.0
2022-11-28T15:00:00.000,subway,601,"14 St (F,M,1,2,3)/6 Av (L)",Manhattan,metrocard,Metrocard - Full Fare,379.0,10.0
2022-11-28T21:00:00.000,subway,613,"Lexington Av (N,R,W)/59 St (4,5,6)",Manhattan,metrocard,Metrocard - Unlimited 7-Day,109.0,0.0
2022-11-28T17:00:00.000,subway,619,"Broadway-Lafayette St (B,D,F,M)/Bleecker St (6)",Manhattan,metrocard,Metrocard - Unlimited 30-Day,312.0,0.0
2022-11-28T08:00:00.000,subway,471,34 St-Hudson Yards (7),Manhattan,metrocard,Metrocard - Unlimited 7-Day,39.0,0.0
2022-05-31T12:00:00.000,subway,403,33 St (6),Manhattan,metrocard,Metrocard - Seniors & Disability,47.0,0.0
2022-11-28T06:00:00.000,subway,612,"Lexington Av-53 St (E,M)/51 St (6)",Manhattan,omny,OMNY - Full Fare,90.0,3.0
2022-11-28T14:00:00.000,subway,613,"Lexington Av (N,R,W)/59 St (4,5,6)",Manhattan,metrocard,Metrocard - Full Fare,508.0,68.0
2022-11-28T04:00:00.000,subway,607,"34 St-Herald Sq (B,D,F,M,N,Q,R,W)",Manhattan,metrocard,Metrocard - Unlimited 7-Day,10.0,0.0
2022-05-31T14:00:00.000,subway,398,77 St (6),Manhattan,metrocard,Metrocard - Other,30.0,1.0
2022-05-31T04:00:00.000,subway,398,77 St (6),Manhattan,omny,OMNY - Full Fare,1.0,0.0
2022-11-28T04:00:00.000,subway,611,"Times Sq-42 St (N,Q,R,W,S,1,2,3,7)/42 St (A,C,E)",Manhattan,metrocard,Metrocard - Other,23.0,0.0
2022-11-28T00:00:00.000,subway,601,"14 St (F,M,1,2,3)/6 Av (L)",Manhattan,metrocard,Metrocard - Unlimited 7-Day,32.0,0.0
2022-11-28T10:00:00.000,subway,609,"Bryant Pk (B,D,F,M)/5 Av (7)",Manhattan,metrocard,Metrocard - Students,4.0,0.0
2022-11-28T16:00:00.000,subway,8,"5 Av/59 St (N,R,W)",Manhattan,metrocard,Metrocard - Full Fare,430.0,11.0
2022-11-28T21:00:00.000,subway,471,34 St-Hudson Yards (7),Manhattan,metrocard,Metrocard - Unlimited 30-Day,47.0,0.0
2022-05-31T09:00:00.000,subway,396,96 St (6),Manhattan,metrocard,Metrocard - Other,37.0,0.0
2022-11-28T19:00:00.000,subway,602,"14 St-Union Sq (L,N,Q,R,W,4,5,6)",Manhattan,metrocard,Metrocard - Other,145.0,1.0
2022-11-28T03:00:00.000,subway,475,96 St (Q),Manhattan,omny,OMNY - Full Fare,3.0,0.0
2022-11-28T13:00:00.000,subway,471,34 St-Hudson Yards (7),Manhattan,metrocard,Metrocard - Fair Fare,18.0,0.0
2022-05-31T00:00:00.000,subway,398,77 St (6),Manhattan,metrocard,Metrocard - Unlimited 30-Day,5.0,0.0
2022-11-28T12:00:00.000,subway,9,"57 St-7 Av (N,Q,R,W)",Manhattan,omny,OMNY - Seniors & Disability,3.0,0.0
2022-05-31T12:00:00.000,subway,404,28 St (6),Manhattan,metrocard,Metrocard - Full Fare,122.0,0.0
2022-11-28T13:00:00.000,subway,605,"168 St (A,C,1)",Manhattan,metrocard,Metrocard - Seniors & Disability,63.0,5.0
2022-11-28T03:00:00.000,subway,605,"168 St (A,C,1)",Manhattan,metrocard,Metrocard - Other,10.0,0.0
2022-11-28T12:00:00.000,subway,619,"Broadway-Lafayette St (B,D,F,M)/Bleecker St (6)",Manhattan,metrocard,Metrocard - Unlimited 30-Day,77.0,0.0
2022-11-28T15:00:00.000,subway,613,"Lexington Av (N,R,W)/59 St (4,5,6)",Manhattan,metrocard,Metrocard - Fair Fare,95.0,7.0
2022-11-28T22:00:00.000,subway,614,"59 St-Columbus Circle (A,B,C,D,1)",Manhattan,metrocard,Metrocard - Seniors & Disability,35.0,4.0
2022-11-28T19:00:00.000,subway,309,103 St (1),Manhattan,metrocard,Metrocard - Fair Fare,13.0,0.0
2022-11-28T05:00:00.000,subway,613,"Lexington Av (N,R,W)/59 St (4,5,6)",Manhattan,metrocard,Metrocard - Seniors & Disability,4.0,1.0
2022-05-31T20:00:00.000,subway,397,"86 St (4,5,6)",Manhattan,omny,OMNY - Full Fare,384.0,11.0
2022-11-28T04:00:00.000,subway,611,"Times Sq-42 St (N,Q,R,W,S,1,2,3,7)/42 St (A,C,E)",Manhattan,metrocard,Metrocard - Unlimited 30-Day,16.0,0.0
2022-11-28T13:00:00.000,subway,477,72 St (Q),Manhattan,metrocard,Metrocard - Students,11.0,0.0
2022-11-28T04:00:00.000,subway,475,96 St (Q),Manhattan,metrocard,Metrocard - Seniors & Disability,1.0,0.0
2022-05-31T10:00:00.000,subway,395,103 St (6),Manhattan,metrocard,Metrocard - Unlimited 7-Day,46.0,0.0
2022-05-31T22:00:00.000,subway,403,33 St (6),Manhattan,metrocard,Metrocard - Full Fare,80.0,1.0
2022-05-31T16:00:00.000,subway,403,33 St (6),Manhattan,metrocard,Metrocard - Unlimited 30-Day,210.0,0.0
2022-11-28T22:00:00.000,subway,476,86 St (Q),Manhattan,metrocard,Metrocard - Other,4.0,0.0
2022-11-28T09:00:00.000,subway,610,"Grand Central-42 St (S,4,5,6,7)",Manhattan,metrocard,Metrocard - Students,26.0,0.0
2022-05-31T15:00:00.000,subway,404,28 St (6),Manhattan,metrocard,Metrocard - Seniors & Disability,39.0,3.0
2022-11-28T06:00:00.000,subway,612,"Lexington Av-53 St (E,M)/51 St (6)",Manhattan,metrocard,Metrocard - Other,8.0,1.0
2022-11-28T03:00:00.000,subway,613,"Lexington Av (N,R,W)/59 St (4,5,6)",Manhattan,metrocard,Metrocard - Unlimited 30-Day,5.0,0.0
2022-11-28T22:00:00.000,subway,611,"Times Sq-42 St (N,Q,R,W,S,1,2,3,7)/42 St (A,C,E)",Manhattan,metrocard,Metrocard - Unlimited 30-Day,373.0,0.0
2022-11-28T03:00:00.000,subway,8,"5 Av/59 St (N,R,W)",Manhattan,omny,OMNY - Full Fare,2.0,0.0
2022-05-31T07:00:00.000,subway,398,77 St (6),Manhattan,omny,OMNY - Full Fare,290.0,6.0
2022-05-31T18:00:00.000,subway,405,23 St (6),Manhattan,metrocard,Metrocard - Fair Fare,31.0,3.0
2022-11-28T10:00:00.000,subway,607,"34 St-Herald Sq (B,D,F,M,N,Q,R,W)",Manhattan,omny,OMNY - Seniors & Disability,1.0,0.0
2022-05-31T12:00:00.000,subway,396,96 St (6),Manhattan,metrocard,Metrocard - Unlimited 7-Day,48.0,0.0
2022-11-28T07:00:00.000,subway,309,103 St (1),Manhattan,metrocard,Metrocard - Full Fare,98.0,0.0
2022-05-31T07:00:00.000,subway,404,28 St (6),Manhattan,omny,OMNY - Full Fare,184.0,0.0
2022-05-31T03:00:00.000,subway,398,77 St (6),Manhattan,metrocard,Metrocard - Full Fare,1.0,0.0
2022-11-28T13:00:00.000,subway,607,"34 St-Herald Sq (B,D,F,M,N,Q,R,W)",Manhattan,metrocard,Metrocard - Other,104.0,1.0
2022-11-28T07:00:00.000,subway,475,96 St (Q),Manhattan,metrocard,Metrocard - Students,165.0,14.0
2022-11-28T21:00:00.000,subway,614,"59 St-Columbus Circle (A,B,C,D,1)",Manhattan,metrocard,Metrocard - Other,90.0,0.0
2022-05-31T01:00:00.000,subway,396,96 St (6),Manhattan,metrocard,Metrocard - Unlimited 30-Day,1.0,0.0
2022-11-28T14:00:00.000,subway,308,Cathedral Pkwy (110 St) (1),Manhattan,metrocard,Metrocard - Seniors & Disability,56.0,2.0
2022-05-31T13:00:00.000,subway,394,110 St (6),Manhattan,metrocard,Metrocard - Unlimited 30-Day,46.0,0.0
2022-05-31T06:00:00.000,subway,403,33 St (6),Manhattan,metrocard,Metrocard - Fair Fare,3.0,0.0
2022-05-31T17:00:00.000,subway,399,68 St-Hunter College (6),Manhattan,metrocard,Metrocard - Unlimited 7-Day,173.0,0.0
2022-11-28T21:00:00.000,subway,477,72 St (Q),Manhattan,omny,OMNY - Full Fare,176.0,0.0
2022-11-28T01:00:00.000,subway,619,"Broadway-Lafayette St (B,D,F,M)/Bleecker St (6)",Manhattan,metrocard,Metrocard - Unlimited 7-Day,10.0,0.0
2022-11-28T16:00:00.000,subway,601,"14 St (F,M,1,2,3)/6 Av (L)",Manhattan,omny,OMNY - Full Fare,955.0,18.0
2022-11-28T10:00:00.000,subway,476,86 St (Q),Manhattan,metrocard,Metrocard - Fair Fare,5.0,0.0
2022-11-28T23:00:00.000,subway,619,"Broadway-Lafayette St (B,D,F,M)/Bleecker St (6)",Manhattan,omny,OMNY - Full Fare,147.0,0.0
2022-05-31T13:00:00.000,subway,404,28 St (6),Manhattan,metrocard,Metrocard - Students,9.0,0.0
2022-11-28T00:00:00.000,subway,8,"5 Av/59 St (N,R,W)",Manhattan,metrocard,Metrocard - Seniors & Disability,2.0,0.0
2022-05-31T19:00:00.000,subway,404,28 St (6),Manhattan,metrocard,Metrocard - Students,8.0,0.0
2022-05-31T16:00:00.000,subway,14,"23 St (R,W)",Manhattan,metrocard,Metrocard - Unlimited 30-Day,117.0,0.0
2022-05-31T09:00:00.000,subway,413,"Wall St (4,5)",Manhattan,metrocard,Metrocard - Fair Fare,2.0,0.0
2022-05-31T20:00:00.000,subway,156,"103 St (C,B)",Manhattan,metrocard,Metrocard - Fair Fare,3.0,0.0
2022-05-31T20:00:00.000,subway,155,"Cathedral Pkwy (110 St) (C,B)",Manhattan,metrocard,Metrocard - Students,2.0,0.0
2022-05-31T10:00:00.000,subway,414,"Bowling Green (4,5)",Manhattan,metrocard,Metrocard - Students,13.0,3.0
2022-05-31T19:00:00.000,subway,405,23 St (6),Manhattan,metrocard,Metrocard - Students,15.0,0.0
2022-05-31T18:00:00.000,subway,154,"116 St (C,B)",Manhattan,metrocard,Metrocard - Students,19.0,2.0
2022-05-31T09:00:00.000,subway,152,"135 St (C,B)",Manhattan,metrocard,Metrocard - Unlimited 30-Day,30.0,0.0
2022-05-31T01:00:00.000,subway,607,"34 St-Herald Sq (B,D,F,M,N,Q,R,W)",Manhattan,metrocard,Metrocard - Other,6.0,0.0
2022-05-31T11:00:00.000,subway,146,181 St (A),Manhattan,metrocard,Metrocard - Other,9.0,0.0
2022-05-31T06:00:00.000,subway,333,"Wall St (2,3)",Manhattan,omny,OMNY - Full Fare,47.0,2.0
2022-05-31T13:00:00.000,subway,605,"168 St (A,C,1)",Manhattan,metrocard,Metrocard - Full Fare,146.0,4.0
2022-05-31T21:00:00.000,subway,151,"145 St (A,C,B,D)",Manhattan,omny,OMNY - Full Fare,47.0,0.0
2022-05-31T01:00:00.000,subway,605,"168 St (A,C,1)",Manhattan,metrocard,Metrocard - Unlimited 30-Day,2.0,0.0
2022-05-31T07:00:00.000,subway,158,"86 St (C,B)",Manhattan,metrocard,Metrocard - Full Fare,76.0,4.0
2022-05-31T12:00:00.000,subway,145,190 St (A),Manhattan,metrocard,Metrocard - Students,7.0,1.0
2022-05-31T09:00:00.000,subway,326,Franklin St (1),Manhattan,omny,OMNY - Full Fare,67.0,1.0
2022-05-31T17:00:00.000,subway,152,"135 St (C,B)",Manhattan,metrocard,Metrocard - Full Fare,71.0,5.0
2022-05-31T04:00:00.000,subway,151,"145 St (A,C,B,D)",Manhattan,metrocard,Metrocard - Other,7.0,0.0
2022-05-31T07:00:00.000,subway,153,"125 St (A,C,B,D)",Manhattan,metrocard,Metrocard - Unlimited 30-Day,234.0,0.0
2022-05-31T14:00:00.000,subway,147,175 St (A),Manhattan,metrocard,Metrocard - Seniors & Disability,21.0,1.0
2022-05-31T18:00:00.000,subway,328,WTC Cortlandt (1),Manhattan,metrocard,Metrocard - Students,6.0,0.0
2022-05-31T12:00:00.000,subway,414,"Bowling Green (4,5)",Manhattan,metrocard,Metrocard - Fair Fare,7.0,1.0
2022-05-31T20:00:00.000,subway,154,"116 St (C,B)",Manhattan,metrocard,Metrocard - Unlimited 7-Day,19.0,0.0
2022-05-31T12:00:00.000,subway,155,"Cathedral Pkwy (110 St) (C,B)",Manhattan,metrocard,Metrocard - Other,9.0,0.0
2022-05-31T14:00:00.000,subway,150,155 St (C),Manhattan,metrocard,Metrocard - Full Fare,36.0,1.0
2022-05-31T23:00:00.000,subway,162,"50 St (C,E)",Manhattan,metrocard,Metrocard - Seniors & Disability,2.0,1.0
2022-05-31T21:00:00.000,subway,162,"50 St (C,E)",Manhattan,metrocard,Metrocard - Seniors & Disability,20.0,0.0
2022-05-31T22:00:00.000,subway,605,"168 St (A,C,1)",Manhattan,metrocard,Metrocard - Fair Fare,16.0,0.0
2022-05-31T04:00:00.000,subway,145,190 St (A),Manhattan,metrocard,Metrocard - Unlimited 7-Day,2.0,0.0
2022-05-31T16:00:00.000,subway,157,"96 St (C,B)",Manhattan,metrocard,Metrocard - Other,40.0,3.0
2022-05-31T22:00:00.000,subway,605,"168 St (A,C,1)",Manhattan,metrocard,Metrocard - Other,20.0,0.0
2022-05-31T20:00:00.000,subway,327,"Chambers St (1,2,3)",Manhattan,metrocard,Metrocard - Other,16.0,0.0
2022-05-31T16:00:00.000,subway,145,190 St (A),Manhattan,metrocard,Metrocard - Fair Fare,6.0,0.0
2022-05-31T12:00:00.000,subway,151,"145 St (A,C,B,D)",Manhattan,metrocard,Metrocard - Full Fare,102.0,2.0
2022-05-31T18:00:00.000,subway,154,"116 St (C,B)",Manhattan,metrocard,Metrocard - Fair Fare,9.0,1.0
2022-05-31T13:00:00.000,subway,328,WTC Cortlandt (1),Manhattan,omny,OMNY - Full Fare,96.0,0.0
2022-05-31T05:00:00.000,subway,605,"168 St (A,C,1)",Manhattan,omny,OMNY - Full Fare,49.0,0.0
2022-05-31T10:00:00.000,subway,156,"103 St (C,B)",Manhattan,omny,OMNY - Full Fare,55.0,0.0
2022-05-31T19:00:00.000,subway,159,"81 St-Museum of Natural History (C,B)",Manhattan,metrocard,Metrocard - Unlimited 30-Day,47.0,0.0
2022-05-31T02:00:00.000,subway,609,"Bryant Pk (B,D,F,M)/5 Av (7)",Manhattan,metrocard,Metrocard - Other,3.0,0.0
2022-05-31T21:00:00.000,subway,607,"34 St-Herald Sq (B,D,F,M,N,Q,R,W)",Manhattan,metrocard,Metrocard - Unlimited 7-Day,316.0,0.0
2022-05-31T20:00:00.000,subway,393,116 St (6),Manhattan,omny,OMNY - Full Fare,60.0,1.0
2022-05-31T17:00:00.000,subway,162,"50 St (C,E)",Manhattan,metrocard,Metrocard - Unlimited 30-Day,115.0,0.0
2022-05-31T12:00:00.000,subway,409,Spring St (6),Manhattan,metrocard,Metrocard - Other,6.0,0.0
2022-05-31T08:00:00.000,subway,327,"Chambers St (1,2,3)",Manhattan,metrocard,Metrocard - Unlimited 7-Day,20.0,0.0
2022-05-31T12:00:00.000,subway,601,"14 St (F,M,1,2,3)/6 Av (L)",Manhattan,omny,OMNY - Full Fare,301.0,2.0
2022-05-31T22:00:00.000,subway,405,23 St (6),Manhattan,omny,OMNY - Full Fare,112.0,0.0
2022-05-31T18:00:00.000,subway,13,"28 St (R,W)",Manhattan,metrocard,Metrocard - Full Fare,149.0,0.0
2022-05-31T19:00:00.000,subway,162,"50 St (C,E)",Manhattan,metrocard,Metrocard - Unlimited 30-Day,59.0,0.0
2022-05-31T00:00:00.000,subway,159,"81 St-Museum of Natural History (C,B)",Manhattan,metrocard,Metrocard - Fair Fare,1.0,0.0
2022-05-31T03:00:00.000,subway,160,"72 St (C,B)",Manhattan,metrocard,Metrocard - Unlimited 30-Day,1.0,0.0
2022-05-31T16:00:00.000,subway,149,163 St-Amsterdam Av (C),Manhattan,metrocard,Metrocard - Fair Fare,8.0,0.0
2022-05-31T09:00:00.000,subway,413,"Wall St (4,5)",Manhattan,metrocard,Metrocard - Unlimited 7-Day,55.0,0.0
2022-05-31T06:00:00.000,subway,607,"34 St-Herald Sq (B,D,F,M,N,Q,R,W)",Manhattan,metrocard,Metrocard - Students,11.0,0.0
2022-05-31T07:00:00.000,subway,153,"125 St (A,C,B,D)",Manhattan,metrocard,Metrocard - Seniors & Disability,27.0,7.0
2022-05-31T05:00:00.000,subway,333,"Wall St (2,3)",Manhattan,metrocard,Metrocard - Unlimited 30-Day,2.0,0.0
2022-05-31T16:00:00.000,subway,150,155 St (C),Manhattan,metrocard,Metrocard - Unlimited 7-Day,22.0,0.0
2022-05-31T09:00:00.000,subway,405,23 St (6),Manhattan,metrocard,Metrocard - Unlimited 7-Day,35.0,0.0
2022-05-31T01:00:00.000,subway,601,"14 St (F,M,1,2,3)/6 Av (L)",Manhattan,omny,OMNY - Full Fare,27.0,1.0
2022-05-31T02:00:00.000,subway,159,"81 St-Museum of Natural History (C,B)",Manhattan,omny,OMNY - Full Fare,1.0,0.0
2022-05-31T12:00:00.000,subway,602,"14 St-Union Sq (L,N,Q,R,W,4,5,6)",Manhattan,metrocard,Metrocard - Other,92.0,3.0
2022-05-31T09:00:00.000,subway,13,"28 St (R,W)",Manhattan,metrocard,Metrocard - Other,8.0,0.0
2022-05-31T22:00:00.000,subway,151,"145 St (A,C,B,D)",Manhattan,metrocard,Metrocard - Unlimited 30-Day,22.0,0.0
2022-05-31T00:00:00.000,subway,16,"8 St-NYU (R,W)",Manhattan,metrocard,Metrocard - Fair Fare,1.0,0.0
2022-05-31T14:00:00.000,subway,9,"57 St-7 Av (N,Q,R,W)",Manhattan,metrocard,Metrocard - Fair Fare,18.0,1.0
2022-05-31T23:00:00.000,subway,607,"34 St-Herald Sq (B,D,F,M,N,Q,R,W)",Manhattan,metrocard,Metrocard - Unlimited 30-Day,151.0,0.0
2022-05-31T23:00:00.000,subway,146,181 St (A),Manhattan,metrocard,Metrocard - Seniors & Disability,1.0,0.0
2022-05-31T10:00:00.000,subway,149,163 St-Amsterdam Av (C),Manhattan,omny,OMNY - Full Fare,41.0,2.0
2022-05-31T06:00:00.000,subway,9,"57 St-7 Av (N,Q,R,W)",Manhattan,metrocard,Metrocard - Unlimited 7-Day,19.0,0.0
2022-05-31T12:00:00.000,subway,157,"96 St (C,B)",Manhattan,metrocard,Metrocard - Seniors & Disability,19.0,2.0
2022-05-31T10:00:00.000,subway,144,Dyckman St (A),Manhattan,metrocard,Metrocard - Fair Fare,10.0,2.0
2022-05-31T13:00:00.000,subway,145,190 St (A),Manhattan,metrocard,Metrocard - Full Fare,28.0,0.0
2022-05-31T15:00:00.000,subway,159,"81 St-Museum of Natural History (C,B)",Manhattan,metrocard,Metrocard - Full Fare,186.0,24.0
2022-05-31T20:00:00.000,subway,145,190 St (A),Manhattan,omny,OMNY - Full Fare,9.0,0.0
2022-05-31T01:00:00.000,subway,154,"116 St (C,B)",Manhattan,metrocard,Metrocard - Unlimited 7-Day,1.0,0.0
2022-05-31T23:00:00.000,subway,409,Spring St (6),Manhattan,omny,OMNY - Full Fare,50.0,0.0
2022-05-31T02:00:00.000,subway,602,"14 St-Union Sq (L,N,Q,R,W,4,5,6)",Manhattan,metrocard,Metrocard - Other,1.0,0.0
2022-05-31T12:00:00.000,subway,156,"103 St (C,B)",Manhattan,metrocard,Metrocard - Other,1.0,0.0
2022-05-31T04:00:00.000,subway,151,"145 St (A,C,B,D)",Manhattan,metrocard,Metrocard - Fair Fare,5.0,0.0
2022-05-31T09:00:00.000,subway,156,"103 St (C,B)",Manhattan,metrocard,Metrocard - Unlimited 7-Day,27.0,0.0
2022-05-31T06:00:00.000,subway,151,"145 St (A,C,B,D)",Manhattan,omny,OMNY - Full Fare,135.0,2.0
2022-05-31T09:00:00.000,subway,150,155 St (C),Manhattan,metrocard,Metrocard - Fair Fare,4.0,0.0
2022-05-31T14:00:00.000,subway,409,Spring St (6),Manhattan,metrocard,Metrocard - Full Fare,106.0,0.0
2022-05-31T18:00:00.000,subway,601,"14 St (F,M,1,2,3)/6 Av (L)",Manhattan,metrocard,Metrocard - Other,114.0,2.0
2022-05-31T11:00:00.000,subway,329,Rector St (1),Manhattan,metrocard,Metrocard - Other,3.0,0.0
2022-05-31T14:00:00.000,subway,327,"Chambers St (1,2,3)",Manhattan,metrocard,Metrocard - Full Fare,181.0,0.0
2022-05-31T01:00:00.000,subway,143,Inwood-207 St (A),Manhattan,omny,OMNY - Full Fare,1.0,0.0
2022-05-31T18:00:00.000,subway,155,"Cathedral Pkwy (110 St) (C,B)",Manhattan,omny,OMNY - Full Fare,141.0,1.0
2022-05-31T15:00:00.000,subway,147,175 St (A),Manhattan,omny,OMNY - Full Fare,115.0,2.0
2022-05-31T19:00:00.000,subway,149,163 St-Amsterdam Av (C),Manhattan,metrocard,Metrocard - Full Fare,14.0,0.0
2022-05-31T10:00:00.000,subway,145,190 St (A),Manhattan,omny,OMNY - Full Fare,42.0,0.0
2022-05-31T16:00:00.000,subway,156,"103 St (C,B)",Manhattan,omny,OMNY - Full Fare,74.0,2.0
2022-05-31T09:00:00.000,subway,145,190 St (A),Manhattan,metrocard,Metrocard - Unlimited 7-Day,19.0,0.0
2022-05-31T08:00:00.000,subway,162,"50 St (C,E)",Manhattan,metrocard,Metrocard - Students,34.0,1.0
2022-05-31T18:00:00.000,subway,143,Inwood-207 St (A),Manhattan,metrocard,Metrocard - Full Fare,36.0,4.0
2022-05-31T08:00:00.000,subway,160,"72 St (C,B)",Manhattan,metrocard,Metrocard - Other,16.0,0.0
2022-05-31T12:00:00.000,subway,9,"57 St-7 Av (N,Q,R,W)",Manhattan,metrocard,Metrocard - Unlimited 30-Day,62.0,0.0
2022-05-31T19:00:00.000,subway,150,155 St (C),Manhattan,metrocard,Metrocard - Full Fare,6.0,1.0
2022-05-31T02:00:00.000,subway,414,"Bowling Green (4,5)",Manhattan,metrocard,Metrocard - Other,3.0,0.0
2022-05-31T07:00:00.000,subway,333,"Wall St (2,3)",Manhattan,metrocard,Metrocard - Other,20.0,0.0
2022-05-31T08:00:00.000,subway,414,"Bowling Green (4,5)",Manhattan,metrocard,Metrocard - Unlimited 30-Day,92.0,0.0
2022-05-31T23:00:00.000,subway,329,Rector St (1),Manhattan,metrocard,Metrocard - Fair Fare,3.0,0.0
2022-05-31T11:00:00.000,subway,16,"8 St-NYU (R,W)",Manhattan,metrocard,Metrocard - Unlimited 7-Day,27.0,0.0
2022-05-31T10:00:00.000,subway,150,155 St (C),Manhattan,metrocard,Metrocard - Unlimited 7-Day,12.0,0.0
2022-05-31T00:00:00.000,subway,155,"Cathedral Pkwy (110 St) (C,B)",Manhattan,omny,OMNY - Full Fare,4.0,0.0
2022-05-31T23:00:00.000,subway,14,"23 St (R,W)",Manhattan,metrocard,Metrocard - Other,3.0,0.0
2022-05-31T00:00:00.000,subway,409,Spring St (6),Manhattan,metrocard,Metrocard - Full Fare,10.0,0.0
2022-05-31T07:00:00.000,subway,407,Astor Pl (6),Manhattan,metrocard,Metrocard - Unlimited 30-Day,32.0,0.0
2022-05-31T20:00:00.000,subway,9,"57 St-7 Av (N,Q,R,W)",Manhattan,metrocard,Metrocard - Students,9.0,0.0
2022-05-31T21:00:00.000,subway,158,"86 St (C,B)",Manhattan,metrocard,Metrocard - Full Fare,28.0,1.0
2022-05-31T18:00:00.000,subway,160,"72 St (C,B)",Manhattan,metrocard,Metrocard - Unlimited 7-Day,85.0,0.0
2022-05-31T07:00:00.000,subway,13,"28 St (R,W)",Manhattan,metrocard,Metrocard - Students,6.0,0.0
2022-05-31T13:00:00.000,subway,156,"103 St (C,B)",Manhattan,metrocard,Metrocard - Fair Fare,4.0,0.0
2022-05-31T11:00:00.000,subway,414,"Bowling Green (4,5)",Manhattan,metrocard,Metrocard - Students,15.0,3.0
2022-05-31T10:00:00.000,subway,150,155 St (C),Manhattan,metrocard,Metrocard - Unlimited 30-Day,12.0,0.0
2022-05-31T07:00:00.000,subway,158,"86 St (C,B)",Manhattan,omny,OMNY - Full Fare,130.0,5.0
2022-05-31T09:00:00.000,subway,155,"Cathedral Pkwy (110 St) (C,B)",Manhattan,metrocard,Metrocard - Students,17.0,0.0
2022-05-31T13:00:00.000,subway,153,"125 St (A,C,B,D)",Manhattan,metrocard,Metrocard - Unlimited 30-Day,91.0,0.0
2022-05-31T15:00:00.000,subway,14,"23 St (R,W)",Manhattan,metrocard,Metrocard - Unlimited 30-Day,88.0,0.0
2022-05-31T12:00:00.000,subway,143,Inwood-207 St (A),Manhattan,omny,OMNY - Full Fare,56.0,7.0
2022-05-31T03:00:00.000,subway,602,"14 St-Union Sq (L,N,Q,R,W,4,5,6)",Manhattan,metrocard,Metrocard - Fair Fare,1.0,0.0
2022-05-31T03:00:00.000,subway,156,"103 St (C,B)",Manhattan,omny,OMNY - Full Fare,1.0,0.0
2022-05-31T19:00:00.000,subway,13,"28 St (R,W)",Manhattan,metrocard,Metrocard - Other,13.0,0.0
2022-05-31T02:00:00.000,subway,150,155 St (C),Manhattan,omny,OMNY - Full Fare,3.0,1.0
2022-05-31T08:00:00.000,subway,146,181 St (A),Manhattan,metrocard,Metrocard - Unlimited 7-Day,79.0,0.0
2022-05-31T13:00:00.000,subway,14,"23 St (R,W)",Manhattan,metrocard,Metrocard - Full Fare,141.0,2.0
2022-05-31T20:00:00.000,subway,16,"8 St-NYU (R,W)",Manhattan,metrocard,Metrocard - Seniors & Disability,5.0,1.0
2022-05-31T15:00:00.000,subway,414,"Bowling Green (4,5)",Manhattan,omny,OMNY - Full Fare,327.0,22.0
2022-05-31T12:00:00.000,subway,409,Spring St (6),Manhattan,omny,OMNY - Full Fare,122.0,0.0
2022-05-31T03:00:00.000,subway,609,"Bryant Pk (B,D,F,M)/5 Av (7)",Manhattan,metrocard,Metrocard - Fair Fare,2.0,1.0
2022-05-31T07:00:00.000,subway,609,"Bryant Pk (B,D,F,M)/5 Av (7)",Manhattan,metrocard,Metrocard - Other,15.0,4.0
2022-05-31T15:00:00.000,subway,407,Astor Pl (6),Manhattan,metrocard,Metrocard - Students,102.0,0.0
2022-05-31T12:00:00.000,subway,153,"125 St (A,C,B,D)",Manhattan,metrocard,Metrocard - Other,46.0,1.0
2022-05-31T22:00:00.000,subway,16,"8 St-NYU (R,W)",Manhattan,metrocard,Metrocard - Unlimited 30-Day,29.0,0.0
2022-05-31T12:00:00.000,subway,152,"135 St (C,B)",Manhattan,metrocard,Metrocard - Seniors & Disability,7.0,0.0
2022-05-31T17:00:00.000,subway,607,"34 St-Herald Sq (B,D,F,M,N,Q,R,W)",Manhattan,metrocard,Metrocard - Fair Fare,261.0,6.0
2022-05-31T18:00:00.000,subway,414,"Bowling Green (4,5)",Manhattan,metrocard,Metrocard - Unlimited 7-Day,153.0,0.0
2022-05-31T11:00:00.000,subway,405,23 St (6),Manhattan,metrocard,Metrocard - Full Fare,136.0,4.0
2022-05-31T23:00:00.000,subway,156,"103 St (C,B)",Manhattan,metrocard,Metrocard - Seniors & Disability,1.0,0.0
2022-05-31T18:00:00.000,subway,333,"Wall St (2,3)",Manhattan,metrocard,Metrocard - Seniors & Disability,32.0,0.0
2022-05-31T10:00:00.000,subway,144,Dyckman St (A),Manhattan,metrocard,Metrocard - Unlimited 30-Day,21.0,0.0
2022-05-31T15:00:00.000,subway,145,190 St (A),Manhattan,metrocard,Metrocard - Other,4.0,0.0
2022-05-31T06:00:00.000,subway,333,"Wall St (2,3)",Manhattan,metrocard,Metrocard - Unlimited 7-Day,7.0,0.0
2022-05-31T08:00:00.000,subway,153,"125 St (A,C,B,D)",Manhattan,omny,OMNY - Full Fare,528.0,22.0
2022-05-31T09:00:00.000,subway,328,WTC Cortlandt (1),Manhattan,metrocard,Metrocard - Unlimited 30-Day,13.0,0.0
2022-05-31T05:00:00.000,subway,154,"116 St (C,B)",Manhattan,metrocard,Metrocard - Fair Fare,2.0,0.0
2022-05-31T19:00:00.000,subway,601,"14 St (F,M,1,2,3)/6 Av (L)",Manhattan,metrocard,Metrocard - Fair Fare,39.0,0.0
2022-05-31T18:00:00.000,subway,162,"50 St (C,E)",Manhattan,metrocard,Metrocard - Seniors & Disability,9.0,1.0
2022-05-31T09:00:00.000,subway,145,190 St (A),Manhattan,metrocard,Metrocard - Seniors & Disability,15.0,0.0
2022-05-31T10:00:00.000,subway,158,"86 St (C,B)",Manhattan,metrocard,Metrocard - Full Fare,42.0,3.0
2022-05-31T06:00:00.000,subway,152,"135 St (C,B)",Manhattan,metrocard,Metrocard - Seniors & Disability,1.0,0.0
2022-05-31T03:00:00.000,subway,413,"Wall St (4,5)",Manhattan,omny,OMNY - Full Fare,1.0,0.0
2022-05-31T05:00:00.000,subway,149,163 St-Amsterdam Av (C),Manhattan,omny,OMNY - Full Fare,18.0,0.0
2022-05-31T13:00:00.000,subway,156,"103 St (C,B)",Manhattan,metrocard,Metrocard - Unlimited 30-Day,20.0,0.0
2022-05-31T17:00:00.000,subway,602,"14 St-Union Sq (L,N,Q,R,W,4,5,6)",Manhattan,omny,OMNY - Full Fare,2322.0,15.0
2022-05-31T17:00:00.000,subway,601,"14 St (F,M,1,2,3)/6 Av (L)",Manhattan,metrocard,Metrocard - Other,125.0,1.0
2022-05-31T00:00:00.000,subway,152,"135 St (C,B)",Manhattan,metrocard,Metrocard - Unlimited 7-Day,3.0,0.0
2022-05-31T07:00:00.000,subway,413,"Wall St (4,5)",Manhattan,metrocard,Metrocard - Full Fare,78.0,3.0
2022-05-31T04:00:00.000,subway,602,"14 St-Union Sq (L,N,Q,R,W,4,5,6)",Manhattan,metrocard,Metrocard - Full Fare,13.0,0.0
2022-05-31T10:00:00.000,subway,146,181 St (A),Manhattan,metrocard,Metrocard - Fair Fare,9.0,1.0
2022-05-31T18:00:00.000,subway,327,"Chambers St (1,2,3)",Manhattan,omny,OMNY - Full Fare,481.0,2.0
2022-05-31T07:00:00.000,subway,13,"28 St (R,W)",Manhattan,metrocard,Metrocard - Full Fare,15.0,0.0
2022-05-31T16:00:00.000,subway,327,"Chambers St (1,2,3)",Manhattan,metrocard,Metrocard - Seniors & Disability,37.0,1.0
2022-05-31T01:00:00.000,subway,13,"28 St (R,W)",Manhattan,omny,OMNY - Full Fare,19.0,0.0
2022-05-31T05:00:00.000,subway,602,"14 St-Union Sq (L,N,Q,R,W,4,5,6)",Manhattan,metrocard,Metrocard - Unlimited 7-Day,19.0,0.0
2022-05-31T22:00:00.000,subway,146,181 St (A),Manhattan,metrocard,Metrocard - Fair Fare,3.0,0.0
2022-05-31T20:00:00.000,subway,405,23 St (6),Manhattan,metrocard,Metrocard - Unlimited 30-Day,60.0,0.0
2022-05-31T12:00:00.000,subway,158,"86 St (C,B)",Manhattan,metrocard,Metrocard - Seniors & Disability,24.0,4.0
2022-05-31T21:00:00.000,subway,153,"125 St (A,C,B,D)",Manhattan,metrocard,Metrocard - Unlimited 7-Day,69.0,0.0
2022-05-31T07:00:00.000,subway,151,"145 St (A,C,B,D)",Manhattan,metrocard,Metrocard - Seniors & Disability,25.0,1.0
2022-05-31T05:00:00.000,subway,144,Dyckman St (A),Manhattan,metrocard,Metrocard - Students,2.0,0.0
2022-05-31T19:00:00.000,subway,13,"28 St (R,W)",Manhattan,metrocard,Metrocard - Fair Fare,9.0,0.0
2022-05-31T21:00:00.000,subway,147,175 St (A),Manhattan,metrocard,Metrocard - Full Fare,17.0,0.0
2022-05-31T18:00:00.000,subway,149,163 St-Amsterdam Av (C),Manhattan,metrocard,Metrocard - Unlimited 30-Day,12.0,0.0
2022-05-31T00:00:00.000,subway,159,"81 St-Museum of Natural History (C,B)",Manhattan,metrocard,Metrocard - Full Fare,2.0,0.0
2022-05-31T07:00:00.000,subway,602,"14 St-Union Sq (L,N,Q,R,W,4,5,6)",Manhattan,metrocard,Metrocard - Other,90.0,7.0
2022-05-31T12:00:00.000,subway,14,"23 St (R,W)",Manhattan,metrocard,Metrocard - Seniors & Disability,20.0,4.0
2022-05-31T08:00:00.000,subway,13,"28 St (R,W)",Manhattan,metrocard,Metrocard - Seniors & Disability,5.0,0.0
2022-05-31T17:00:00.000,subway,150,155 St (C),Manhattan,metrocard,Metrocard - Students,5.0,0.0
2022-05-31T14:00:00.000,subway,328,WTC Cortlandt (1),Manhattan,metrocard,Metrocard - Unlimited 7-Day,58.0,0.0
2022-05-31T07:00:00.000,subway,154,"116 St (C,B)",Manhattan,metrocard,Metrocard - Unlimited 7-Day,27.0,0.0
2022-05-31T19:00:00.000,subway,409,Spring St (6),Manhattan,metrocard,Metrocard - Full Fare,122.0,0.0
2022-05-31T05:00:00.000,subway,150,155 St (C),Manhattan,metrocard,Metrocard - Unlimited 30-Day,8.0,0.0
2022-05-31T16:00:00.000,subway,158,"86 St (C,B)",Manhattan,metrocard,Metrocard - Unlimited 7-Day,118.0,0.0
2022-05-31T20:00:00.000,subway,605,"168 St (A,C,1)",Manhattan,metrocard,Metrocard - Full Fare,104.0,0.0
2022-05-31T18:00:00.000,subway,327,"Chambers St (1,2,3)",Manhattan,metrocard,Metrocard - Students,92.0,0.0
2022-05-31T08:00:00.000,subway,160,"72 St (C,B)",Manhattan,metrocard,Metrocard - Seniors & Disability,12.0,2.0
2022-05-31T01:00:00.000,subway,609,"Bryant Pk (B,D,F,M)/5 Av (7)",Manhattan,metrocard,Metrocard - Full Fare,19.0,0.0
2022-05-31T11:00:00.000,subway,602,"14 St-Union Sq (L,N,Q,R,W,4,5,6)",Manhattan,metrocard,Metrocard - Seniors & Disability,154.0,22.0
2022-05-31T22:00:00.000,subway,9,"57 St-7 Av (N,Q,R,W)",Manhattan,metrocard,Metrocard - Full Fare,170.0,3.0
2022-05-31T14:00:00.000,subway,328,WTC Cortlandt (1),Manhattan,metrocard,Metrocard - Full Fare,172.0,0.0
2022-05-31T17:00:00.000,subway,149,163 St-Amsterdam Av (C),Manhattan,metrocard,Metrocard - Students,5.0,0.0
2022-05-31T07:00:00.000,subway,605,"168 St (A,C,1)",Manhattan,metrocard,Metrocard - Other,44.0,1.0
2022-05-31T14:00:00.000,subway,146,181 St (A),Manhattan,metrocard,Metrocard - Students,18.0,1.0
2022-05-31T14:00:00.000,subway,150,155 St (C),Manhattan,metrocard,Metrocard - Other,3.0,1.0
2022-05-31T19:00:00.000,subway,409,Spring St (6),Manhattan,metrocard,Metrocard - Students,6.0,0.0
2022-05-31T15:00:00.000,subway,414,"Bowling Green (4,5)",Manhattan,omny,OMNY - Seniors & Disability,1.0,0.0
2022-05-31T09:00:00.000,subway,407,Astor Pl (6),Manhattan,metrocard,Metrocard - Full Fare,79.0,4.0
2022-05-31T01:00:00.000,subway,607,"34 St-Herald Sq (B,D,F,M,N,Q,R,W)",Manhattan,metrocard,Metrocard - Unlimited 7-Day,38.0,0.0
2022-05-31T19:00:00.000,subway,150,155 St (C),Manhattan,metrocard,Metrocard - Fair Fare,2.0,0.0
2022-05-31T16:00:00.000,subway,154,"116 St (C,B)",Manhattan,metrocard,Metrocard - Fair Fare,13.0,0.0
2022-05-31T21:00:00.000,subway,153,"125 St (A,C,B,D)",Manhattan,metrocard,Metrocard - Full Fare,83.0,10.0
2022-05-31T19:00:00.000,subway,146,181 St (A),Manhattan,metrocard,Metrocard - Unlimited 7-Day,11.0,0.0
2022-05-31T03:00:00.000,subway,601,"14 St (F,M,1,2,3)/6 Av (L)",Manhattan,metrocard,Metrocard - Other,2.0,0.0
2022-05-31T22:00:00.000,subway,329,Rector St (1),Manhattan,omny,OMNY - Full Fare,41.0,1.0
2022-05-31T22:00:00.000,subway,158,"86 St (C,B)",Manhattan,metrocard,Metrocard - Unlimited 30-Day,11.0,0.0
2022-05-31T11:00:00.000,subway,413,"Wall St (4,5)",Manhattan,metrocard,Metrocard - Unlimited 7-Day,59.0,0.0
2022-05-31T00:00:00.000,subway,151,"145 St (A,C,B,D)",Manhattan,metrocard,Metrocard - Unlimited 30-Day,3.0,0.0
2022-05-31T20:00:00.000,subway,150,155 St (C),Manhattan,metrocard,Metrocard - Unlimited 30-Day,2.0,0.0
2022-05-31T14:00:00.000,subway,145,190 St (A),Manhattan,metrocard,Metrocard - Unlimited 7-Day,24.0,0.0
2022-05-31T10:00:00.000,subway,152,"135 St (C,B)",Manhattan,metrocard,Metrocard - Students,12.0,0.0
2022-05-31T16:00:00.000,subway,329,Rector St (1),Manhattan,metrocard,Metrocard - Unlimited 30-Day,42.0,0.0
2022-05-31T05:00:00.000,subway,147,175 St (A),Manhattan,metrocard,Metrocard - Fair Fare,10.0,0.0
2022-05-31T17:00:00.000,subway,9,"57 St-7 Av (N,Q,R,W)",Manhattan,metrocard,Metrocard - Full Fare,720.0,21.0
2022-05-31T02:00:00.000,subway,333,"Wall St (2,3)",Manhattan,metrocard,Metrocard - Fair Fare,1.0,0.0
2022-05-31T22:00:00.000,subway,147,175 St (A),Manhattan,metrocard,Metrocard - Fair Fare,2.0,0.0
2022-05-31T12:00:00.000,subway,609,"Bryant Pk (B,D,F,M)/5 Av (7)",Manhattan,metrocard,Metrocard - Other,32.0,0.0
2022-05-31T23:00:00.000,subway,149,163 St-Amsterdam Av (C),Manhattan,metrocard,Metrocard - Unlimited 7-Day,2.0,0.0
2022-05-31T08:00:00.000,subway,157,"96 St (C,B)",Manhattan,metrocard,Metrocard - Unlimited 30-Day,90.0,0.0
2022-05-31T23:00:00.000,subway,405,23 St (6),Manhattan,metrocard,Metrocard - Unlimited 7-Day,54.0,0.0
2022-05-31T11:00:00.000,subway,160,"72 St (C,B)",Manhattan,metrocard,Metrocard - Other,4.0,0.0
2022-05-31T16:00:00.000,subway,147,175 St (A),Manhattan,metrocard,Metrocard - Students,18.0,1.0
2022-05-31T10:00:00.000,subway,146,181 St (A),Manhattan,metrocard,Metrocard - Other,17.0,0.0
2022-05-31T23:00:00.000,subway,143,Inwood-207 St (A),Manhattan,metrocard,Metrocard - Full Fare,1.0,1.0
2022-05-31T15:00:00.000,subway,153,"125 St (A,C,B,D)",Manhattan,metrocard,Metrocard - Unlimited 7-Day,164.0,0.0
2022-05-31T11:00:00.000,subway,607,"34 St-Herald Sq (B,D,F,M,N,Q,R,W)",Manhattan,metrocard,Metrocard - Other,75.0,1.0
2022-05-31T01:00:00.000,subway,413,"Wall St (4,5)",Manhattan,metrocard,Metrocard - Other,2.0,0.0
2022-05-31T05:00:00.000,subway,146,181 St (A),Manhattan,metrocard,Metrocard - Seniors & Disability,4.0,0.0
2022-05-31T16:00:00.000,subway,413,"Wall St (4,5)",Manhattan,metrocard,Metrocard - Students,33.0,0.0
2022-05-31T16:00:00.000,subway,407,Astor Pl (6),Manhattan,metrocard,Metrocard - Seniors & Disability,25.0,0.0
2022-05-31T07:00:00.000,subway,14,"23 St (R,W)",Manhattan,metrocard,Metrocard - Unlimited 7-Day,13.0,0.0
2022-05-31T12:00:00.000,subway,407,Astor Pl (6),Manhattan,metrocard,Metrocard - Unlimited 7-Day,23.0,0.0
2022-05-31T10:00:00.000,subway,154,"116 St (C,B)",Manhattan,metrocard,Metrocard - Unlimited 30-Day,23.0,0.0
2022-05-31T20:00:00.000,subway,327,"Chambers St (1,2,3)",Manhattan,metrocard,Metrocard - Fair Fare,18.0,0.0
2022-05-31T05:00:00.000,subway,144,Dyckman St (A),Manhattan,metrocard,Metrocard - Full Fare,29.0,1.0
2022-05-31T01:00:00.000,subway,328,WTC Cortlandt (1),Manhattan,metrocard,Metrocard - Seniors & Disability,1.0,0.0
2022-05-31T21:00:00.000,subway,609,"Bryant Pk (B,D,F,M)/5 Av (7)",Manhattan,metrocard,Metrocard - Full Fare,260.0,0.0
2022-05-31T23:00:00.000,subway,328,WTC Cortlandt (1),Manhattan,metrocard,Metrocard - Full Fare,32.0,0.0
2022-05-31T21:00:00.000,subway,145,190 St (A),Manhattan,metrocard,Metrocard - Unlimited 30-Day,5.0,0.0
2022-05-31T02:00:00.000,subway,144,Dyckman St (A),Manhattan,omny,OMNY - Full Fare,1.0,0.0
2022-05-31T08:00:00.000,subway,155,"Cathedral Pkwy (110 St) (C,B)",Manhattan,omny,OMNY - Full Fare,256.0,6.0
2022-05-31T09:00:00.000,subway,327,"Chambers St (1,2,3)",Manhattan,metrocard,Metrocard - Unlimited 30-Day,33.0,0.0
2022-05-31T04:00:00.000,subway,144,Dyckman St (A),Manhattan,omny,OMNY - Full Fare,6.0,0.0
2022-05-31T10:00:00.000,subway,146,181 St (A),Manhattan,metrocard,Metrocard - Seniors & Disability,19.0,0.0
2022-05-31T15:00:00.000,subway,14,"23 St (R,W)",Manhattan,metrocard,Metrocard - Fair Fare,23.0,0.0
2022-05-31T13:00:00.000,subway,329,Rector St (1),Manhattan,metrocard,Metrocard - Unlimited 7-Day,35.0,0.0
2022-05-31T00:00:00.000,subway,154,"116 St (C,B)",Manhattan,metrocard,Metrocard - Seniors & Disability,1.0,1.0
2022-05-31T12:00:00.000,subway,151,"145 St (A,C,B,D)",Manhattan,metrocard,Metrocard - Seniors & Disability,30.0,2.0
2022-05-31T18:00:00.000,subway,162,"50 St (C,E)",Manhattan,metrocard,Metrocard - Fair Fare,23.0,0.0
2022-05-31T06:00:00.000,subway,16,"8 St-NYU (R,W)",Manhattan,metrocard,Metrocard - Unlimited 7-Day,3.0,0.0
2022-05-31T05:00:00.000,subway,149,163 St-Amsterdam Av (C),Manhattan,metrocard,Metrocard - Fair Fare,4.0,0.0
2022-05-31T19:00:00.000,subway,9,"57 St-7 Av (N,Q,R,W)",Manhattan,metrocard,Metrocard - Seniors & Disability,29.0,3.0
2022-05-31T00:00:00.000,subway,16,"8 St-NYU (R,W)",Manhattan,metrocard,Metrocard - Unlimited 30-Day,5.0,0.0
2022-05-31T19:00:00.000,subway,160,"72 St (C,B)",Manhattan,metrocard,Metrocard - Fair Fare,4.0,0.0
2022-05-31T22:00:00.000,subway,157,"96 St (C,B)",Manhattan,omny,OMNY - Full Fare,12.0,0.0
2022-05-31T05:00:00.000,subway,329,Rector St (1),Manhattan,omny,OMNY - Full Fare,4.0,1.0
2022-05-31T10:00:00.000,subway,607,"34 St-Herald Sq (B,D,F,M,N,Q,R,W)",Manhattan,metrocard,Metrocard - Seniors & Disability,94.0,4.0
2022-05-31T12:00:00.000,subway,157,"96 St (C,B)",Manhattan,metrocard,Metrocard - Fair Fare,3.0,1.0
2022-05-31T06:00:00.000,subway,158,"86 St (C,B)",Manhattan,metrocard,Metrocard - Seniors & Disability,2.0,1.0
2022-05-31T08:00:00.000,subway,149,163 St-Amsterdam Av (C),Manhattan,metrocard,Metrocard - Other,10.0,0.0
2022-05-31T13:00:00.000,subway,602,"14 St-Union Sq (L,N,Q,R,W,4,5,6)",Manhattan,metrocard,Metrocard - Unlimited 7-Day,262.0,0.0
2022-05-31T14:00:00.000,subway,328,WTC Cortlandt (1),Manhattan,metrocard,Metrocard - Seniors & Disability,11.0,0.0
2022-05-31T01:00:00.000,subway,152,"135 St (C,B)",Manhattan,metrocard,Metrocard - Fair Fare,2.0,0.0
2022-05-31T11:00:00.000,subway,328,WTC Cortlandt (1),Manhattan,omny,OMNY - Full Fare,61.0,3.0
2022-05-31T08:00:00.000,subway,159,"81 St-Museum of Natural History (C,B)",Manhattan,metrocard,Metrocard - Students,34.0,3.0
2022-05-31T00:00:00.000,subway,155,"Cathedral Pkwy (110 St) (C,B)",Manhattan,metrocard,Metrocard - Full Fare,5.0,0.0
2022-05-31T06:00:00.000,subway,152,"135 St (C,B)",Manhattan,metrocard,Metrocard - Full Fare,31.0,1.0
2022-05-31T06:00:00.000,subway,147,175 St (A),Manhattan,metrocard,Metrocard - Other,24.0,0.0
2022-05-31T20:00:00.000,subway,333,"Wall St (2,3)",Manhattan,metrocard,Metrocard - Unlimited 30-Day,52.0,0.0
2022-05-31T20:00:00.000,subway,156,"103 St (C,B)",Manhattan,metrocard,Metrocard - Unlimited 30-Day,10.0,0.0
2022-05-31T19:00:00.000,subway,328,WTC Cortlandt (1),Manhattan,metrocard,Metrocard - Fair Fare,2.0,0.0
2022-05-31T16:00:00.000,subway,157,"96 St (C,B)",Manhattan,metrocard,Metrocard - Students,34.0,6.0
2022-05-31T03:00:00.000,subway,162,"50 St (C,E)",Manhattan,omny,OMNY - Full Fare,2.0,0.0
2022-05-31T20:00:00.000,subway,143,Inwood-207 St (A),Manhattan,metrocard,Metrocard - Unlimited 7-Day,20.0,0.0
2022-05-31T05:00:00.000,subway,152,"135 St (C,B)",Manhattan,metrocard,Metrocard - Other,1.0,0.0
2022-05-31T08:00:00.000,subway,16,"8 St-NYU (R,W)",Manhattan,metrocard,Metrocard - Other,26.0,0.0
2022-05-31T11:00:00.000,subway,333,"Wall St (2,3)",Manhattan,metrocard,Metrocard - Unlimited 30-Day,39.0,0.0
2022-05-31T20:00:00.000,subway,145,190 St (A),Manhattan,metrocard,Metrocard - Fair Fare,2.0,0.0
2022-05-31T20:00:00.000,subway,407,Astor Pl (6),Manhattan,omny,OMNY - Full Fare,210.0,1.0
2022-05-31T10:00:00.000,subway,601,"14 St (F,M,1,2,3)/6 Av (L)",Manhattan,metrocard,Metrocard - Full Fare,168.0,4.0
2022-05-31T15:00:00.000,subway,146,181 St (A),Manhattan,metrocard,Metrocard - Fair Fare,16.0,0.0
2022-05-31T16:00:00.000,subway,154,"116 St (C,B)",Manhattan,metrocard,Metrocard - Full Fare,62.0,4.0
2022-05-31T08:00:00.000,subway,601,"14 St (F,M,1,2,3)/6 Av (L)",Manhattan,metrocard,Metrocard - Unlimited 7-Day,49.0,0.0
2022-05-31T05:00:00.000,subway,151,"145 St (A,C,B,D)",Manhattan,metrocard,Metrocard - Unlimited 30-Day,47.0,0.0
2022-05-31T05:00:00.000,subway,607,"34 St-Herald Sq (B,D,F,M,N,Q,R,W)",Manhattan,metrocard,Metrocard - Unlimited 30-Day,32.0,0.0
2022-05-31T20:00:00.000,subway,144,Dyckman St (A),Manhattan,metrocard,Metrocard - Other,2.0,0.0
2022-05-31T10:00:00.000,subway,153,"125 St (A,C,B,D)",Manhattan,omny,OMNY - Full Fare,239.0,10.0
2022-05-31T13:00:00.000,subway,157,"96 St (C,B)",Manhattan,metrocard,Metrocard - Unlimited 30-Day,31.0,0.0
2022-05-31T17:00:00.000,subway,333,"Wall St (2,3)",Manhattan,metrocard,Metrocard - Unlimited 7-Day,99.0,0.0
2022-05-31T09:00:00.000,subway,149,163 St-Amsterdam Av (C),Manhattan,metrocard,Metrocard - Full Fare,37.0,3.0
2022-05-31T20:00:00.000,subway,146,181 St (A),Manhattan,metrocard,Metrocard - Unlimited 30-Day,10.0,0.0
2022-05-31T10:00:00.000,subway,413,"Wall St (4,5)",Manhattan,metrocard,Metrocard - Unlimited 30-Day,24.0,0.0
2022-05-31T17:00:00.000,subway,154,"116 St (C,B)",Manhattan,omny,OMNY - Full Fare,117.0,10.0
2022-05-31T16:00:00.000,subway,152,"135 St (C,B)",Manhattan,metrocard,Metrocard - Other,24.0,1.0
2022-05-31T17:00:00.000,subway,9,"57 St-7 Av (N,Q,R,W)",Manhattan,omny,OMNY - Full Fare,1027.0,11.0
2022-05-31T14:00:00.000,subway,159,"81 St-Museum of Natural History (C,B)",Manhattan,metrocard,Metrocard - Fair Fare,14.0,2.0
2022-05-31T08:00:00.000,subway,607,"34 St-Herald Sq (B,D,F,M,N,Q,R,W)",Manhattan,metrocard,Metrocard - Full Fare,1649.0,18.0
2022-05-31T07:00:00.000,subway,144,Dyckman St (A),Manhattan,metrocard,Metrocard - Unlimited 7-Day,49.0,0.0
2022-05-31T20:00:00.000,subway,602,"14 St-Union Sq (L,N,Q,R,W,4,5,6)",Manhattan,metrocard,Metrocard - Students,77.0,0.0
2022-05-31T10:00:00.000,subway,13,"28 St (R,W)",Manhattan,metrocard,Metrocard - Unlimited 30-Day,14.0,0.0
2022-05-31T05:00:00.000,subway,162,"50 St (C,E)",Manhattan,metrocard,Metrocard - Fair Fare,1.0,0.0
2022-05-31T16:00:00.000,subway,405,23 St (6),Manhattan,metrocard,Metrocard - Full Fare,445.0,25.0
2022-05-31T09:00:00.000,subway,328,WTC Cortlandt (1),Manhattan,metrocard,Metrocard - Full Fare,161.0,0.0
2022-05-31T02:00:00.000,subway,159,"81 St-Museum of Natural History (C,B)",Manhattan,metrocard,Metrocard - Other,3.0,0.0
2022-05-31T14:00:00.000,subway,16,"8 St-NYU (R,W)",Manhattan,metrocard,Metrocard - Fair Fare,4.0,0.0
2022-05-31T20:00:00.000,subway,158,"86 St (C,B)",Manhattan,metrocard,Metrocard - Students,9.0,0.0
2022-05-31T00:00:00.000,subway,601,"14 St (F,M,1,2,3)/6 Av (L)",Manhattan,metrocard,Metrocard - Other,14.0,0.0
2022-05-31T07:00:00.000,subway,329,Rector St (1),Manhattan,metrocard,Metrocard - Fair Fare,1.0,0.0
2022-05-31T19:00:00.000,subway,413,"Wall St (4,5)",Manhattan,metrocard,Metrocard - Fair Fare,7.0,0.0
2022-05-31T10:00:00.000,subway,414,"Bowling Green (4,5)",Manhattan,metrocard,Metrocard - Seniors & Disability,23.0,6.0
2022-05-31T17:00:00.000,subway,409,Spring St (6),Manhattan,metrocard,Metrocard - Unlimited 7-Day,70.0,0.0
2022-05-31T11:00:00.000,subway,162,"50 St (C,E)",Manhattan,metrocard,Metrocard - Seniors & Disability,16.0,0.0
2022-05-31T04:00:00.000,subway,405,23 St (6),Manhattan,omny,OMNY - Full Fare,1.0,1.0
2022-05-31T09:00:00.000,subway,157,"96 St (C,B)",Manhattan,metrocard,Metrocard - Unlimited 7-Day,27.0,0.0
2022-05-31T05:00:00.000,subway,407,Astor Pl (6),Manhattan,metrocard,Metrocard - Unlimited 30-Day,2.0,0.0
2022-05-31T20:00:00.000,subway,150,155 St (C),Manhattan,metrocard,Metrocard - Unlimited 7-Day,3.0,0.0
2022-05-31T02:00:00.000,subway,327,"Chambers St (1,2,3)",Manhattan,metrocard,Metrocard - Other,1.0,0.0
2022-05-31T12:00:00.000,subway,143,Inwood-207 St (A),Manhattan,metrocard,Metrocard - Unlimited 30-Day,24.0,0.0
2022-05-31T22:00:00.000,subway,153,"125 St (A,C,B,D)",Manhattan,metrocard,Metrocard - Full Fare,85.0,11.0
2022-05-31T05:00:00.000,subway,605,"168 St (A,C,1)",Manhattan,metrocard,Metrocard - Fair Fare,8.0,0.0
2022-05-31T07:00:00.000,subway,409,Spring St (6),Manhattan,metrocard,Metrocard - Seniors & Disability,6.0,0.0
2022-05-31T01:00:00.000,subway,143,Inwood-207 St (A),Manhattan,metrocard,Metrocard - Full Fare,1.0,0.0
2022-05-31T11:00:00.000,subway,147,175 St (A),Manhattan,metrocard,Metrocard - Students,9.0,0.0
2022-05-31T22:00:00.000,subway,159,"81 St-Museum of Natural History (C,B)",Manhattan,metrocard,Metrocard - Unlimited 30-Day,19.0,0.0
2022-05-31T13:00:00.000,subway,14,"23 St (R,W)",Manhattan,metrocard,Metrocard - Unlimited 7-Day,75.0,0.0
2022-05-31T15:00:00.000,subway,414,"Bowling Green (4,5)",Manhattan,metrocard,Metrocard - Seniors & Disability,26.0,3.0
2022-05-31T06:00:00.000,subway,155,"Cathedral Pkwy (110 St) (C,B)",Manhattan,metrocard,Metrocard - Seniors & Disability,5.0,0.0
2022-05-31T08:00:00.000,subway,409,Spring St (6),Manhattan,metrocard,Metrocard - Unlimited 7-Day,22.0,0.0
2022-05-31T01:00:00.000,subway,13,"28 St (R,W)",Manhattan,metrocard,Metrocard - Unlimited 7-Day,7.0,0.0
2022-05-31T19:00:00.000,subway,149,163 St-Amsterdam Av (C),Manhattan,metrocard,Metrocard - Other,3.0,0.0
2022-05-31T10:00:00.000,subway,150,155 St (C),Manhattan,metrocard,Metrocard - Seniors & Disability,8.0,0.0
2022-05-31T00:00:00.000,subway,162,"50 St (C,E)",Manhattan,metrocard,Metrocard - Unlimited 30-Day,9.0,0.0
2022-05-31T15:00:00.000,subway,329,Rector St (1),Manhattan,metrocard,Metrocard - Unlimited 30-Day,37.0,0.0
2022-05-31T21:00:00.000,subway,158,"86 St (C,B)",Manhattan,metrocard,Metrocard - Seniors & Disability,2.0,1.0
2022-05-31T04:00:00.000,subway,147,175 St (A),Manhattan,metrocard,Metrocard - Unlimited 7-Day,9.0,0.0
2022-05-31T23:00:00.000,subway,159,"81 St-Museum of Natural History (C,B)",Manhattan,metrocard,Metrocard - Seniors & Disability,1.0,0.0
2022-05-31T13:00:00.000,subway,328,WTC Cortlandt (1),Manhattan,metrocard,Metrocard - Students,9.0,0.0
2022-05-31T21:00:00.000,subway,605,"168 St (A,C,1)",Manhattan,metrocard,Metrocard - Unlimited 30-Day,45.0,0.0
2022-05-31T13:00:00.000,subway,152,"135 St (C,B)",Manhattan,metrocard,Metrocard - Fair Fare,13.0,0.0
2022-05-31T10:00:00.000,subway,602,"14 St-Union Sq (L,N,Q,R,W,4,5,6)",Manhattan,metrocard,Metrocard - Unlimited 30-Day,161.0,0.0
2022-05-31T19:00:00.000,subway,149,163 St-Amsterdam Av (C),Manhattan,metrocard,Metrocard - Seniors & Disability,3.0,1.0
2022-05-31T05:00:00.000,subway,407,Astor Pl (6),Manhattan,metrocard,Metrocard - Unlimited 7-Day,1.0,0.0
2022-05-31T18:00:00.000,subway,413,"Wall St (4,5)",Manhattan,metrocard,Metrocard - Full Fare,288.0,0.0
2022-05-31T17:00:00.000,subway,152,"135 St (C,B)",Manhattan,omny,OMNY - Full Fare,66.0,1.0
2022-05-31T14:00:00.000,subway,156,"103 St (C,B)",Manhattan,metrocard,Metrocard - Unlimited 7-Day,23.0,0.0
2022-05-31T09:00:00.000,subway,327,"Chambers St (1,2,3)",Manhattan,metrocard,Metrocard - Fair Fare,3.0,0.0
2022-05-31T10:00:00.000,subway,162,"50 St (C,E)",Manhattan,metrocard,Metrocard - Other,22.0,0.0
2022-05-31T23:00:00.000,subway,155,"Cathedral Pkwy (110 St) (C,B)",Manhattan,omny,OMNY - Full Fare,13.0,0.0
2022-05-31T21:00:00.000,subway,407,Astor Pl (6),Manhattan,metrocard,Metrocard - Other,17.0,0.0
2022-05-31T15:00:00.000,subway,328,WTC Cortlandt (1),Manhattan,metrocard,Metrocard - Other,17.0,0.0
2022-05-31T10:00:00.000,subway,150,155 St (C),Manhattan,omny,OMNY - Full Fare,18.0,0.0
2022-05-31T11:00:00.000,subway,333,"Wall St (2,3)",Manhattan,metrocard,Metrocard - Full Fare,67.0,0.0
2022-05-31T16:00:00.000,subway,147,175 St (A),Manhattan,metrocard,Metrocard - Other,11.0,1.0
2022-05-31T14:00:00.000,subway,601,"14 St (F,M,1,2,3)/6 Av (L)",Manhattan,metrocard,Metrocard - Seniors & Disability,80.0,9.0
2022-05-31T13:00:00.000,subway,326,Franklin St (1),Manhattan,omny,OMNY - Full Fare,60.0,0.0
2022-05-31T11:00:00.000,subway,154,"116 St (C,B)",Manhattan,metrocard,Metrocard - Unlimited 30-Day,23.0,0.0
2022-05-31T03:00:00.000,subway,327,"Chambers St (1,2,3)",Manhattan,metrocard,Metrocard - Unlimited 7-Day,2.0,0.0
2022-05-31T10:00:00.000,subway,143,Inwood-207 St (A),Manhattan,metrocard,Metrocard - Fair Fare,9.0,2.0
2022-05-31T20:00:00.000,subway,155,"Cathedral Pkwy (110 St) (C,B)",Manhattan,metrocard,Metrocard - Unlimited 30-Day,25.0,0.0
2022-05-31T21:00:00.000,subway,147,175 St (A),Manhattan,metrocard,Metrocard - Unlimited 7-Day,14.0,0.0
2022-05-31T19:00:00.000,subway,144,Dyckman St (A),Manhattan,omny,OMNY - Full Fare,37.0,2.0
2022-05-31T11:00:00.000,subway,155,"Cathedral Pkwy (110 St) (C,B)",Manhattan,omny,OMNY - Full Fare,82.0,3.0
2022-05-31T18:00:00.000,subway,414,"Bowling Green (4,5)",Manhattan,metrocard,Metrocard - Other,140.0,2.0
2022-05-31T08:00:00.000,subway,14,"23 St (R,W)",Manhattan,metrocard,Metrocard - Other,23.0,0.0
2022-05-31T13:00:00.000,subway,14,"23 St (R,W)",Manhattan,metrocard,Metrocard - Students,5.0,0.0
2022-05-31T09:00:00.000,subway,160,"72 St (C,B)",Manhattan,omny,OMNY - Full Fare,116.0,3.0
2022-05-31T08:00:00.000,subway,145,190 St (A),Manhattan,metrocard,Metrocard - Unlimited 30-Day,77.0,0.0
2022-05-31T21:00:00.000,subway,153,"125 St (A,C,B,D)",Manhattan,metrocard,Metrocard - Seniors & Disability,8.0,3.0
2022-05-31T17:00:00.000,subway,151,"145 St (A,C,B,D)",Manhattan,metrocard,Metrocard - Other,27.0,0.0
2022-05-31T16:00:00.000,subway,160,"72 St (C,B)",Manhattan,metrocard,Metrocard - Fair Fare,19.0,2.0
2022-05-31T14:00:00.000,subway,605,"168 St (A,C,1)",Manhattan,metrocard,Metrocard - Students,40.0,1.0
2022-05-31T21:00:00.000,subway,405,23 St (6),Manhattan,metrocard,Metrocard - Full Fare,75.0,2.0
2022-05-31T13:00:00.000,subway,160,"72 St (C,B)",Manhattan,omny,OMNY - Full Fare,118.0,0.0
2022-05-31T17:00:00.000,subway,143,Inwood-207 St (A),Manhattan,metrocard,Metrocard - Seniors & Disability,21.0,3.0
2022-05-31T01:00:00.000,subway,605,"168 St (A,C,1)",Manhattan,metrocard,Metrocard - Full Fare,1.0,0.0
2022-05-31T18:00:00.000,subway,605,"168 St (A,C,1)",Manhattan,metrocard,Metrocard - Unlimited 7-Day,69.0,0.0
2022-05-31T14:00:00.000,subway,16,"8 St-NYU (R,W)",Manhattan,omny,OMNY - Full Fare,187.0,4.0
2022-05-31T20:00:00.000,subway,143,Inwood-207 St (A),Manhattan,metrocard,Metrocard - Fair Fare,7.0,1.0
2022-05-31T19:00:00.000,subway,144,Dyckman St (A),Manhattan,metrocard,Metrocard - Unlimited 7-Day,13.0,0.0
2022-05-31T17:00:00.000,subway,157,"96 St (C,B)",Manhattan,metrocard,Metrocard - Full Fare,172.0,56.0
2022-05-31T16:00:00.000,subway,154,"116 St (C,B)",Manhattan,metrocard,Metrocard - Seniors & Disability,13.0,2.0
2022-05-31T23:00:00.000,subway,16,"8 St-NYU (R,W)",Manhattan,metrocard,Metrocard - Fair Fare,3.0,0.0
2022-05-31T05:00:00.000,subway,607,"34 St-Herald Sq (B,D,F,M,N,Q,R,W)",Manhattan,metrocard,Metrocard - Other,24.0,0.0
2022-05-31T21:00:00.000,subway,144,Dyckman St (A),Manhattan,metrocard,Metrocard - Fair Fare,1.0,0.0
2022-05-31T10:00:00.000,subway,333,"Wall St (2,3)",Manhattan,omny,OMNY - Full Fare,82.0,1.0
2022-05-31T13:00:00.000,subway,149,163 St-Amsterdam Av (C),Manhattan,metrocard,Metrocard - Students,3.0,0.0
2022-05-31T18:00:00.000,subway,327,"Chambers St (1,2,3)",Manhattan,metrocard,Metrocard - Full Fare,332.0,0.0
2022-05-31T17:00:00.000,subway,602,"14 St-Union Sq (L,N,Q,R,W,4,5,6)",Manhattan,omny,OMNY - Seniors & Disability,1.0,0.0
2022-05-31T13:00:00.000,subway,156,"103 St (C,B)",Manhattan,metrocard,Metrocard - Full Fare,27.0,0.0
2022-05-31T21:00:00.000,subway,155,"Cathedral Pkwy (110 St) (C,B)",Manhattan,metrocard,Metrocard - Unlimited 7-Day,5.0,0.0
2022-05-31T21:00:00.000,subway,147,175 St (A),Manhattan,omny,OMNY - Full Fare,27.0,0.0
2022-05-31T13:00:00.000,subway,409,Spring St (6),Manhattan,metrocard,Metrocard - Seniors & Disability,14.0,0.0
2022-05-31T12:00:00.000,subway,409,Spring St (6),Manhattan,metrocard,Metrocard - Seniors & Disability,8.0,0.0
2022-05-31T06:00:00.000,subway,405,23 St (6),Manhattan,metrocard,Metrocard - Students,3.0,0.0
2022-05-31T13:00:00.000,subway,14,"23 St (R,W)",Manhattan,omny,OMNY - Full Fare,201.0,7.0
2022-05-31T06:00:00.000,subway,327,"Chambers St (1,2,3)",Manhattan,metrocard,Metrocard - Seniors & Disability,3.0,0.0
2022-05-31T21:00:00.000,subway,329,Rector St (1),Manhattan,metrocard,Metrocard - Other,4.0,0.0
2022-05-31T19:00:00.000,subway,152,"135 St (C,B)",Manhattan,metrocard,Metrocard - Full Fare,21.0,1.0
2022-05-31T06:00:00.000,subway,144,Dyckman St (A),Manhattan,metrocard,Metrocard - Fair Fare,14.0,0.0
2022-05-31T14:00:00.000,subway,159,"81 St-Museum of Natural History (C,B)",Manhattan,metrocard,Metrocard - Other,9.0,1.0
2022-05-31T15:00:00.000,subway,328,WTC Cortlandt (1),Manhattan,omny,OMNY - Full Fare,133.0,0.0
2022-05-31T09:00:00.000,subway,605,"168 St (A,C,1)",Manhattan,omny,OMNY - Full Fare,186.0,6.0
2022-05-31T09:00:00.000,subway,16,"8 St-NYU (R,W)",Manhattan,metrocard,Metrocard - Seniors & Disability,19.0,0.0
2022-05-31T08:00:00.000,subway,155,"Cathedral Pkwy (110 St) (C,B)",Manhattan,metrocard,Metrocard - Other,32.0,0.0
2022-05-31T13:00:00.000,subway,158,"86 St (C,B)",Manhattan,metrocard,Metrocard - Fair Fare,13.0,1.0
2022-05-31T06:00:00.000,subway,601,"14 St (F,M,1,2,3)/6 Av (L)",Manhattan,metrocard,Metrocard - Seniors & Disability,9.0,2.0
2022-05-31T05:00:00.000,subway,326,Franklin St (1),Manhattan,omny,OMNY - Full Fare,2.0,0.0
2022-05-31T16:00:00.000,subway,145,190 St (A),Manhattan,metrocard,Metrocard - Students,5.0,0.0
2022-05-31T10:00:00.000,subway,155,"Cathedral Pkwy (110 St) (C,B)",Manhattan,metrocard,Metrocard - Unlimited 7-Day,26.0,0.0
2022-05-31T10:00:00.000,subway,327,"Chambers St (1,2,3)",Manhattan,metrocard,Metrocard - Students,7.0,0.0
2022-05-31T00:00:00.000,subway,156,"103 St (C,B)",Manhattan,metrocard,Metrocard - Seniors & Disability,1.0,0.0
2022-05-31T12:00:00.000,subway,9,"57 St-7 Av (N,Q,R,W)",Manhattan,metrocard,Metrocard - Unlimited 7-Day,67.0,0.0
2022-05-31T08:00:00.000,subway,160,"72 St (C,B)",Manhattan,metrocard,Metrocard - Unlimited 30-Day,36.0,0.0
2022-05-31T18:00:00.000,subway,9,"57 St-7 Av (N,Q,R,W)",Manhattan,metrocard,Metrocard - Fair Fare,28.0,0.0
2022-05-31T10:00:00.000,subway,9,"57 St-7 Av (N,Q,R,W)",Manhattan,metrocard,Metrocard - Unlimited 7-Day,89.0,0.0
2022-05-31T09:00:00.000,subway,607,"34 St-Herald Sq (B,D,F,M,N,Q,R,W)",Manhattan,metrocard,Metrocard - Unlimited 7-Day,280.0,0.0
2022-05-31T08:00:00.000,subway,146,181 St (A),Manhattan,metrocard,Metrocard - Students,101.0,9.0
2022-05-31T21:00:00.000,subway,159,"81 St-Museum of Natural History (C,B)",Manhattan,metrocard,Metrocard - Fair Fare,5.0,0.0
2022-05-31T22:00:00.000,subway,13,"28 St (R,W)",Manhattan,metrocard,Metrocard - Full Fare,39.0,0.0
2022-05-31T22:00:00.000,subway,14,"23 St (R,W)",Manhattan,metrocard,Metrocard - Fair Fare,11.0,0.0
2022-05-31T16:00:00.000,subway,601,"14 St (F,M,1,2,3)/6 Av (L)",Manhattan,omny,OMNY - Full Fare,761.0,14.0
2022-05-31T12:00:00.000,subway,151,"145 St (A,C,B,D)",Manhattan,metrocard,Metrocard - Other,34.0,1.0
2022-05-31T12:00:00.000,subway,143,Inwood-207 St (A),Manhattan,metrocard,Metrocard - Students,5.0,1.0
2022-05-31T11:00:00.000,subway,602,"14 St-Union Sq (L,N,Q,R,W,4,5,6)",Manhattan,metrocard,Metrocard - Full Fare,384.0,13.0
2022-05-31T03:00:00.000,subway,145,190 St (A),Manhattan,omny,OMNY - Full Fare,1.0,0.0
2022-05-31T00:00:00.000,subway,9,"57 St-7 Av (N,Q,R,W)",Manhattan,metrocard,Metrocard - Fair Fare,4.0,0.0
2022-05-31T03:00:00.000,subway,407,Astor Pl (6),Manhattan,metrocard,Metrocard - Fair Fare,1.0,0.0
2022-05-31T21:00:00.000,subway,602,"14 St-Union Sq (L,N,Q,R,W,4,5,6)",Manhattan,metrocard,Metrocard - Fair Fare,65.0,1.0
2022-05-31T21:00:00.000,subway,147,175 St (A),Manhattan,metrocard,Metrocard - Other,2.0,0.0
2022-05-31T05:00:00.000,subway,156,"103 St (C,B)",Manhattan,metrocard,Metrocard - Unlimited 7-Day,9.0,0.0
2022-05-31T06:00:00.000,subway,157,"96 St (C,B)",Manhattan,metrocard,Metrocard - Fair Fare,4.0,0.0
2022-05-31T16:00:00.000,subway,413,"Wall St (4,5)",Manhattan,omny,OMNY - Other,1.0,0.0
2022-05-31T12:00:00.000,subway,157,"96 St (C,B)",Manhattan,metrocard,Metrocard - Other,15.0,1.0
2022-05-31T07:00:00.000,subway,162,"50 St (C,E)",Manhattan,metrocard,Metrocard - Unlimited 30-Day,46.0,0.0
2022-05-31T00:00:00.000,subway,157,"96 St (C,B)",Manhattan,omny,OMNY - Full Fare,6.0,0.0
2022-05-31T16:00:00.000,subway,151,"145 St (A,C,B,D)",Manhattan,metrocard,Metrocard - Full Fare,237.0,8.0
2022-05-31T08:00:00.000,subway,160,"72 St (C,B)",Manhattan,metrocard,Metrocard - Students,18.0,1.0
2022-05-31T10:00:00.000,subway,609,"Bryant Pk (B,D,F,M)/5 Av (7)",Manhattan,metrocard,Metrocard - Fair Fare,15.0,0.0
2022-05-31T08:00:00.000,subway,151,"145 St (A,C,B,D)",Manhattan,metrocard,Metrocard - Fair Fare,83.0,3.0
2022-05-31T22:00:00.000,subway,14,"23 St (R,W)",Manhattan,omny,OMNY - Full Fare,114.0,1.0
2022-05-31T06:00:00.000,subway,157,"96 St (C,B)",Manhattan,metrocard,Metrocard - Students,5.0,0.0
2022-05-31T15:00:00.000,subway,144,Dyckman St (A),Manhattan,metrocard,Metrocard - Students,36.0,1.0
2022-05-31T23:00:00.000,subway,144,Dyckman St (A),Manhattan,metrocard,Metrocard - Other,2.0,0.0
2022-05-31T04:00:00.000,subway,144,Dyckman St (A),Manhattan,metrocard,Metrocard - Unlimited 7-Day,8.0,0.0
2022-05-31T05:00:00.000,subway,145,190 St (A),Manhattan,metrocard,Metrocard - Seniors & Disability,5.0,0.0
2022-05-31T19:00:00.000,subway,327,"Chambers St (1,2,3)",Manhattan,metrocard,Metrocard - Unlimited 30-Day,100.0,0.0
2022-05-31T21:00:00.000,subway,149,163 St-Amsterdam Av (C),Manhattan,metrocard,Metrocard - Fair Fare,3.0,0.0
2022-05-31T05:00:00.000,subway,328,WTC Cortlandt (1),Manhattan,metrocard,Metrocard - Unlimited 7-Day,1.0,0.0
2022-05-31T09:00:00.000,subway,159,"81 St-Museum of Natural History (C,B)",Manhattan,omny,OMNY - Full Fare,120.0,5.0
2022-05-31T22:00:00.000,subway,147,175 St (A),Manhattan,metrocard,Metrocard - Unlimited 30-Day,5.0,0.0
2022-05-31T15:00:00.000,subway,149,163 St-Amsterdam Av (C),Manhattan,metrocard,Metrocard - Full Fare,32.0,0.0
2022-05-31T20:00:00.000,subway,154,"116 St (C,B)",Manhattan,omny,OMNY - Full Fare,26.0,0.0
2022-05-31T18:00:00.000,subway,413,"Wall St (4,5)",Manhattan,metrocard,Metrocard - Seniors & Disability,23.0,0.0
2022-05-31T08:00:00.000,subway,329,Rector St (1),Manhattan,metrocard,Metrocard - Unlimited 30-Day,31.0,0.0
2022-05-31T17:00:00.000,subway,145,190 St (A),Manhattan,metrocard,Metrocard - Full Fare,38.0,0.0
2022-05-31T13:00:00.000,subway,153,"125 St (A,C,B,D)",Manhattan,metrocard,Metrocard - Fair Fare,54.0,5.0
2022-05-31T01:00:00.000,subway,146,181 St (A),Manhattan,omny,OMNY - Full Fare,2.0,0.0
2022-05-31T22:00:00.000,subway,159,"81 St-Museum of Natural History (C,B)",Manhattan,metrocard,Metrocard - Unlimited 7-Day,14.0,0.0
2022-05-31T19:00:00.000,subway,16,"8 St-NYU (R,W)",Manhattan,metrocard,Metrocard - Unlimited 30-Day,88.0,0.0
2022-05-31T06:00:00.000,subway,333,"Wall St (2,3)",Manhattan,metrocard,Metrocard - Full Fare,26.0,0.0
2022-05-31T08:00:00.000,subway,9,"57 St-7 Av (N,Q,R,W)",Manhattan,metrocard,Metrocard - Unlimited 30-Day,103.0,0.0
2022-05-31T00:00:00.000,subway,153,"125 St (A,C,B,D)",Manhattan,metrocard,Metrocard - Unlimited 7-Day,19.0,0.0
2022-05-31T12:00:00.000,subway,158,"86 St (C,B)",Manhattan,metrocard,Metrocard - Unlimited 7-Day,40.0,0.0
2022-05-31T07:00:00.000,subway,152,"135 St (C,B)",Manhattan,omny,OMNY - Full Fare,67.0,2.0
2022-05-31T13:00:00.000,subway,147,175 St (A),Manhattan,metrocard,Metrocard - Full Fare,113.0,0.0
2022-05-31T11:00:00.000,subway,158,"86 St (C,B)",Manhattan,metrocard,Metrocard - Other,17.0,3.0
2022-05-31T13:00:00.000,subway,146,181 St (A),Manhattan,omny,OMNY - Full Fare,88.0,3.0
2022-05-31T16:00:00.000,subway,409,Spring St (6),Manhattan,omny,OMNY - Full Fare,210.0,1.0
2022-05-31T12:00:00.000,subway,147,175 St (A),Manhattan,omny,OMNY - Full Fare,88.0,3.0
2022-05-31T11:00:00.000,subway,329,Rector St (1),Manhattan,metrocard,Metrocard - Full Fare,48.0,3.0
2022-05-31T09:00:00.000,subway,333,"Wall St (2,3)",Manhattan,metrocard,Metrocard - Seniors & Disability,6.0,2.0
2022-05-31T14:00:00.000,subway,150,155 St (C),Manhattan,metrocard,Metrocard - Unlimited 30-Day,15.0,0.0
2022-05-31T09:00:00.000,subway,151,"145 St (A,C,B,D)",Manhattan,omny,OMNY - Full Fare,251.0,2.0
2022-05-31T04:00:00.000,subway,153,"125 St (A,C,B,D)",Manhattan,metrocard,Metrocard - Full Fare,15.0,1.0
2022-05-31T07:00:00.000,subway,602,"14 St-Union Sq (L,N,Q,R,W,4,5,6)",Manhattan,metrocard,Metrocard - Fair Fare,42.0,4.0
2022-05-31T12:00:00.000,subway,13,"28 St (R,W)",Manhattan,metrocard,Metrocard - Seniors & Disability,10.0,0.0
2022-05-31T17:00:00.000,subway,414,"Bowling Green (4,5)",Manhattan,metrocard,Metrocard - Fair Fare,51.0,3.0
2022-05-31T19:00:00.000,subway,147,175 St (A),Manhattan,metrocard,Metrocard - Seniors & Disability,7.0,0.0
2022-05-31T17:00:00.000,subway,158,"86 St (C,B)",Manhattan,metrocard,Metrocard - Full Fare,180.0,22.0
2022-05-31T12:00:00.000,subway,327,"Chambers St (1,2,3)",Manhattan,metrocard,Metrocard - Seniors & Disability,15.0,0.0
2022-05-31T20:00:00.000,subway,156,"103 St (C,B)",Manhattan,metrocard,Metrocard - Unlimited 7-Day,12.0,0.0
2022-05-31T16:00:00.000,subway,151,"145 St (A,C,B,D)",Manhattan,omny,OMNY - Full Fare,211.0,4.0
2022-05-31T13:00:00.000,subway,13,"28 St (R,W)",Manhattan,metrocard,Metrocard - Other,12.0,0.0
2022-05-31T09:00:00.000,subway,146,181 St (A),Manhattan,metrocard,Metrocard - Unlimited 30-Day,79.0,0.0
2022-05-31T14:00:00.000,subway,162,"50 St (C,E)",Manhattan,metrocard,Metrocard - Unlimited 7-Day,70.0,0.0
2022-05-31T20:00:00.000,subway,152,"135 St (C,B)",Manhattan,metrocard,Metrocard - Unlimited 30-Day,16.0,0.0
2022-05-31T19:00:00.000,subway,413,"Wall St (4,5)",Manhattan,metrocard,Metrocard - Other,18.0,0.0
2022-05-31T23:00:00.000,subway,14,"23 St (R,W)",Manhattan,metrocard,Metrocard - Full Fare,59.0,0.0
2022-05-31T15:00:00.000,subway,146,181 St (A),Manhattan,metrocard,Metrocard - Full Fare,93.0,2.0
2022-05-31T07:00:00.000,subway,328,WTC Cortlandt (1),Manhattan,metrocard,Metrocard - Other,16.0,0.0
2022-05-31T10:00:00.000,subway,154,"116 St (C,B)",Manhattan,metrocard,Metrocard - Full Fare,32.0,2.0
2022-05-31T11:00:00.000,subway,145,190 St (A),Manhattan,metrocard,Metrocard - Other,3.0,0.0
2022-05-31T13:00:00.000,subway,155,"Cathedral Pkwy (110 St) (C,B)",Manhattan,metrocard,Metrocard - Students,12.0,0.0
2022-05-31T04:00:00.000,subway,149,163 St-Amsterdam Av (C),Manhattan,metrocard,Metrocard - Seniors & Disability,1.0,0.0
2022-05-31T16:00:00.000,subway,413,"Wall St (4,5)",Manhattan,metrocard,Metrocard - Unlimited 30-Day,103.0,0.0
2022-05-31T12:00:00.000,subway,414,"Bowling Green (4,5)",Manhattan,metrocard,Metrocard - Unlimited 30-Day,38.0,0.0
2022-05-31T07:00:00.000,subway,16,"8 St-NYU (R,W)",Manhattan,omny,OMNY - Full Fare,95.0,2.0
2022-05-31T20:00:00.000,subway,146,181 St (A),Manhattan,metrocard,Metrocard - Full Fare,21.0,0.0
2022-05-31T18:00:00.000,subway,602,"14 St-Union Sq (L,N,Q,R,W,4,5,6)",Manhattan,metrocard,Metrocard - Unlimited 7-Day,453.0,0.0
2022-05-31T09:00:00.000,subway,143,Inwood-207 St (A),Manhattan,metrocard,Metrocard - Other,30.0,2.0
2022-05-31T19:00:00.000,subway,157,"96 St (C,B)",Manhattan,metrocard,Metrocard - Students,15.0,1.0
2022-05-31T04:00:00.000,subway,329,Rector St (1),Manhattan,metrocard,Metrocard - Other,2.0,0.0
2022-05-31T20:00:00.000,subway,158,"86 St (C,B)",Manhattan,metrocard,Metrocard - Fair Fare,7.0,0.0
2022-05-31T04:00:00.000,subway,146,181 St (A),Manhattan,metrocard,Metrocard - Unlimited 7-Day,4.0,0.0
2022-05-31T10:00:00.000,subway,16,"8 St-NYU (R,W)",Manhattan,metrocard,Metrocard - Unlimited 30-Day,29.0,0.0
2022-05-31T22:00:00.000,subway,414,"Bowling Green (4,5)",Manhattan,metrocard,Metrocard - Unlimited 7-Day,34.0,0.0
2022-05-31T11:00:00.000,subway,162,"50 St (C,E)",Manhattan,omny,OMNY - Full Fare,151.0,0.0
2022-05-31T14:00:00.000,subway,333,"Wall St (2,3)",Manhattan,metrocard,Metrocard - Fair Fare,12.0,0.0
2022-05-31T21:00:00.000,subway,607,"34 St-Herald Sq (B,D,F,M,N,Q,R,W)",Manhattan,metrocard,Metrocard - Fair Fare,76.0,1.0
2022-05-31T19:00:00.000,subway,157,"96 St (C,B)",Manhattan,omny,OMNY - Full Fare,137.0,13.0
2022-05-31T21:00:00.000,subway,160,"72 St (C,B)",Manhattan,metrocard,Metrocard - Unlimited 30-Day,29.0,0.0
2022-05-31T19:00:00.000,subway,151,"145 St (A,C,B,D)",Manhattan,metrocard,Metrocard - Fair Fare,16.0,0.0
2022-05-31T07:00:00.000,subway,9,"57 St-7 Av (N,Q,R,W)",Manhattan,omny,OMNY - Full Fare,139.0,10.0
2022-05-31T18:00:00.000,subway,154,"116 St (C,B)",Manhattan,metrocard,Metrocard - Unlimited 30-Day,48.0,0.0
2022-05-31T07:00:00.000,subway,409,Spring St (6),Manhattan,metrocard,Metrocard - Full Fare,25.0,0.0
2022-05-31T09:00:00.000,subway,156,"103 St (C,B)",Manhattan,metrocard,Metrocard - Seniors & Disability,13.0,0.0
2022-05-31T12:00:00.000,subway,16,"8 St-NYU (R,W)",Manhattan,metrocard,Metrocard - Full Fare,45.0,0.0
2022-05-31T10:00:00.000,subway,144,Dyckman St (A),Manhattan,metrocard,Metrocard - Students,4.0,0.0
2022-05-31T22:00:00.000,subway,149,163 St-Amsterdam Av (C),Manhattan,metrocard,Metrocard - Unlimited 30-Day,3.0,0.0
2022-05-31T18:00:00.000,subway,159,"81 St-Museum of Natural History (C,B)",Manhattan,metrocard,Metrocard - Full Fare,126.0,21.0
2022-05-31T16:00:00.000,subway,152,"135 St (C,B)",Manhattan,metrocard,Metrocard - Seniors & Disability,8.0,0.0
2022-05-31T13:00:00.000,subway,327,"Chambers St (1,2,3)",Manhattan,metrocard,Metrocard - Unlimited 7-Day,39.0,0.0
2022-05-31T10:00:00.000,subway,328,WTC Cortlandt (1),Manhattan,metrocard,Metrocard - Unlimited 7-Day,46.0,0.0
2022-05-31T16:00:00.000,subway,407,Astor Pl (6),Manhattan,metrocard,Metrocard - Fair Fare,17.0,0.0
2022-05-31T01:00:00.000,subway,327,"Chambers St (1,2,3)",Manhattan,metrocard,Metrocard - Unlimited 30-Day,1.0,0.0
2022-05-31T12:00:00.000,subway,147,175 St (A),Manhattan,metrocard,Metrocard - Unlimited 30-Day,27.0,0.0
2022-05-31T11:00:00.000,subway,158,"86 St (C,B)",Manhattan,omny,OMNY - Full Fare,72.0,3.0
2022-05-31T17:00:00.000,subway,602,"14 St-Union Sq (L,N,Q,R,W,4,5,6)",Manhattan,metrocard,Metrocard - Unlimited 30-Day,791.0,0.0
2022-05-31T14:00:00.000,subway,160,"72 St (C,B)",Manhattan,metrocard,Metrocard - Unlimited 7-Day,64.0,0.0
2022-05-31T18:00:00.000,subway,143,Inwood-207 St (A),Manhattan,omny,OMNY - Full Fare,52.0,4.0
2022-05-31T07:00:00.000,subway,414,"Bowling Green (4,5)",Manhattan,metrocard,Metrocard - Unlimited 7-Day,70.0,0.0
2022-05-31T05:00:00.000,subway,160,"72 St (C,B)",Manhattan,metrocard,Metrocard - Full Fare,3.0,0.0
2022-05-31T15:00:00.000,subway,159,"81 St-Museum of Natural History (C,B)",Manhattan,metrocard,Metrocard - Students,69.0,6.0
2022-05-31T19:00:00.000,subway,16,"8 St-NYU (R,W)",Manhattan,omny,OMNY - Full Fare,266.0,2.0
2022-05-31T05:00:00.000,subway,146,181 St (A),Manhattan,metrocard,Metrocard - Fair Fare,4.0,0.0
2022-05-31T10:00:00.000,subway,601,"14 St (F,M,1,2,3)/6 Av (L)",Manhattan,metrocard,Metrocard - Students,19.0,1.0
2022-05-31T22:00:00.000,subway,150,155 St (C),Manhattan,metrocard,Metrocard - Seniors & Disability,2.0,0.0
2022-05-31T01:00:00.000,subway,152,"135 St (C,B)",Manhattan,metrocard,Metrocard - Full Fare,1.0,0.0
2022-05-31T06:00:00.000,subway,13,"28 St (R,W)",Manhattan,omny,OMNY - Full Fare,9.0,0.0
2022-05-31T16:00:00.000,subway,329,Rector St (1),Manhattan,metrocard,Metrocard - Seniors & Disability,18.0,0.0
2022-05-31T09:00:00.000,subway,156,"103 St (C,B)",Manhattan,metrocard,Metrocard - Unlimited 30-Day,34.0,0.0
2022-05-31T23:00:00.000,subway,157,"96 St (C,B)",Manhattan,metrocard,Metrocard - Fair Fare,4.0,1.0
2022-05-31T04:00:00.000,subway,154,"116 St (C,B)",Manhattan,metrocard,Metrocard - Other,1.0,0.0
2022-05-31T19:00:00.000,subway,329,Rector St (1),Manhattan,metrocard,Metrocard - Fair Fare,1.0,0.0
2022-05-31T12:00:00.000,subway,605,"168 St (A,C,1)",Manhattan,metrocard,Metrocard - Fair Fare,26.0,1.0
2022-05-31T11:00:00.000,subway,413,"Wall St (4,5)",Manhattan,metrocard,Metrocard - Full Fare,84.0,3.0
2022-05-31T13:00:00.000,subway,151,"145 St (A,C,B,D)",Manhattan,metrocard,Metrocard - Unlimited 7-Day,97.0,0.0
2022-05-31T09:00:00.000,subway,156,"103 St (C,B)",Manhattan,metrocard,Metrocard - Other,6.0,0.0
2022-05-31T21:00:00.000,subway,602,"14 St-Union Sq (L,N,Q,R,W,4,5,6)",Manhattan,metrocard,Metrocard - Seniors & Disability,42.0,2.0
2022-05-31T08:00:00.000,subway,414,"Bowling Green (4,5)",Manhattan,metrocard,Metrocard - Full Fare,328.0,194.0
2022-05-31T02:00:00.000,subway,9,"57 St-7 Av (N,Q,R,W)",Manhattan,metrocard,Metrocard - Other,3.0,0.0
2022-05-31T10:00:00.000,subway,146,181 St (A),Manhattan,metrocard,Metrocard - Full Fare,78.0,0.0
2022-05-31T20:00:00.000,subway,328,WTC Cortlandt (1),Manhattan,metrocard,Metrocard - Unlimited 7-Day,21.0,0.0
2022-05-31T13:00:00.000,subway,407,Astor Pl (6),Manhattan,metrocard,Metrocard - Full Fare,68.0,1.0
2022-05-31T15:00:00.000,subway,409,Spring St (6),Manhattan,metrocard,Metrocard - Students,20.0,0.0
2022-05-31T12:00:00.000,subway,160,"72 St (C,B)",Manhattan,metrocard,Metrocard - Seniors & Disability,29.0,2.0
2022-05-31T06:00:00.000,subway,151,"145 St (A,C,B,D)",Manhattan,metrocard,Metrocard - Students,32.0,0.0
2022-05-31T04:00:00.000,subway,16,"8 St-NYU (R,W)",Manhattan,omny,OMNY - Full Fare,2.0,0.0
2022-05-31T09:00:00.000,subway,157,"96 St (C,B)",Manhattan,omny,OMNY - Full Fare,151.0,13.0
2022-05-31T23:00:00.000,subway,16,"8 St-NYU (R,W)",Manhattan,metrocard,Metrocard - Other,3.0,0.0
2022-05-31T22:00:00.000,subway,328,WTC Cortlandt (1),Manhattan,metrocard,Metrocard - Unlimited 30-Day,9.0,0.0
2022-05-31T21:00:00.000,subway,609,"Bryant Pk (B,D,F,M)/5 Av (7)",Manhattan,metrocard,Metrocard - Fair Fare,31.0,0.0
2022-05-31T05:00:00.000,subway,155,"Cathedral Pkwy (110 St) (C,B)",Manhattan,metrocard,Metrocard - Unlimited 30-Day,7.0,0.0
2022-05-31T22:00:00.000,subway,157,"96 St (C,B)",Manhattan,metrocard,Metrocard - Other,2.0,0.0
2022-05-31T16:00:00.000,subway,414,"Bowling Green (4,5)",Manhattan,metrocard,Metrocard - Students,77.0,2.0
2022-05-31T00:00:00.000,subway,407,Astor Pl (6),Manhattan,metrocard,Metrocard - Other,1.0,0.0
2022-05-31T00:00:00.000,subway,162,"50 St (C,E)",Manhattan,omny,OMNY - Full Fare,21.0,0.0
2022-05-31T07:00:00.000,subway,159,"81 St-Museum of Natural History (C,B)",Manhattan,metrocard,Metrocard - Fair Fare,1.0,0.0
2022-05-31T17:00:00.000,subway,601,"14 St (F,M,1,2,3)/6 Av (L)",Manhattan,metrocard,Metrocard - Unlimited 30-Day,343.0,0.0
2022-05-31T04:00:00.000,subway,159,"81 St-Museum of Natural History (C,B)",Manhattan,metrocard,Metrocard - Seniors & Disability,1.0,0.0
2022-05-31T16:00:00.000,subway,14,"23 St (R,W)",Manhattan,metrocard,Metrocard - Students,44.0,2.0
2022-05-31T23:00:00.000,subway,156,"103 St (C,B)",Manhattan,metrocard,Metrocard - Full Fare,1.0,0.0
2022-05-31T03:00:00.000,subway,162,"50 St (C,E)",Manhattan,metrocard,Metrocard - Full Fare,1.0,0.0
2022-05-31T14:00:00.000,subway,143,Inwood-207 St (A),Manhattan,metrocard,Metrocard - Students,14.0,1.0
2022-05-31T14:00:00.000,subway,329,Rector St (1),Manhattan,metrocard,Metrocard - Fair Fare,5.0,0.0
2022-05-31T20:00:00.000,subway,14,"23 St (R,W)",Manhattan,metrocard,Metrocard - Other,16.0,0.0
2022-05-31T06:00:00.000,subway,150,155 St (C),Manhattan,metrocard,Metrocard - Other,6.0,0.0
2022-05-31T12:00:00.000,subway,152,"135 St (C,B)",Manhattan,metrocard,Metrocard - Other,6.0,0.0
2022-05-31T23:00:00.000,subway,157,"96 St (C,B)",Manhattan,metrocard,Metrocard - Full Fare,8.0,3.0
2022-05-31T09:00:00.000,subway,158,"86 St (C,B)",Manhattan,metrocard,Metrocard - Unlimited 30-Day,40.0,0.0
2022-05-31T10:00:00.000,subway,160,"72 St (C,B)",Manhattan,metrocard,Metrocard - Full Fare,56.0,1.0
2022-05-31T08:00:00.000,subway,162,"50 St (C,E)",Manhattan,metrocard,Metrocard - Seniors & Disability,13.0,0.0
2022-05-31T12:00:00.000,subway,157,"96 St (C,B)",Manhattan,metrocard,Metrocard - Unlimited 7-Day,27.0,0.0
2022-05-31T07:00:00.000,subway,162,"50 St (C,E)",Manhattan,metrocard,Metrocard - Unlimited 7-Day,31.0,0.0
2022-05-31T21:00:00.000,subway,151,"145 St (A,C,B,D)",Manhattan,metrocard,Metrocard - Full Fare,41.0,3.0
2022-05-31T16:00:00.000,subway,13,"28 St (R,W)",Manhattan,metrocard,Metrocard - Fair Fare,16.0,0.0
2022-05-31T14:00:00.000,subway,152,"135 St (C,B)",Manhattan,metrocard,Metrocard - Students,100.0,0.0
2022-05-31T06:00:00.000,subway,143,Inwood-207 St (A),Manhattan,metrocard,Metrocard - Full Fare,83.0,13.0
2022-05-31T14:00:00.000,subway,153,"125 St (A,C,B,D)",Manhattan,metrocard,Metrocard - Students,148.0,3.0
2022-05-31T05:00:00.000,subway,327,"Chambers St (1,2,3)",Manhattan,omny,OMNY - Full Fare,5.0,1.0
2022-05-31T23:00:00.000,subway,13,"28 St (R,W)",Manhattan,omny,OMNY - Full Fare,46.0,0.0
2022-05-31T19:00:00.000,subway,333,"Wall St (2,3)",Manhattan,metrocard,Metrocard - Other,35.0,0.0
2022-05-31T08:00:00.000,subway,149,163 St-Amsterdam Av (C),Manhattan,metrocard,Metrocard - Seniors & Disability,6.0,0.0
2022-05-31T15:00:00.000,subway,9,"57 St-7 Av (N,Q,R,W)",Manhattan,metrocard,Metrocard - Seniors & Disability,62.0,5.0
2022-05-31T18:00:00.000,subway,605,"168 St (A,C,1)",Manhattan,metrocard,Metrocard - Seniors & Disability,21.0,1.0
2022-05-31T10:00:00.000,subway,156,"103 St (C,B)",Manhattan,metrocard,Metrocard - Fair Fare,7.0,0.0
2022-05-31T21:00:00.000,subway,150,155 St (C),Manhattan,omny,OMNY - Full Fare,7.0,1.0
2022-05-31T20:00:00.000,subway,155,"Cathedral Pkwy (110 St) (C,B)",Manhattan,metrocard,Metrocard - Fair Fare,6.0,0.0
2022-05-31T07:00:00.000,subway,158,"86 St (C,B)",Manhattan,metrocard,Metrocard - Students,59.0,5.0
2022-05-31T10:00:00.000,subway,405,23 St (6),Manhattan,metrocard,Metrocard - Seniors & Disability,35.0,6.0
2022-05-31T14:00:00.000,subway,607,"34 St-Herald Sq (B,D,F,M,N,Q,R,W)",Manhattan,omny,OMNY - Full Fare,1000.0,16.0
2022-05-31T07:00:00.000,subway,147,175 St (A),Manhattan,metrocard,Metrocard - Unlimited 30-Day,106.0,0.0
2022-05-31T14:00:00.000,subway,220,"155 St (B,D)",Manhattan,omny,OMNY - Full Fare,22.0,0.0
2022-05-31T20:00:00.000,subway,157,"96 St (C,B)",Manhattan,metrocard,Metrocard - Unlimited 30-Day,35.0,0.0
2022-05-31T07:00:00.000,subway,146,181 St (A),Manhattan,metrocard,Metrocard - Unlimited 30-Day,153.0,0.0
2022-05-31T14:00:00.000,subway,143,Inwood-207 St (A),Manhattan,metrocard,Metrocard - Other,42.0,3.0
2022-05-31T10:00:00.000,subway,605,"168 St (A,C,1)",Manhattan,metrocard,Metrocard - Unlimited 30-Day,65.0,0.0
2022-05-31T09:00:00.000,subway,413,"Wall St (4,5)",Manhattan,omny,OMNY - Full Fare,193.0,9.0
2022-05-31T16:00:00.000,subway,157,"96 St (C,B)",Manhattan,metrocard,Metrocard - Fair Fare,25.0,7.0
2022-05-31T01:00:00.000,subway,151,"145 St (A,C,B,D)",Manhattan,metrocard,Metrocard - Unlimited 7-Day,3.0,0.0
2022-05-31T01:00:00.000,subway,144,Dyckman St (A),Manhattan,metrocard,Metrocard - Other,2.0,0.0
2022-05-31T15:00:00.000,subway,143,Inwood-207 St (A),Manhattan,metrocard,Metrocard - Fair Fare,10.0,1.0
2022-05-31T22:00:00.000,subway,152,"135 St (C,B)",Manhattan,omny,OMNY - Full Fare,9.0,0.0
2022-05-31T12:00:00.000,subway,413,"Wall St (4,5)",Manhattan,metrocard,Metrocard - Seniors & Disability,16.0,0.0
2022-05-31T11:00:00.000,subway,159,"81 St-Museum of Natural History (C,B)",Manhattan,omny,OMNY - Full Fare,85.0,5.0
2022-05-31T09:00:00.000,subway,152,"135 St (C,B)",Manhattan,metrocard,Metrocard - Fair Fare,10.0,1.0
2022-05-31T17:00:00.000,subway,13,"28 St (R,W)",Manhattan,metrocard,Metrocard - Students,11.0,0.0
2022-05-31T20:00:00.000,subway,414,"Bowling Green (4,5)",Manhattan,metrocard,Metrocard - Full Fare,61.0,5.0
2022-05-31T09:00:00.000,subway,409,Spring St (6),Manhattan,metrocard,Metrocard - Unlimited 30-Day,18.0,0.0
2022-05-31T13:00:00.000,subway,405,23 St (6),Manhattan,metrocard,Metrocard - Other,17.0,0.0
2022-05-31T18:00:00.000,subway,158,"86 St (C,B)",Manhattan,metrocard,Metrocard - Unlimited 30-Day,107.0,0.0
2022-05-31T16:00:00.000,subway,601,"14 St (F,M,1,2,3)/6 Av (L)",Manhattan,metrocard,Metrocard - Fair Fare,56.0,4.0
2022-05-31T12:00:00.000,subway,149,163 St-Amsterdam Av (C),Manhattan,metrocard,Metrocard - Other,6.0,1.0
2022-05-31T16:00:00.000,subway,414,"Bowling Green (4,5)",Manhattan,omny,OMNY - Other,1.0,0.0
2022-05-31T14:00:00.000,subway,162,"50 St (C,E)",Manhattan,metrocard,Metrocard - Fair Fare,12.0,0.0
2022-05-31T22:00:00.000,subway,414,"Bowling Green (4,5)",Manhattan,metrocard,Metrocard - Seniors & Disability,9.0,2.0
2022-05-31T23:00:00.000,subway,144,Dyckman St (A),Manhattan,omny,OMNY - Full Fare,7.0,0.0
2022-05-31T10:00:00.000,subway,328,WTC Cortlandt (1),Manhattan,metrocard,Metrocard - Seniors & Disability,7.0,0.0
2022-05-31T11:00:00.000,subway,13,"28 St (R,W)",Manhattan,metrocard,Metrocard - Students,2.0,0.0
2022-05-31T08:00:00.000,subway,605,"168 St (A,C,1)",Manhattan,metrocard,Metrocard - Seniors & Disability,27.0,3.0
2022-05-31T16:00:00.000,subway,327,"Chambers St (1,2,3)",Manhattan,metrocard,Metrocard - Fair Fare,23.0,0.0
2022-05-31T00:00:00.000,subway,407,Astor Pl (6),Manhattan,omny,OMNY - Full Fare,47.0,0.0
2022-05-31T08:00:00.000,subway,151,"145 St (A,C,B,D)",Manhattan,metrocard,Metrocard - Unlimited 7-Day,201.0,0.0
2022-05-31T00:00:00.000,subway,607,"34 St-Herald Sq (B,D,F,M,N,Q,R,W)",Manhattan,omny,OMNY - Full Fare,174.0,1.0
2022-05-31T20:00:00.000,subway,9,"57 St-7 Av (N,Q,R,W)",Manhattan,omny,OMNY - Full Fare,370.0,5.0
2022-05-31T07:00:00.000,subway,327,"Chambers St (1,2,3)",Manhattan,metrocard,Metrocard - Other,20.0,1.0
2022-05-31T04:00:00.000,subway,601,"14 St (F,M,1,2,3)/6 Av (L)",Manhattan,metrocard,Metrocard - Unlimited 7-Day,5.0,0.0
2022-05-31T16:00:00.000,subway,607,"34 St-Herald Sq (B,D,F,M,N,Q,R,W)",Manhattan,metrocard,Metrocard - Other,236.0,1.0
2022-05-31T17:00:00.000,subway,607,"34 St-Herald Sq (B,D,F,M,N,Q,R,W)",Manhattan,omny,OMNY - Full Fare,3105.0,23.0
2022-05-31T09:00:00.000,subway,143,Inwood-207 St (A),Manhattan,metrocard,Metrocard - Unlimited 7-Day,42.0,0.0
2022-05-31T09:00:00.000,subway,607,"34 St-Herald Sq (B,D,F,M,N,Q,R,W)",Manhattan,metrocard,Metrocard - Fair Fare,39.0,0.0
2022-05-31T03:00:00.000,subway,143,Inwood-207 St (A),Manhattan,metrocard,Metrocard - Unlimited 7-Day,1.0,0.0
2022-05-31T01:00:00.000,subway,145,190 St (A),Manhattan,metrocard,Metrocard - Full Fare,3.0,0.0
2022-05-31T05:00:00.000,subway,152,"135 St (C,B)",Manhattan,metrocard,Metrocard - Unlimited 30-Day,5.0,0.0
2022-05-31T19:00:00.000,subway,602,"14 St-Union Sq (L,N,Q,R,W,4,5,6)",Manhattan,metrocard,Metrocard - Other,161.0,2.0
2022-05-31T12:00:00.000,subway,155,"Cathedral Pkwy (110 St) (C,B)",Manhattan,metrocard,Metrocard - Full Fare,47.0,2.0
2022-05-31T06:00:00.000,subway,607,"34 St-Herald Sq (B,D,F,M,N,Q,R,W)",Manhattan,metrocard,Metrocard - Unlimited 7-Day,36.0,0.0
2022-05-31T19:00:00.000,subway,143,Inwood-207 St (A),Manhattan,metrocard,Metrocard - Other,16.0,0.0
2022-05-31T07:00:00.000,subway,159,"81 St-Museum of Natural History (C,B)",Manhattan,metrocard,Metrocard - Unlimited 7-Day,13.0,0.0
2022-05-31T05:00:00.000,subway,154,"116 St (C,B)",Manhattan,omny,OMNY - Full Fare,7.0,1.0
2022-05-31T20:00:00.000,subway,156,"103 St (C,B)",Manhattan,metrocard,Metrocard - Full Fare,15.0,0.0
2022-05-31T10:00:00.000,subway,16,"8 St-NYU (R,W)",Manhattan,metrocard,Metrocard - Fair Fare,3.0,0.0
2022-05-31T16:00:00.000,subway,155,"Cathedral Pkwy (110 St) (C,B)",Manhattan,metrocard,Metrocard - Unlimited 30-Day,48.0,0.0
2022-05-31T16:00:00.000,subway,143,Inwood-207 St (A),Manhattan,metrocard,Metrocard - Unlimited 30-Day,32.0,0.0
2022-05-31T13:00:00.000,subway,407,Astor Pl (6),Manhattan,omny,OMNY - Full Fare,160.0,1.0
2022-05-31T17:00:00.000,subway,144,Dyckman St (A),Manhattan,metrocard,Metrocard - Unlimited 30-Day,32.0,0.0
2022-05-31T19:00:00.000,subway,156,"103 St (C,B)",Manhattan,metrocard,Metrocard - Seniors & Disability,3.0,0.0
2022-05-31T20:00:00.000,subway,328,WTC Cortlandt (1),Manhattan,omny,OMNY - Full Fare,79.0,0.0
2022-05-31T11:00:00.000,subway,149,163 St-Amsterdam Av (C),Manhattan,metrocard,Metrocard - Full Fare,26.0,1.0
2022-05-31T11:00:00.000,subway,151,"145 St (A,C,B,D)",Manhattan,metrocard,Metrocard - Students,35.0,0.0
2022-05-31T23:00:00.000,subway,156,"103 St (C,B)",Manhattan,metrocard,Metrocard - Fair Fare,1.0,0.0
2022-05-31T03:00:00.000,subway,146,181 St (A),Manhattan,metrocard,Metrocard - Other,3.0,0.0
2022-05-31T06:00:00.000,subway,13,"28 St (R,W)",Manhattan,metrocard,Metrocard - Unlimited 30-Day,3.0,0.0
2022-05-31T09:00:00.000,subway,328,WTC Cortlandt (1),Manhattan,metrocard,Metrocard - Students,5.0,0.0
2022-05-31T13:00:00.000,subway,154,"116 St (C,B)",Manhattan,metrocard,Metrocard - Students,14.0,1.0
2022-05-31T11:00:00.000,subway,409,Spring St (6),Manhattan,metrocard,Metrocard - Fair Fare,6.0,0.0
2022-05-31T02:00:00.000,subway,327,"Chambers St (1,2,3)",Manhattan,metrocard,Metrocard - Fair Fare,1.0,0.0
2022-05-31T01:00:00.000,subway,607,"34 St-Herald Sq (B,D,F,M,N,Q,R,W)",Manhattan,metrocard,Metrocard - Unlimited 30-Day,15.0,0.0
2022-05-31T14:00:00.000,subway,144,Dyckman St (A),Manhattan,metrocard,Metrocard - Seniors & Disability,7.0,0.0
2022-05-31T11:00:00.000,subway,159,"81 St-Museum of Natural History (C,B)",Manhattan,metrocard,Metrocard - Other,13.0,1.0
2022-05-31T18:00:00.000,subway,149,163 St-Amsterdam Av (C),Manhattan,metrocard,Metrocard - Unlimited 7-Day,21.0,0.0
2022-05-31T16:00:00.000,subway,144,Dyckman St (A),Manhattan,metrocard,Metrocard - Fair Fare,9.0,0.0
2022-05-31T00:00:00.000,subway,144,Dyckman St (A),Manhattan,metrocard,Metrocard - Other,1.0,0.0
2022-05-31T08:00:00.000,subway,601,"14 St (F,M,1,2,3)/6 Av (L)",Manhattan,metrocard,Metrocard - Students,76.0,3.0
2022-05-31T00:00:00.000,subway,602,"14 St-Union Sq (L,N,Q,R,W,4,5,6)",Manhattan,metrocard,Metrocard - Unlimited 30-Day,44.0,0.0
2022-05-31T20:00:00.000,subway,159,"81 St-Museum of Natural History (C,B)",Manhattan,metrocard,Metrocard - Students,9.0,0.0
2022-05-31T21:00:00.000,subway,16,"8 St-NYU (R,W)",Manhattan,metrocard,Metrocard - Fair Fare,3.0,0.0
2022-05-31T07:00:00.000,subway,146,181 St (A),Manhattan,omny,OMNY - Full Fare,189.0,5.0
2022-05-31T02:00:00.000,subway,601,"14 St (F,M,1,2,3)/6 Av (L)",Manhattan,metrocard,Metrocard - Fair Fare,2.0,0.0
2022-05-31T19:00:00.000,subway,14,"23 St (R,W)",Manhattan,metrocard,Metrocard - Seniors & Disability,9.0,1.0
2022-05-31T21:00:00.000,subway,13,"28 St (R,W)",Manhattan,metrocard,Metrocard - Unlimited 30-Day,24.0,0.0
2022-05-31T04:00:00.000,subway,409,Spring St (6),Manhattan,metrocard,Metrocard - Unlimited 7-Day,3.0,0.0
2022-05-31T04:00:00.000,subway,155,"Cathedral Pkwy (110 St) (C,B)",Manhattan,metrocard,Metrocard - Seniors & Disability,2.0,0.0
2022-05-31T05:00:00.000,subway,405,23 St (6),Manhattan,metrocard,Metrocard - Seniors & Disability,1.0,1.0
2022-05-31T12:00:00.000,subway,145,190 St (A),Manhattan,metrocard,Metrocard - Unlimited 30-Day,13.0,0.0
2022-05-31T12:00:00.000,subway,162,"50 St (C,E)",Manhattan,metrocard,Metrocard - Other,9.0,0.0
2022-05-31T08:00:00.000,subway,144,Dyckman St (A),Manhattan,omny,OMNY - Full Fare,180.0,3.0
2022-05-31T17:00:00.000,subway,14,"23 St (R,W)",Manhattan,metrocard,Metrocard - Unlimited 7-Day,134.0,0.0
2022-05-31T07:00:00.000,subway,328,WTC Cortlandt (1),Manhattan,metrocard,Metrocard - Students,19.0,0.0
2022-05-31T00:00:00.000,subway,333,"Wall St (2,3)",Manhattan,metrocard,Metrocard - Seniors & Disability,1.0,0.0
2022-05-31T08:00:00.000,subway,602,"14 St-Union Sq (L,N,Q,R,W,4,5,6)",Manhattan,metrocard,Metrocard - Students,81.0,4.0
2022-05-31T17:00:00.000,subway,609,"Bryant Pk (B,D,F,M)/5 Av (7)",Manhattan,metrocard,Metrocard - Other,306.0,1.0
2022-05-31T08:00:00.000,subway,157,"96 St (C,B)",Manhattan,metrocard,Metrocard - Full Fare,117.0,8.0
2022-05-31T13:00:00.000,subway,9,"57 St-7 Av (N,Q,R,W)",Manhattan,metrocard,Metrocard - Full Fare,200.0,11.0
2022-05-31T02:00:00.000,subway,147,175 St (A),Manhattan,metrocard,Metrocard - Full Fare,1.0,0.0
2022-05-31T14:00:00.000,subway,405,23 St (6),Manhattan,metrocard,Metrocard - Other,32.0,1.0
2022-05-31T18:00:00.000,subway,333,"Wall St (2,3)",Manhattan,omny,OMNY - Other,1.0,0.0
2022-05-31T13:00:00.000,subway,151,"145 St (A,C,B,D)",Manhattan,metrocard,Metrocard - Fair Fare,36.0,1.0
2022-05-31T23:00:00.000,subway,153,"125 St (A,C,B,D)",Manhattan,omny,OMNY - Full Fare,39.0,6.0
2022-05-31T00:00:00.000,subway,601,"14 St (F,M,1,2,3)/6 Av (L)",Manhattan,metrocard,Metrocard - Unlimited 30-Day,31.0,0.0
2022-05-31T06:00:00.000,subway,9,"57 St-7 Av (N,Q,R,W)",Manhattan,metrocard,Metrocard - Seniors & Disability,7.0,2.0
2022-05-31T03:00:00.000,subway,16,"8 St-NYU (R,W)",Manhattan,metrocard,Metrocard - Unlimited 30-Day,1.0,0.0
2022-05-31T14:00:00.000,subway,162,"50 St (C,E)",Manhattan,metrocard,Metrocard - Unlimited 30-Day,66.0,0.0
2022-05-31T09:00:00.000,subway,162,"50 St (C,E)",Manhattan,metrocard,Metrocard - Fair Fare,12.0,0.0
2022-05-31T19:00:00.000,subway,154,"116 St (C,B)",Manhattan,metrocard,Metrocard - Other,4.0,0.0
2022-05-31T22:00:00.000,subway,147,175 St (A),Manhattan,metrocard,Metrocard - Seniors & Disability,2.0,0.0
2022-05-31T11:00:00.000,subway,147,175 St (A),Manhattan,metrocard,Metrocard - Fair Fare,19.0,3.0
2022-05-31T13:00:00.000,subway,602,"14 St-Union Sq (L,N,Q,R,W,4,5,6)",Manhattan,omny,OMNY - Full Fare,751.0,6.0
2022-05-31T08:00:00.000,subway,14,"23 St (R,W)",Manhattan,metrocard,Metrocard - Unlimited 30-Day,42.0,0.0
2022-05-31T21:00:00.000,subway,162,"50 St (C,E)",Manhattan,metrocard,Metrocard - Full Fare,178.0,2.0
2022-05-31T12:00:00.000,subway,607,"34 St-Herald Sq (B,D,F,M,N,Q,R,W)",Manhattan,metrocard,Metrocard - Full Fare,709.0,5.0
2022-05-31T01:00:00.000,subway,605,"168 St (A,C,1)",Manhattan,metrocard,Metrocard - Unlimited 7-Day,2.0,0.0
2022-05-31T15:00:00.000,subway,413,"Wall St (4,5)",Manhattan,metrocard,Metrocard - Fair Fare,17.0,0.0
2022-05-31T04:00:00.000,subway,150,155 St (C),Manhattan,metrocard,Metrocard - Fair Fare,2.0,0.0
2022-05-31T15:00:00.000,subway,149,163 St-Amsterdam Av (C),Manhattan,metrocard,Metrocard - Seniors & Disability,6.0,1.0
2022-05-31T18:00:00.000,subway,16,"8 St-NYU (R,W)",Manhattan,metrocard,Metrocard - Full Fare,141.0,1.0
2022-05-31T10:00:00.000,subway,144,Dyckman St (A),Manhattan,metrocard,Metrocard - Full Fare,40.0,2.0
2022-05-31T15:00:00.000,subway,407,Astor Pl (6),Manhattan,metrocard,Metrocard - Unlimited 30-Day,69.0,0.0
2022-05-31T23:00:00.000,subway,152,"135 St (C,B)",Manhattan,metrocard,Metrocard - Full Fare,2.0,0.0
2022-05-31T00:00:00.000,subway,326,Franklin St (1),Manhattan,omny,OMNY - Full Fare,5.0,0.0
2022-05-31T13:00:00.000,subway,157,"96 St (C,B)",Manhattan,metrocard,Metrocard - Full Fare,62.0,15.0
2022-05-31T21:00:00.000,subway,605,"168 St (A,C,1)",Manhattan,metrocard,Metrocard - Unlimited 7-Day,42.0,0.0
2022-05-31T06:00:00.000,subway,144,Dyckman St (A),Manhattan,metrocard,Metrocard - Seniors & Disability,10.0,0.0
2022-05-31T17:00:00.000,subway,409,Spring St (6),Manhattan,metrocard,Metrocard - Seniors & Disability,7.0,0.0
2022-05-31T20:00:00.000,subway,405,23 St (6),Manhattan,metrocard,Metrocard - Seniors & Disability,15.0,1.0
2022-05-31T09:00:00.000,subway,413,"Wall St (4,5)",Manhattan,metrocard,Metrocard - Students,4.0,0.0
2022-05-31T21:00:00.000,subway,143,Inwood-207 St (A),Manhattan,metrocard,Metrocard - Seniors & Disability,3.0,1.0
2022-05-31T00:00:00.000,subway,328,WTC Cortlandt (1),Manhattan,omny,OMNY - Full Fare,6.0,0.0
2022-05-31T05:00:00.000,subway,159,"81 St-Museum of Natural History (C,B)",Manhattan,omny,OMNY - Full Fare,7.0,2.0
2022-05-31T04:00:00.000,subway,607,"34 St-Herald Sq (B,D,F,M,N,Q,R,W)",Manhattan,metrocard,Metrocard - Fair Fare,2.0,0.0
2022-05-31T12:00:00.000,subway,159,"81 St-Museum of Natural History (C,B)",Manhattan,metrocard,Metrocard - Unlimited 30-Day,34.0,0.0
2022-05-31T13:00:00.000,subway,327,"Chambers St (1,2,3)",Manhattan,omny,OMNY - Full Fare,142.0,0.0
2022-05-31T07:00:00.000,subway,145,190 St (A),Manhattan,omny,OMNY - Full Fare,78.0,0.0
2022-05-31T18:00:00.000,subway,147,175 St (A),Manhattan,metrocard,Metrocard - Full Fare,131.0,2.0
2022-05-31T19:00:00.000,subway,9,"57 St-7 Av (N,Q,R,W)",Manhattan,metrocard,Metrocard - Other,65.0,0.0
2022-05-31T04:00:00.000,subway,155,"Cathedral Pkwy (110 St) (C,B)",Manhattan,metrocard,Metrocard - Other,1.0,0.0
2022-05-31T06:00:00.000,subway,156,"103 St (C,B)",Manhattan,metrocard,Metrocard - Unlimited 30-Day,19.0,0.0
2022-05-31T01:00:00.000,subway,405,23 St (6),Manhattan,metrocard,Metrocard - Other,3.0,0.0
2022-05-31T17:00:00.000,subway,160,"72 St (C,B)",Manhattan,omny,OMNY - Full Fare,213.0,9.0
2022-05-31T15:00:00.000,subway,151,"145 St (A,C,B,D)",Manhattan,metrocard,Metrocard - Seniors & Disability,28.0,2.0
2022-05-31T05:00:00.000,subway,605,"168 St (A,C,1)",Manhattan,metrocard,Metrocard - Full Fare,61.0,1.0
2022-05-31T19:00:00.000,subway,157,"96 St (C,B)",Manhattan,metrocard,Metrocard - Fair Fare,9.0,1.0
2022-05-31T13:00:00.000,subway,152,"135 St (C,B)",Manhattan,omny,OMNY - Full Fare,73.0,2.0
2022-05-31T23:00:00.000,subway,14,"23 St (R,W)",Manhattan,metrocard,Metrocard - Seniors & Disability,7.0,0.0
2022-05-31T15:00:00.000,subway,144,Dyckman St (A),Manhattan,metrocard,Metrocard - Unlimited 7-Day,34.0,0.0
2022-05-31T17:00:00.000,subway,155,"Cathedral Pkwy (110 St) (C,B)",Manhattan,metrocard,Metrocard - Unlimited 7-Day,55.0,0.0
2022-05-31T02:00:00.000,subway,143,Inwood-207 St (A),Manhattan,metrocard,Metrocard - Unlimited 7-Day,2.0,0.0
2022-05-31T06:00:00.000,subway,327,"Chambers St (1,2,3)",Manhattan,metrocard,Metrocard - Full Fare,18.0,2.0
2022-05-31T13:00:00.000,subway,16,"8 St-NYU (R,W)",Manhattan,metrocard,Metrocard - Seniors & Disability,7.0,0.0
2022-05-31T03:00:00.000,subway,160,"72 St (C,B)",Manhattan,metrocard,Metrocard - Unlimited 7-Day,1.0,0.0
2022-05-31T03:00:00.000,subway,16,"8 St-NYU (R,W)",Manhattan,metrocard,Metrocard - Full Fare,1.0,0.0
2022-05-31T05:00:00.000,subway,143,Inwood-207 St (A),Manhattan,metrocard,Metrocard - Other,14.0,1.0
2022-05-31T09:00:00.000,subway,149,163 St-Amsterdam Av (C),Manhattan,metrocard,Metrocard - Students,12.0,0.0
2022-05-31T22:00:00.000,subway,327,"Chambers St (1,2,3)",Manhattan,metrocard,Metrocard - Unlimited 7-Day,34.0,0.0
2022-05-31T05:00:00.000,subway,145,190 St (A),Manhattan,metrocard,Metrocard - Full Fare,15.0,0.0
2022-05-31T10:00:00.000,subway,601,"14 St (F,M,1,2,3)/6 Av (L)",Manhattan,metrocard,Metrocard - Seniors & Disability,55.0,4.0
2022-05-31T02:00:00.000,subway,144,Dyckman St (A),Manhattan,metrocard,Metrocard - Unlimited 30-Day,2.0,0.0
2022-05-31T17:00:00.000,subway,602,"14 St-Union Sq (L,N,Q,R,W,4,5,6)",Manhattan,metrocard,Metrocard - Fair Fare,175.0,7.0
2022-05-31T23:00:00.000,subway,602,"14 St-Union Sq (L,N,Q,R,W,4,5,6)",Manhattan,metrocard,Metrocard - Full Fare,306.0,2.0
2022-05-31T08:00:00.000,subway,147,175 St (A),Manhattan,metrocard,Metrocard - Full Fare,286.0,3.0
2022-05-31T08:00:00.000,subway,146,181 St (A),Manhattan,metrocard,Metrocard - Unlimited 30-Day,170.0,0.0
2022-05-31T10:00:00.000,subway,154,"116 St (C,B)",Manhattan,metrocard,Metrocard - Unlimited 7-Day,26.0,0.0
2022-05-31T16:00:00.000,subway,9,"57 St-7 Av (N,Q,R,W)",Manhattan,metrocard,Metrocard - Unlimited 7-Day,231.0,0.0
2022-05-31T23:00:00.000,subway,407,Astor Pl (6),Manhattan,metrocard,Metrocard - Full Fare,54.0,0.0
2022-05-31T11:00:00.000,subway,9,"57 St-7 Av (N,Q,R,W)",Manhattan,metrocard,Metrocard - Unlimited 7-Day,99.0,0.0
2022-05-31T01:00:00.000,subway,149,163 St-Amsterdam Av (C),Manhattan,metrocard,Metrocard - Unlimited 7-Day,1.0,0.0
2022-05-31T08:00:00.000,subway,328,WTC Cortlandt (1),Manhattan,metrocard,Metrocard - Unlimited 30-Day,35.0,0.0
2022-05-31T10:00:00.000,subway,14,"23 St (R,W)",Manhattan,metrocard,Metrocard - Full Fare,106.0,3.0
2022-05-31T00:00:00.000,subway,146,181 St (A),Manhattan,metrocard,Metrocard - Other,4.0,0.0
2022-05-31T06:00:00.000,subway,155,"Cathedral Pkwy (110 St) (C,B)",Manhattan,metrocard,Metrocard - Unlimited 7-Day,28.0,0.0
2022-05-31T21:00:00.000,subway,333,"Wall St (2,3)",Manhattan,metrocard,Metrocard - Full Fare,55.0,0.0
2022-05-31T16:00:00.000,subway,602,"14 St-Union Sq (L,N,Q,R,W,4,5,6)",Manhattan,metrocard,Metrocard - Students,465.0,11.0
2022-05-31T07:00:00.000,subway,153,"125 St (A,C,B,D)",Manhattan,metrocard,Metrocard - Other,73.0,1.0
2022-05-31T18:00:00.000,subway,145,190 St (A),Manhattan,metrocard,Metrocard - Other,4.0,0.0
2022-05-31T12:00:00.000,subway,160,"72 St (C,B)",Manhattan,metrocard,Metrocard - Unlimited 30-Day,19.0,0.0
2022-05-31T18:00:00.000,subway,162,"50 St (C,E)",Manhattan,metrocard,Metrocard - Unlimited 7-Day,88.0,0.0
2022-05-31T10:00:00.000,subway,607,"34 St-Herald Sq (B,D,F,M,N,Q,R,W)",Manhattan,metrocard,Metrocard - Unlimited 30-Day,192.0,0.0
2022-05-31T20:00:00.000,subway,329,Rector St (1),Manhattan,metrocard,Metrocard - Unlimited 7-Day,22.0,0.0
2022-05-31T22:00:00.000,subway,13,"28 St (R,W)",Manhattan,omny,OMNY - Full Fare,70.0,0.0
2022-05-31T22:00:00.000,subway,413,"Wall St (4,5)",Manhattan,metrocard,Metrocard - Seniors & Disability,4.0,0.0
2022-05-31T20:00:00.000,subway,157,"96 St (C,B)",Manhattan,metrocard,Metrocard - Seniors & Disability,4.0,1.0
2022-05-31T11:00:00.000,subway,147,175 St (A),Manhattan,metrocard,Metrocard - Unlimited 7-Day,33.0,0.0
2022-05-31T11:00:00.000,subway,144,Dyckman St (A),Manhattan,metrocard,Metrocard - Students,5.0,0.0
2022-05-31T13:00:00.000,subway,147,175 St (A),Manhattan,metrocard,Metrocard - Unlimited 7-Day,47.0,0.0
2022-05-31T05:00:00.000,subway,601,"14 St (F,M,1,2,3)/6 Av (L)",Manhattan,metrocard,Metrocard - Full Fare,22.0,5.0
2022-05-31T01:00:00.000,subway,149,163 St-Amsterdam Av (C),Manhattan,metrocard,Metrocard - Full Fare,2.0,0.0
2022-05-31T09:00:00.000,subway,14,"23 St (R,W)",Manhattan,omny,OMNY - Full Fare,140.0,2.0
2022-05-31T09:00:00.000,subway,328,WTC Cortlandt (1),Manhattan,metrocard,Metrocard - Unlimited 7-Day,43.0,0.0
2022-05-31T12:00:00.000,subway,413,"Wall St (4,5)",Manhattan,omny,OMNY - Full Fare,117.0,3.0
2022-05-31T19:00:00.000,subway,144,Dyckman St (A),Manhattan,metrocard,Metrocard - Unlimited 30-Day,9.0,0.0
2022-05-31T10:00:00.000,subway,327,"Chambers St (1,2,3)",Manhattan,metrocard,Metrocard - Seniors & Disability,10.0,1.0
2022-05-31T00:00:00.000,subway,155,"Cathedral Pkwy (110 St) (C,B)",Manhattan,metrocard,Metrocard - Fair Fare,1.0,0.0
2022-05-31T04:00:00.000,subway,329,Rector St (1),Manhattan,metrocard,Metrocard - Unlimited 30-Day,1.0,0.0
2022-05-31T19:00:00.000,subway,328,WTC Cortlandt (1),Manhattan,omny,OMNY - Full Fare,134.0,1.0
2022-05-31T04:00:00.000,subway,328,WTC Cortlandt (1),Manhattan,metrocard,Metrocard - Full Fare,3.0,0.0
2022-05-31T19:00:00.000,subway,409,Spring St (6),Manhattan,metrocard,Metrocard - Other,18.0,0.0
2022-05-31T22:00:00.000,subway,9,"57 St-7 Av (N,Q,R,W)",Manhattan,metrocard,Metrocard - Unlimited 30-Day,146.0,0.0
2022-05-31T13:00:00.000,subway,607,"34 St-Herald Sq (B,D,F,M,N,Q,R,W)",Manhattan,metrocard,Metrocard - Unlimited 7-Day,392.0,0.0
2022-05-31T05:00:00.000,subway,13,"28 St (R,W)",Manhattan,metrocard,Metrocard - Other,2.0,0.0
2022-05-31T20:00:00.000,subway,143,Inwood-207 St (A),Manhattan,metrocard,Metrocard - Other,13.0,0.0
2022-05-31T16:00:00.000,subway,153,"125 St (A,C,B,D)",Manhattan,metrocard,Metrocard - Seniors & Disability,45.0,7.0
2022-05-31T21:00:00.000,subway,156,"103 St (C,B)",Manhattan,omny,OMNY - Full Fare,15.0,0.0
2022-05-31T23:00:00.000,subway,144,Dyckman St (A),Manhattan,metrocard,Metrocard - Unlimited 30-Day,3.0,0.0
2022-05-31T09:00:00.000,subway,601,"14 St (F,M,1,2,3)/6 Av (L)",Manhattan,metrocard,Metrocard - Students,24.0,2.0
2022-05-31T13:00:00.000,subway,151,"145 St (A,C,B,D)",Manhattan,omny,OMNY - Full Fare,164.0,1.0
2022-05-31T04:00:00.000,subway,14,"23 St (R,W)",Manhattan,metrocard,Metrocard - Seniors & Disability,1.0,0.0
2022-05-31T19:00:00.000,subway,16,"8 St-NYU (R,W)",Manhattan,metrocard,Metrocard - Unlimited 7-Day,38.0,0.0
2022-05-31T11:00:00.000,subway,159,"81 St-Museum of Natural History (C,B)",Manhattan,metrocard,Metrocard - Students,5.0,2.0
2022-05-31T09:00:00.000,subway,151,"145 St (A,C,B,D)",Manhattan,metrocard,Metrocard - Other,56.0,1.0
2022-05-31T06:00:00.000,subway,326,Franklin St (1),Manhattan,omny,OMNY - Full Fare,8.0,0.0
2022-05-31T18:00:00.000,subway,405,23 St (6),Manhattan,metrocard,Metrocard - Unlimited 7-Day,114.0,0.0
2022-05-31T16:00:00.000,subway,146,181 St (A),Manhattan,metrocard,Metrocard - Seniors & Disability,18.0,0.0
2022-05-31T07:00:00.000,subway,162,"50 St (C,E)",Manhattan,metrocard,Metrocard - Full Fare,61.0,2.0
2022-05-31T10:00:00.000,subway,158,"86 St (C,B)",Manhattan,metrocard,Metrocard - Other,8.0,0.0
2022-05-31T20:00:00.000,subway,153,"125 St (A,C,B,D)",Manhattan,metrocard,Metrocard - Unlimited 30-Day,71.0,0.0
2022-05-31T18:00:00.000,subway,155,"Cathedral Pkwy (110 St) (C,B)",Manhattan,metrocard,Metrocard - Full Fare,67.0,4.0
2022-05-31T08:00:00.000,subway,158,"86 St (C,B)",Manhattan,metrocard,Metrocard - Unlimited 7-Day,31.0,0.0
2022-05-31T15:00:00.000,subway,147,175 St (A),Manhattan,metrocard,Metrocard - Seniors & Disability,22.0,1.0
2022-05-31T18:00:00.000,subway,149,163 St-Amsterdam Av (C),Manhattan,omny,OMNY - Full Fare,32.0,2.0
2022-05-31T17:00:00.000,subway,414,"Bowling Green (4,5)",Manhattan,metrocard,Metrocard - Full Fare,730.0,38.0
2022-05-31T21:00:00.000,subway,160,"72 St (C,B)",Manhattan,metrocard,Metrocard - Seniors & Disability,2.0,0.0
2022-05-31T12:00:00.000,subway,9,"57 St-7 Av (N,Q,R,W)",Manhattan,metrocard,Metrocard - Students,11.0,0.0
2022-05-31T15:00:00.000,subway,14,"23 St (R,W)",Manhattan,metrocard,Metrocard - Full Fare,246.0,6.0
2022-05-31T16:00:00.000,subway,414,"Bowling Green (4,5)",Manhattan,metrocard,Metrocard - Unlimited 30-Day,152.0,0.0
2022-05-31T23:00:00.000,subway,413,"Wall St (4,5)",Manhattan,metrocard,Metrocard - Other,6.0,0.0
2022-05-31T10:00:00.000,subway,149,163 St-Amsterdam Av (C),Manhattan,metrocard,Metrocard - Unlimited 30-Day,18.0,0.0
2022-05-31T20:00:00.000,subway,413,"Wall St (4,5)",Manhattan,metrocard,Metrocard - Unlimited 30-Day,27.0,0.0
2022-05-31T19:00:00.000,subway,143,Inwood-207 St (A),Manhattan,metrocard,Metrocard - Fair Fare,7.0,1.0
2022-05-31T03:00:00.000,subway,601,"14 St (F,M,1,2,3)/6 Av (L)",Manhattan,metrocard,Metrocard - Unlimited 30-Day,3.0,0.0
2022-05-31T12:00:00.000,subway,156,"103 St (C,B)",Manhattan,metrocard,Metrocard - Full Fare,32.0,0.0
2022-05-31T05:00:00.000,subway,414,"Bowling Green (4,5)",Manhattan,metrocard,Metrocard - Fair Fare,5.0,1.0
2022-05-31T16:00:00.000,subway,154,"116 St (C,B)",Manhattan,metrocard,Metrocard - Other,15.0,1.0
2022-05-31T11:00:00.000,subway,328,WTC Cortlandt (1),Manhattan,metrocard,Metrocard - Other,3.0,0.0
2022-05-31T06:00:00.000,subway,154,"116 St (C,B)",Manhattan,metrocard,Metrocard - Full Fare,20.0,2.0
2022-05-31T09:00:00.000,subway,405,23 St (6),Manhattan,omny,OMNY - Full Fare,329.0,13.0
2022-05-31T11:00:00.000,subway,409,Spring St (6),Manhattan,metrocard,Metrocard - Full Fare,56.0,0.0
2022-05-31T18:00:00.000,subway,162,"50 St (C,E)",Manhattan,metrocard,Metrocard - Other,29.0,0.0
2022-05-31T11:00:00.000,subway,329,Rector St (1),Manhattan,metrocard,Metrocard - Students,7.0,0.0
2022-05-31T16:00:00.000,subway,152,"135 St (C,B)",Manhattan,metrocard,Metrocard - Unlimited 30-Day,33.0,0.0
2022-05-31T15:00:00.000,subway,158,"86 St (C,B)",Manhattan,metrocard,Metrocard - Other,18.0,0.0
2022-05-31T11:00:00.000,subway,160,"72 St (C,B)",Manhattan,metrocard,Metrocard - Fair Fare,6.0,0.0
2022-05-31T05:00:00.000,subway,149,163 St-Amsterdam Av (C),Manhattan,metrocard,Metrocard - Other,1.0,0.0
2022-05-31T04:00:00.000,subway,151,"145 St (A,C,B,D)",Manhattan,metrocard,Metrocard - Seniors & Disability,1.0,0.0
2022-05-31T17:00:00.000,subway,159,"81 St-Museum of Natural History (C,B)",Manhattan,metrocard,Metrocard - Other,37.0,3.0
2022-05-31T08:00:00.000,subway,143,Inwood-207 St (A),Manhattan,metrocard,Metrocard - Students,67.0,7.0
2022-05-31T10:00:00.000,subway,328,WTC Cortlandt (1),Manhattan,metrocard,Metrocard - Fair Fare,1.0,0.0
2022-05-31T09:00:00.000,subway,149,163 St-Amsterdam Av (C),Manhattan,metrocard,Metrocard - Unlimited 7-Day,38.0,0.0
2022-05-31T09:00:00.000,subway,147,175 St (A),Manhattan,metrocard,Metrocard - Other,20.0,0.0
2022-05-31T01:00:00.000,subway,158,"86 St (C,B)",Manhattan,metrocard,Metrocard - Full Fare,3.0,0.0
2022-05-31T12:00:00.000,subway,157,"96 St (C,B)",Manhattan,metrocard,Metrocard - Unlimited 30-Day,29.0,0.0
2022-05-31T08:00:00.000,subway,333,"Wall St (2,3)",Manhattan,metrocard,Metrocard - Unlimited 7-Day,45.0,0.0
2022-05-31T21:00:00.000,subway,145,190 St (A),Manhattan,omny,OMNY - Full Fare,10.0,0.0
2022-05-31T21:00:00.000,subway,151,"145 St (A,C,B,D)",Manhattan,metrocard,Metrocard - Seniors & Disability,2.0,0.0
2022-05-31T07:00:00.000,subway,157,"96 St (C,B)",Manhattan,metrocard,Metrocard - Students,58.0,9.0
2022-05-31T17:00:00.000,subway,160,"72 St (C,B)",Manhattan,metrocard,Metrocard - Unlimited 30-Day,68.0,0.0
2022-05-31T14:00:00.000,subway,16,"8 St-NYU (R,W)",Manhattan,metrocard,Metrocard - Other,22.0,0.0
2022-05-31T22:00:00.000,subway,154,"116 St (C,B)",Manhattan,metrocard,Metrocard - Unlimited 30-Day,6.0,0.0
2022-05-31T08:00:00.000,subway,151,"145 St (A,C,B,D)",Manhattan,metrocard,Metrocard - Unlimited 30-Day,268.0,0.0
2022-05-31T11:00:00.000,subway,414,"Bowling Green (4,5)",Manhattan,metrocard,Metrocard - Unlimited 7-Day,101.0,0.0
2022-05-31T00:00:00.000,subway,409,Spring St (6),Manhattan,metrocard,Metrocard - Other,3.0,0.0
2022-05-31T18:00:00.000,subway,333,"Wall St (2,3)",Manhattan,metrocard,Metrocard - Fair Fare,12.0,0.0
2022-05-31T15:00:00.000,subway,162,"50 St (C,E)",Manhattan,omny,OMNY - Full Fare,269.0,2.0
2022-05-31T09:00:00.000,subway,13,"28 St (R,W)",Manhattan,omny,OMNY - Full Fare,105.0,1.0
2022-05-31T08:00:00.000,subway,147,175 St (A),Manhattan,omny,OMNY - Full Fare,256.0,3.0
2022-05-31T12:00:00.000,subway,153,"125 St (A,C,B,D)",Manhattan,metrocard,Metrocard - Full Fare,143.0,16.0
2022-05-31T07:00:00.000,subway,327,"Chambers St (1,2,3)",Manhattan,metrocard,Metrocard - Students,71.0,0.0
2022-05-31T20:00:00.000,subway,152,"135 St (C,B)",Manhattan,metrocard,Metrocard - Fair Fare,2.0,0.0
2022-05-31T22:00:00.000,subway,146,181 St (A),Manhattan,omny,OMNY - Full Fare,20.0,0.0
2022-05-31T21:00:00.000,subway,602,"14 St-Union Sq (L,N,Q,R,W,4,5,6)",Manhattan,metrocard,Metrocard - Unlimited 30-Day,330.0,0.0
2022-05-31T15:00:00.000,subway,333,"Wall St (2,3)",Manhattan,omny,OMNY - Full Fare,266.0,2.0
2022-05-31T08:00:00.000,subway,153,"125 St (A,C,B,D)",Manhattan,metrocard,Metrocard - Fair Fare,106.0,5.0
2022-05-31T10:00:00.000,subway,150,155 St (C),Manhattan,metrocard,Metrocard - Fair Fare,2.0,0.0
2022-05-31T15:00:00.000,subway,407,Astor Pl (6),Manhattan,metrocard,Metrocard - Other,15.0,0.0
2022-05-31T14:00:00.000,subway,601,"14 St (F,M,1,2,3)/6 Av (L)",Manhattan,metrocard,Metrocard - Students,217.0,1.0
2022-05-31T22:00:00.000,subway,147,175 St (A),Manhattan,omny,OMNY - Full Fare,20.0,1.0
2022-05-31T10:00:00.000,subway,160,"72 St (C,B)",Manhattan,metrocard,Metrocard - Unlimited 7-Day,18.0,0.0
2022-05-31T10:00:00.000,subway,154,"116 St (C,B)",Manhattan,metrocard,Metrocard - Students,19.0,3.0
2022-05-31T04:00:00.000,subway,607,"34 St-Herald Sq (B,D,F,M,N,Q,R,W)",Manhattan,metrocard,Metrocard - Seniors & Disability,4.0,0.0
2022-05-31T02:00:00.000,subway,414,"Bowling Green (4,5)",Manhattan,omny,OMNY - Full Fare,2.0,0.0
2022-05-31T23:00:00.000,subway,14,"23 St (R,W)",Manhattan,metrocard,Metrocard - Unlimited 30-Day,37.0,0.0
2022-05-31T17:00:00.000,subway,146,181 St (A),Manhattan,omny,OMNY - Full Fare,121.0,3.0
2022-05-31T17:00:00.000,subway,155,"Cathedral Pkwy (110 St) (C,B)",Manhattan,metrocard,Metrocard - Seniors & Disability,11.0,0.0
2022-05-31T21:00:00.000,subway,13,"28 St (R,W)",Manhattan,metrocard,Metrocard - Full Fare,44.0,0.0
2022-05-31T04:00:00.000,subway,9,"57 St-7 Av (N,Q,R,W)",Manhattan,metrocard,Metrocard - Unlimited 30-Day,2.0,0.0
2022-05-31T04:00:00.000,subway,409,Spring St (6),Manhattan,omny,OMNY - Full Fare,1.0,0.0
2022-05-31T14:00:00.000,subway,605,"168 St (A,C,1)",Manhattan,metrocard,Metrocard - Other,41.0,1.0
2022-05-31T20:00:00.000,subway,407,Astor Pl (6),Manhattan,metrocard,Metrocard - Fair Fare,10.0,0.0
2022-05-31T06:00:00.000,subway,145,190 St (A),Manhattan,metrocard,Metrocard - Seniors & Disability,6.0,0.0
2022-05-31T13:00:00.000,subway,609,"Bryant Pk (B,D,F,M)/5 Av (7)",Manhattan,metrocard,Metrocard - Fair Fare,24.0,2.0
2022-05-31T15:00:00.000,subway,158,"86 St (C,B)",Manhattan,omny,OMNY - Full Fare,237.0,19.0
2022-05-31T08:00:00.000,subway,16,"8 St-NYU (R,W)",Manhattan,metrocard,Metrocard - Full Fare,102.0,2.0
2022-05-31T15:00:00.000,subway,13,"28 St (R,W)",Manhattan,metrocard,Metrocard - Seniors & Disability,14.0,0.0
2022-05-31T15:00:00.000,subway,333,"Wall St (2,3)",Manhattan,metrocard,Metrocard - Students,64.0,0.0
2022-05-31T10:00:00.000,subway,162,"50 St (C,E)",Manhattan,metrocard,Metrocard - Unlimited 30-Day,28.0,0.0
2022-05-31T16:00:00.000,subway,14,"23 St (R,W)",Manhattan,metrocard,Metrocard - Other,40.0,0.0
2022-05-31T19:00:00.000,subway,16,"8 St-NYU (R,W)",Manhattan,metrocard,Metrocard - Other,29.0,0.0
2022-05-31T18:00:00.000,subway,328,WTC Cortlandt (1),Manhattan,metrocard,Metrocard - Unlimited 30-Day,53.0,0.0
2022-05-31T22:00:00.000,subway,158,"86 St (C,B)",Manhattan,metrocard,Metrocard - Full Fare,17.0,1.0
2022-05-31T08:00:00.000,subway,147,175 St (A),Manhattan,metrocard,Metrocard - Students,88.0,4.0
2022-05-31T08:00:00.000,subway,157,"96 St (C,B)",Manhattan,metrocard,Metrocard - Seniors & Disability,27.0,4.0
2022-05-31T20:00:00.000,subway,414,"Bowling Green (4,5)",Manhattan,metrocard,Metrocard - Fair Fare,6.0,1.0
2022-05-31T20:00:00.000,subway,153,"125 St (A,C,B,D)",Manhattan,metrocard,Metrocard - Other,31.0,0.0
2022-05-31T21:00:00.000,subway,157,"96 St (C,B)",Manhattan,metrocard,Metrocard - Unlimited 30-Day,16.0,0.0
2022-05-31T20:00:00.000,subway,414,"Bowling Green (4,5)",Manhattan,metrocard,Metrocard - Students,5.0,1.0
2022-05-31T19:00:00.000,subway,157,"96 St (C,B)",Manhattan,metrocard,Metrocard - Unlimited 7-Day,38.0,0.0
2022-05-31T12:00:00.000,subway,156,"103 St (C,B)",Manhattan,metrocard,Metrocard - Seniors & Disability,11.0,0.0
2022-05-31T18:00:00.000,subway,143,Inwood-207 St (A),Manhattan,metrocard,Metrocard - Other,10.0,1.0
2022-05-31T23:00:00.000,subway,13,"28 St (R,W)",Manhattan,metrocard,Metrocard - Fair Fare,3.0,0.0
2022-05-31T09:00:00.000,subway,155,"Cathedral Pkwy (110 St) (C,B)",Manhattan,metrocard,Metrocard - Unlimited 30-Day,57.0,0.0
2022-05-31T08:00:00.000,subway,152,"135 St (C,B)",Manhattan,metrocard,Metrocard - Other,12.0,0.0
2022-05-31T16:00:00.000,subway,157,"96 St (C,B)",Manhattan,metrocard,Metrocard - Unlimited 30-Day,119.0,0.0
2022-05-31T09:00:00.000,subway,151,"145 St (A,C,B,D)",Manhattan,metrocard,Metrocard - Fair Fare,47.0,3.0
2022-05-31T01:00:00.000,subway,152,"135 St (C,B)",Manhattan,omny,OMNY - Full Fare,1.0,0.0
2022-05-31T12:00:00.000,subway,13,"28 St (R,W)",Manhattan,metrocard,Metrocard - Fair Fare,9.0,0.0
2022-05-31T17:00:00.000,subway,151,"145 St (A,C,B,D)",Manhattan,metrocard,Metrocard - Full Fare,185.0,8.0
2022-05-31T10:00:00.000,subway,414,"Bowling Green (4,5)",Manhattan,metrocard,Metrocard - Other,57.0,3.0
2022-05-31T09:00:00.000,subway,157,"96 St (C,B)",Manhattan,metrocard,Metrocard - Other,23.0,0.0
2022-05-31T13:00:00.000,subway,333,"Wall St (2,3)",Manhattan,metrocard,Metrocard - Fair Fare,6.0,1.0
2022-05-31T17:00:00.000,subway,607,"34 St-Herald Sq (B,D,F,M,N,Q,R,W)",Manhattan,metrocard,Metrocard - Students,196.0,0.0
2022-05-31T02:00:00.000,subway,9,"57 St-7 Av (N,Q,R,W)",Manhattan,omny,OMNY - Full Fare,9.0,0.0
2022-05-31T22:00:00.000,subway,149,163 St-Amsterdam Av (C),Manhattan,metrocard,Metrocard - Full Fare,5.0,0.0
2022-05-31T16:00:00.000,subway,160,"72 St (C,B)",Manhattan,metrocard,Metrocard - Seniors & Disability,26.0,7.0
2022-05-31T14:00:00.000,subway,157,"96 St (C,B)",Manhattan,omny,OMNY - Full Fare,100.0,8.0
2022-05-31T12:00:00.000,subway,156,"103 St (C,B)",Manhattan,metrocard,Metrocard - Students,5.0,0.0
2022-05-31T15:00:00.000,subway,607,"34 St-Herald Sq (B,D,F,M,N,Q,R,W)",Manhattan,metrocard,Metrocard - Students,186.0,5.0
2022-05-31T07:00:00.000,subway,16,"8 St-NYU (R,W)",Manhattan,metrocard,Metrocard - Fair Fare,1.0,0.0
2022-05-31T13:00:00.000,subway,602,"14 St-Union Sq (L,N,Q,R,W,4,5,6)",Manhattan,metrocard,Metrocard - Fair Fare,70.0,6.0
2022-05-31T13:00:00.000,subway,329,Rector St (1),Manhattan,omny,OMNY - Full Fare,54.0,1.0
2022-05-31T13:00:00.000,subway,601,"14 St (F,M,1,2,3)/6 Av (L)",Manhattan,metrocard,Metrocard - Unlimited 30-Day,124.0,0.0
2022-05-31T15:00:00.000,subway,144,Dyckman St (A),Manhattan,metrocard,Metrocard - Fair Fare,23.0,2.0
2022-05-31T13:00:00.000,subway,144,Dyckman St (A),Manhattan,metrocard,Metrocard - Full Fare,44.0,2.0
2022-05-31T19:00:00.000,subway,147,175 St (A),Manhattan,metrocard,Metrocard - Unlimited 30-Day,20.0,0.0
2022-05-31T18:00:00.000,subway,329,Rector St (1),Manhattan,metrocard,Metrocard - Fair Fare,6.0,0.0
2022-05-31T12:00:00.000,subway,144,Dyckman St (A),Manhattan,omny,OMNY - Full Fare,41.0,0.0
2022-05-31T03:00:00.000,subway,146,181 St (A),Manhattan,metrocard,Metrocard - Unlimited 30-Day,1.0,0.0
2022-05-31T02:00:00.000,subway,162,"50 St (C,E)",Manhattan,metrocard,Metrocard - Unlimited 7-Day,1.0,0.0
2022-05-31T08:00:00.000,subway,407,Astor Pl (6),Manhattan,metrocard,Metrocard - Other,41.0,0.0
2022-05-31T17:00:00.000,subway,13,"28 St (R,W)",Manhattan,metrocard,Metrocard - Unlimited 7-Day,105.0,0.0
2022-05-31T17:00:00.000,subway,150,155 St (C),Manhattan,omny,OMNY - Full Fare,26.0,0.0
2022-05-31T13:00:00.000,subway,605,"168 St (A,C,1)",Manhattan,metrocard,Metrocard - Unlimited 30-Day,72.0,0.0
2022-05-31T05:00:00.000,subway,151,"145 St (A,C,B,D)",Manhattan,metrocard,Metrocard - Unlimited 7-Day,85.0,0.0
2022-05-31T09:00:00.000,subway,405,23 St (6),Manhattan,metrocard,Metrocard - Other,28.0,2.0
2022-05-31T11:00:00.000,subway,158,"86 St (C,B)",Manhattan,metrocard,Metrocard - Students,6.0,0.0
2022-05-31T18:00:00.000,subway,14,"23 St (R,W)",Manhattan,metrocard,Metrocard - Students,26.0,1.0
2022-05-31T16:00:00.000,subway,155,"Cathedral Pkwy (110 St) (C,B)",Manhattan,metrocard,Metrocard - Fair Fare,25.0,3.0
2022-05-31T10:00:00.000,subway,143,Inwood-207 St (A),Manhattan,metrocard,Metrocard - Full Fare,65.0,13.0
2022-05-31T00:00:00.000,subway,150,155 St (C),Manhattan,metrocard,Metrocard - Other,1.0,0.0
2022-05-31T08:00:00.000,subway,158,"86 St (C,B)",Manhattan,metrocard,Metrocard - Fair Fare,10.0,0.0
2022-05-31T01:00:00.000,subway,159,"81 St-Museum of Natural History (C,B)",Manhattan,metrocard,Metrocard - Unlimited 7-Day,3.0,0.0
2022-05-31T17:00:00.000,subway,607,"34 St-Herald Sq (B,D,F,M,N,Q,R,W)",Manhattan,metrocard,Metrocard - Full Fare,2457.0,36.0
2022-05-31T13:00:00.000,subway,409,Spring St (6),Manhattan,metrocard,Metrocard - Unlimited 30-Day,26.0,0.0
2022-05-31T07:00:00.000,subway,414,"Bowling Green (4,5)",Manhattan,metrocard,Metrocard - Seniors & Disability,18.0,11.0
2022-05-31T15:00:00.000,subway,162,"50 St (C,E)",Manhattan,metrocard,Metrocard - Students,266.0,9.0
2022-05-31T08:00:00.000,subway,609,"Bryant Pk (B,D,F,M)/5 Av (7)",Manhattan,metrocard,Metrocard - Full Fare,158.0,20.0
2022-05-31T12:00:00.000,subway,327,"Chambers St (1,2,3)",Manhattan,metrocard,Metrocard - Fair Fare,7.0,0.0
2022-05-31T20:00:00.000,subway,151,"145 St (A,C,B,D)",Manhattan,metrocard,Metrocard - Unlimited 7-Day,49.0,0.0
2022-05-31T20:00:00.000,subway,144,Dyckman St (A),Manhattan,metrocard,Metrocard - Fair Fare,2.0,0.0
2022-05-31T06:00:00.000,subway,158,"86 St (C,B)",Manhattan,metrocard,Metrocard - Students,4.0,0.0
2022-05-31T10:00:00.000,subway,153,"125 St (A,C,B,D)",Manhattan,metrocard,Metrocard - Students,46.0,2.0
2022-05-31T06:00:00.000,subway,156,"103 St (C,B)",Manhattan,metrocard,Metrocard - Other,3.0,0.0
2022-05-31T01:00:00.000,subway,601,"14 St (F,M,1,2,3)/6 Av (L)",Manhattan,metrocard,Metrocard - Fair Fare,5.0,0.0
2022-05-31T07:00:00.000,subway,145,190 St (A),Manhattan,metrocard,Metrocard - Fair Fare,6.0,0.0
2022-05-31T20:00:00.000,subway,162,"50 St (C,E)",Manhattan,metrocard,Metrocard - Unlimited 7-Day,82.0,0.0
2022-05-31T14:00:00.000,subway,152,"135 St (C,B)",Manhattan,metrocard,Metrocard - Unlimited 7-Day,22.0,0.0
2022-05-31T17:00:00.000,subway,333,"Wall St (2,3)",Manhattan,metrocard,Metrocard - Other,172.0,0.0
2022-05-31T18:00:00.000,subway,333,"Wall St (2,3)",Manhattan,omny,OMNY - Full Fare,523.0,1.0
2022-05-31T07:00:00.000,subway,14,"23 St (R,W)",Manhattan,metrocard,Metrocard - Fair Fare,4.0,0.0
2022-05-31T01:00:00.000,subway,162,"50 St (C,E)",Manhattan,metrocard,Metrocard - Other,2.0,0.0
2022-05-31T06:00:00.000,subway,159,"81 St-Museum of Natural History (C,B)",Manhattan,metrocard,Metrocard - Full Fare,18.0,2.0
2022-05-31T14:00:00.000,subway,405,23 St (6),Manhattan,metrocard,Metrocard - Seniors & Disability,40.0,4.0
2022-05-31T14:00:00.000,subway,158,"86 St (C,B)",Manhattan,metrocard,Metrocard - Unlimited 30-Day,48.0,0.0
2022-05-31T17:00:00.000,subway,156,"103 St (C,B)",Manhattan,metrocard,Metrocard - Unlimited 7-Day,35.0,0.0
2022-05-31T22:00:00.000,subway,414,"Bowling Green (4,5)",Manhattan,omny,OMNY - Full Fare,70.0,4.0
2022-05-31T01:00:00.000,subway,405,23 St (6),Manhattan,metrocard,Metrocard - Unlimited 7-Day,4.0,0.0
2022-05-31T08:00:00.000,subway,602,"14 St-Union Sq (L,N,Q,R,W,4,5,6)",Manhattan,metrocard,Metrocard - Seniors & Disability,83.0,17.0
2022-05-31T06:00:00.000,subway,156,"103 St (C,B)",Manhattan,metrocard,Metrocard - Fair Fare,3.0,0.0
2022-05-31T18:00:00.000,subway,151,"145 St (A,C,B,D)",Manhattan,metrocard,Metrocard - Students,39.0,4.0
2022-05-31T12:00:00.000,subway,605,"168 St (A,C,1)",Manhattan,metrocard,Metrocard - Seniors & Disability,44.0,3.0
2022-05-31T20:00:00.000,subway,407,Astor Pl (6),Manhattan,metrocard,Metrocard - Unlimited 7-Day,48.0,0.0
2022-05-31T04:00:00.000,subway,607,"34 St-Herald Sq (B,D,F,M,N,Q,R,W)",Manhattan,omny,OMNY - Full Fare,20.0,0.0
2022-05-31T19:00:00.000,subway,413,"Wall St (4,5)",Manhattan,metrocard,Metrocard - Unlimited 7-Day,31.0,0.0
2022-05-31T07:00:00.000,subway,601,"14 St (F,M,1,2,3)/6 Av (L)",Manhattan,omny,OMNY - Full Fare,380.0,13.0
2022-05-31T18:00:00.000,subway,414,"Bowling Green (4,5)",Manhattan,metrocard,Metrocard - Seniors & Disability,38.0,2.0
2022-05-31T19:00:00.000,subway,152,"135 St (C,B)",Manhattan,metrocard,Metrocard - Seniors & Disability,1.0,0.0
2022-05-31T15:00:00.000,subway,150,155 St (C),Manhattan,metrocard,Metrocard - Seniors & Disability,6.0,0.0
2022-05-31T15:00:00.000,subway,159,"81 St-Museum of Natural History (C,B)",Manhattan,omny,OMNY - Full Fare,177.0,20.0
2022-05-31T08:00:00.000,subway,409,Spring St (6),Manhattan,metrocard,Metrocard - Unlimited 30-Day,39.0,0.0
2022-05-31T14:00:00.000,subway,143,Inwood-207 St (A),Manhattan,metrocard,Metrocard - Unlimited 7-Day,22.0,0.0
2022-05-31T09:00:00.000,subway,154,"116 St (C,B)",Manhattan,omny,OMNY - Full Fare,112.0,1.0
2022-05-31T05:00:00.000,subway,329,Rector St (1),Manhattan,metrocard,Metrocard - Seniors & Disability,4.0,0.0
2022-05-31T16:00:00.000,subway,409,Spring St (6),Manhattan,metrocard,Metrocard - Fair Fare,15.0,0.0
2022-05-31T12:00:00.000,subway,601,"14 St (F,M,1,2,3)/6 Av (L)",Manhattan,metrocard,Metrocard - Fair Fare,32.0,0.0
2022-05-31T22:00:00.000,subway,162,"50 St (C,E)",Manhattan,omny,OMNY - Full Fare,186.0,0.0
2022-05-31T19:00:00.000,subway,607,"34 St-Herald Sq (B,D,F,M,N,Q,R,W)",Manhattan,metrocard,Metrocard - Seniors & Disability,87.0,5.0
2022-05-31T13:00:00.000,subway,328,WTC Cortlandt (1),Manhattan,metrocard,Metrocard - Other,13.0,0.0
2022-05-31T19:00:00.000,subway,9,"57 St-7 Av (N,Q,R,W)",Manhattan,omny,OMNY - Full Fare,542.0,7.0
2022-05-31T11:00:00.000,subway,327,"Chambers St (1,2,3)",Manhattan,metrocard,Metrocard - Other,5.0,0.0
2022-05-31T15:00:00.000,subway,407,Astor Pl (6),Manhattan,metrocard,Metrocard - Fair Fare,13.0,0.0
2022-05-31T20:00:00.000,subway,607,"34 St-Herald Sq (B,D,F,M,N,Q,R,W)",Manhattan,metrocard,Metrocard - Other,113.0,2.0
2022-05-31T05:00:00.000,subway,9,"57 St-7 Av (N,Q,R,W)",Manhattan,metrocard,Metrocard - Fair Fare,2.0,0.0
2022-05-31T05:00:00.000,subway,154,"116 St (C,B)",Manhattan,metrocard,Metrocard - Unlimited 30-Day,6.0,0.0
2022-05-31T21:00:00.000,subway,607,"34 St-Herald Sq (B,D,F,M,N,Q,R,W)",Manhattan,omny,OMNY - Full Fare,1032.0,4.0
2022-05-31T07:00:00.000,subway,333,"Wall St (2,3)",Manhattan,metrocard,Metrocard - Students,22.0,0.0
2022-05-31T12:00:00.000,subway,602,"14 St-Union Sq (L,N,Q,R,W,4,5,6)",Manhattan,metrocard,Metrocard - Students,102.0,4.0
2022-05-31T09:00:00.000,subway,407,Astor Pl (6),Manhattan,metrocard,Metrocard - Students,3.0,1.0
2022-05-31T17:00:00.000,subway,156,"103 St (C,B)",Manhattan,metrocard,Metrocard - Students,4.0,0.0
2022-05-31T17:00:00.000,subway,147,175 St (A),Manhattan,metrocard,Metrocard - Fair Fare,22.0,0.0
2022-05-31T00:00:00.000,subway,144,Dyckman St (A),Manhattan,metrocard,Metrocard - Fair Fare,1.0,0.0
2022-05-31T08:00:00.000,subway,16,"8 St-NYU (R,W)",Manhattan,metrocard,Metrocard - Students,13.0,0.0
2022-05-31T18:00:00.000,subway,160,"72 St (C,B)",Manhattan,metrocard,Metrocard - Other,26.0,1.0
2022-05-31T17:00:00.000,subway,327,"Chambers St (1,2,3)",Manhattan,metrocard,Metrocard - Students,245.0,0.0
2022-05-31T05:00:00.000,subway,147,175 St (A),Manhattan,metrocard,Metrocard - Seniors & Disability,10.0,2.0
2022-05-31T11:00:00.000,subway,145,190 St (A),Manhattan,omny,OMNY - Full Fare,23.0,0.0
2022-05-31T07:00:00.000,subway,151,"145 St (A,C,B,D)",Manhattan,metrocard,Metrocard - Students,273.0,5.0
2022-05-31T22:00:00.000,subway,13,"28 St (R,W)",Manhattan,metrocard,Metrocard - Students,1.0,0.0
2022-05-31T19:00:00.000,subway,153,"125 St (A,C,B,D)",Manhattan,omny,OMNY - Full Fare,185.0,17.0
2022-05-31T20:00:00.000,subway,145,190 St (A),Manhattan,metrocard,Metrocard - Seniors & Disability,3.0,0.0
2022-05-31T19:00:00.000,subway,145,190 St (A),Manhattan,metrocard,Metrocard - Students,2.0,0.0
2022-05-31T05:00:00.000,subway,146,181 St (A),Manhattan,metrocard,Metrocard - Full Fare,30.0,0.0
2022-05-31T12:00:00.000,subway,155,"Cathedral Pkwy (110 St) (C,B)",Manhattan,metrocard,Metrocard - Unlimited 30-Day,28.0,0.0
2022-05-31T09:00:00.000,subway,150,155 St (C),Manhattan,metrocard,Metrocard - Full Fare,25.0,0.0
2022-05-31T22:00:00.000,subway,151,"145 St (A,C,B,D)",Manhattan,metrocard,Metrocard - Unlimited 7-Day,36.0,0.0
2022-05-31T17:00:00.000,subway,152,"135 St (C,B)",Manhattan,metrocard,Metrocard - Students,31.0,0.0
2022-05-31T01:00:00.000,subway,407,Astor Pl (6),Manhattan,omny,OMNY - Full Fare,19.0,0.0
2022-05-31T16:00:00.000,subway,409,Spring St (6),Manhattan,metrocard,Metrocard - Unlimited 7-Day,92.0,0.0
2022-05-31T13:00:00.000,subway,152,"135 St (C,B)",Manhattan,metrocard,Metrocard - Other,7.0,0.0
2022-05-31T07:00:00.000,subway,405,23 St (6),Manhattan,metrocard,Metrocard - Students,57.0,4.0
2022-05-31T07:00:00.000,subway,409,Spring St (6),Manhattan,metrocard,Metrocard - Fair Fare,3.0,0.0
2022-05-31T08:00:00.000,subway,155,"Cathedral Pkwy (110 St) (C,B)",Manhattan,metrocard,Metrocard - Full Fare,99.0,2.0
2022-05-31T11:00:00.000,subway,149,163 St-Amsterdam Av (C),Manhattan,metrocard,Metrocard - Seniors & Disability,8.0,1.0
2022-05-31T14:00:00.000,subway,329,Rector St (1),Manhattan,metrocard,Metrocard - Full Fare,65.0,0.0
2022-05-31T12:00:00.000,subway,157,"96 St (C,B)",Manhattan,metrocard,Metrocard - Full Fare,62.0,4.0
2022-05-31T11:00:00.000,subway,147,175 St (A),Manhattan,metrocard,Metrocard - Seniors & Disability,25.0,2.0
2022-05-31T18:00:00.000,subway,601,"14 St (F,M,1,2,3)/6 Av (L)",Manhattan,metrocard,Metrocard - Unlimited 30-Day,359.0,0.0
2022-05-31T09:00:00.000,subway,602,"14 St-Union Sq (L,N,Q,R,W,4,5,6)",Manhattan,omny,OMNY - Full Fare,782.0,35.0
2022-05-31T10:00:00.000,subway,405,23 St (6),Manhattan,metrocard,Metrocard - Unlimited 30-Day,49.0,0.0
2022-05-31T06:00:00.000,subway,605,"168 St (A,C,1)",Manhattan,metrocard,Metrocard - Students,13.0,0.0
2022-05-31T17:00:00.000,subway,162,"50 St (C,E)",Manhattan,metrocard,Metrocard - Full Fare,357.0,8.0
2022-05-31T11:00:00.000,subway,9,"57 St-7 Av (N,Q,R,W)",Manhattan,metrocard,Metrocard - Seniors & Disability,25.0,0.0
2022-05-31T19:00:00.000,subway,147,175 St (A),Manhattan,metrocard,Metrocard - Students,8.0,0.0
2022-05-31T03:00:00.000,subway,146,181 St (A),Manhattan,omny,OMNY - Full Fare,1.0,0.0
2022-05-31T19:00:00.000,subway,601,"14 St (F,M,1,2,3)/6 Av (L)",Manhattan,metrocard,Metrocard - Students,27.0,1.0
2022-05-31T11:00:00.000,subway,154,"116 St (C,B)",Manhattan,metrocard,Metrocard - Seniors & Disability,14.0,2.0
2022-05-31T00:00:00.000,subway,145,190 St (A),Manhattan,omny,OMNY - Full Fare,2.0,0.0
2022-05-31T13:00:00.000,subway,158,"86 St (C,B)",Manhattan,metrocard,Metrocard - Unlimited 30-Day,37.0,0.0
2022-05-31T17:00:00.000,subway,16,"8 St-NYU (R,W)",Manhattan,metrocard,Metrocard - Fair Fare,20.0,0.0
2022-05-31T15:00:00.000,subway,159,"81 St-Museum of Natural History (C,B)",Manhattan,metrocard,Metrocard - Seniors & Disability,30.0,11.0
2022-05-31T06:00:00.000,subway,143,Inwood-207 St (A),Manhattan,omny,OMNY - Full Fare,74.0,11.0
2022-05-31T04:00:00.000,subway,147,175 St (A),Manhattan,metrocard,Metrocard - Unlimited 30-Day,9.0,0.0
2022-05-31T13:00:00.000,subway,329,Rector St (1),Manhattan,metrocard,Metrocard - Fair Fare,6.0,0.0
2022-05-31T22:00:00.000,subway,16,"8 St-NYU (R,W)",Manhattan,metrocard,Metrocard - Full Fare,55.0,0.0
2022-05-31T19:00:00.000,subway,407,Astor Pl (6),Manhattan,metrocard,Metrocard - Unlimited 30-Day,93.0,0.0
2022-05-31T05:00:00.000,subway,145,190 St (A),Manhattan,metrocard,Metrocard - Unlimited 30-Day,12.0,0.0
2022-05-31T04:00:00.000,subway,602,"14 St-Union Sq (L,N,Q,R,W,4,5,6)",Manhattan,metrocard,Metrocard - Unlimited 30-Day,2.0,0.0
2022-05-31T05:00:00.000,subway,144,Dyckman St (A),Manhattan,omny,OMNY - Full Fare,22.0,0.0
2022-05-31T18:00:00.000,subway,13,"28 St (R,W)",Manhattan,metrocard,Metrocard - Unlimited 30-Day,97.0,0.0
2022-05-31T06:00:00.000,subway,601,"14 St (F,M,1,2,3)/6 Av (L)",Manhattan,metrocard,Metrocard - Fair Fare,6.0,1.0
2022-05-31T00:00:00.000,subway,327,"Chambers St (1,2,3)",Manhattan,metrocard,Metrocard - Unlimited 7-Day,14.0,0.0
2022-05-31T13:00:00.000,subway,162,"50 St (C,E)",Manhattan,metrocard,Metrocard - Fair Fare,13.0,0.0
2022-05-31T09:00:00.000,subway,9,"57 St-7 Av (N,Q,R,W)",Manhattan,metrocard,Metrocard - Full Fare,141.0,4.0
2022-05-31T19:00:00.000,subway,155,"Cathedral Pkwy (110 St) (C,B)",Manhattan,metrocard,Metrocard - Other,6.0,0.0
2022-05-31T23:00:00.000,subway,329,Rector St (1),Manhattan,metrocard,Metrocard - Unlimited 30-Day,6.0,0.0
2022-05-31T23:00:00.000,subway,601,"14 St (F,M,1,2,3)/6 Av (L)",Manhattan,metrocard,Metrocard - Seniors & Disability,4.0,0.0
2022-05-31T18:00:00.000,subway,405,23 St (6),Manhattan,metrocard,Metrocard - Other,67.0,3.0
2022-05-31T19:00:00.000,subway,153,"125 St (A,C,B,D)",Manhattan,metrocard,Metrocard - Fair Fare,38.0,1.0
2022-05-31T22:00:00.000,subway,160,"72 St (C,B)",Manhattan,metrocard,Metrocard - Full Fare,14.0,0.0
2022-05-31T19:00:00.000,subway,156,"103 St (C,B)",Manhattan,metrocard,Metrocard - Other,4.0,0.0
2022-05-31T23:00:00.000,subway,328,WTC Cortlandt (1),Manhattan,metrocard,Metrocard - Unlimited 30-Day,10.0,0.0
2022-05-31T07:00:00.000,subway,607,"34 St-Herald Sq (B,D,F,M,N,Q,R,W)",Manhattan,metrocard,Metrocard - Full Fare,1160.0,29.0
2022-05-31T19:00:00.000,subway,14,"23 St (R,W)",Manhattan,omny,OMNY - Full Fare,270.0,4.0
2022-05-31T14:00:00.000,subway,328,WTC Cortlandt (1),Manhattan,metrocard,Metrocard - Students,12.0,0.0
2022-05-31T16:00:00.000,subway,159,"81 St-Museum of Natural History (C,B)",Manhattan,metrocard,Metrocard - Unlimited 30-Day,97.0,0.0
2022-05-31T02:00:00.000,subway,607,"34 St-Herald Sq (B,D,F,M,N,Q,R,W)",Manhattan,metrocard,Metrocard - Full Fare,15.0,0.0
2022-05-31T12:00:00.000,subway,147,175 St (A),Manhattan,metrocard,Metrocard - Fair Fare,18.0,0.0
2022-05-31T15:00:00.000,subway,407,Astor Pl (6),Manhattan,metrocard,Metrocard - Seniors & Disability,21.0,0.0
2022-05-31T13:00:00.000,subway,152,"135 St (C,B)",Manhattan,metrocard,Metrocard - Unlimited 30-Day,23.0,0.0
2022-05-31T07:00:00.000,subway,144,Dyckman St (A),Manhattan,metrocard,Metrocard - Students,110.0,0.0
2022-05-31T09:00:00.000,subway,601,"14 St (F,M,1,2,3)/6 Av (L)",Manhattan,metrocard,Metrocard - Full Fare,229.0,4.0
2022-05-31T08:00:00.000,subway,333,"Wall St (2,3)",Manhattan,metrocard,Metrocard - Seniors & Disability,3.0,0.0
2022-05-31T15:00:00.000,subway,146,181 St (A),Manhattan,metrocard,Metrocard - Other,13.0,0.0
2022-05-31T01:00:00.000,subway,602,"14 St-Union Sq (L,N,Q,R,W,4,5,6)",Manhattan,metrocard,Metrocard - Unlimited 7-Day,31.0,0.0
2022-05-31T16:00:00.000,subway,327,"Chambers St (1,2,3)",Manhattan,metrocard,Metrocard - Other,73.0,0.0
2022-05-31T09:00:00.000,subway,605,"168 St (A,C,1)",Manhattan,metrocard,Metrocard - Full Fare,144.0,6.0
2022-05-31T07:00:00.000,subway,143,Inwood-207 St (A),Manhattan,metrocard,Metrocard - Unlimited 30-Day,98.0,0.0
2022-05-31T19:00:00.000,subway,409,Spring St (6),Manhattan,omny,OMNY - Full Fare,259.0,1.0
2022-05-31T17:00:00.000,subway,327,"Chambers St (1,2,3)",Manhattan,omny,OMNY - Full Fare,554.0,0.0
2022-05-31T23:00:00.000,subway,414,"Bowling Green (4,5)",Manhattan,metrocard,Metrocard - Unlimited 30-Day,18.0,0.0
2022-05-31T11:00:00.000,subway,327,"Chambers St (1,2,3)",Manhattan,omny,OMNY - Full Fare,90.0,1.0
2022-05-31T16:00:00.000,subway,155,"Cathedral Pkwy (110 St) (C,B)",Manhattan,metrocard,Metrocard - Students,20.0,1.0
2022-05-31T03:00:00.000,subway,153,"125 St (A,C,B,D)",Manhattan,metrocard,Metrocard - Unlimited 30-Day,5.0,0.0
2022-05-31T13:00:00.000,subway,146,181 St (A),Manhattan,metrocard,Metrocard - Unlimited 7-Day,40.0,0.0
2022-05-31T03:00:00.000,subway,407,Astor Pl (6),Manhattan,metrocard,Metrocard - Full Fare,6.0,0.0
2022-05-31T14:00:00.000,subway,154,"116 St (C,B)",Manhattan,metrocard,Metrocard - Unlimited 7-Day,40.0,0.0
2022-05-31T16:00:00.000,subway,329,Rector St (1),Manhattan,metrocard,Metrocard - Unlimited 7-Day,51.0,0.0
2022-05-31T17:00:00.000,subway,151,"145 St (A,C,B,D)",Manhattan,omny,OMNY - Full Fare,234.0,2.0
2022-05-31T07:00:00.000,subway,147,175 St (A),Manhattan,metrocard,Metrocard - Unlimited 7-Day,65.0,0.0
2022-05-31T22:00:00.000,subway,154,"116 St (C,B)",Manhattan,metrocard,Metrocard - Fair Fare,2.0,0.0
2022-05-31T13:00:00.000,subway,145,190 St (A),Manhattan,metrocard,Metrocard - Seniors & Disability,9.0,0.0
2022-05-31T06:00:00.000,subway,150,155 St (C),Manhattan,metrocard,Metrocard - Seniors & Disability,1.0,0.0
2022-05-31T11:00:00.000,subway,154,"116 St (C,B)",Manhattan,metrocard,Metrocard - Full Fare,40.0,0.0
2022-05-31T14:00:00.000,subway,145,190 St (A),Manhattan,metrocard,Metrocard - Fair Fare,12.0,0.0
2022-05-31T19:00:00.000,subway,160,"72 St (C,B)",Manhattan,metrocard,Metrocard - Students,11.0,1.0
2022-05-31T19:00:00.000,subway,607,"34 St-Herald Sq (B,D,F,M,N,Q,R,W)",Manhattan,metrocard,Metrocard - Unlimited 30-Day,564.0,0.0
2022-05-31T04:00:00.000,subway,413,"Wall St (4,5)",Manhattan,metrocard,Metrocard - Unlimited 7-Day,1.0,0.0
2022-05-31T18:00:00.000,subway,327,"Chambers St (1,2,3)",Manhattan,metrocard,Metrocard - Unlimited 7-Day,77.0,0.0
2022-05-31T13:00:00.000,subway,149,163 St-Amsterdam Av (C),Manhattan,metrocard,Metrocard - Unlimited 7-Day,28.0,0.0
2022-05-31T14:00:00.000,subway,13,"28 St (R,W)",Manhattan,metrocard,Metrocard - Full Fare,72.0,0.0
2022-05-31T13:00:00.000,subway,152,"135 St (C,B)",Manhattan,metrocard,Metrocard - Full Fare,36.0,2.0
2022-05-31T20:00:00.000,subway,151,"145 St (A,C,B,D)",Manhattan,metrocard,Metrocard - Other,12.0,1.0
2022-05-31T22:00:00.000,subway,145,190 St (A),Manhattan,metrocard,Metrocard - Unlimited 30-Day,4.0,0.0
2022-05-31T08:00:00.000,subway,328,WTC Cortlandt (1),Manhattan,metrocard,Metrocard - Full Fare,272.0,2.0
2022-05-31T18:00:00.000,subway,151,"145 St (A,C,B,D)",Manhattan,metrocard,Metrocard - Unlimited 30-Day,110.0,0.0
2022-05-31T15:00:00.000,subway,607,"34 St-Herald Sq (B,D,F,M,N,Q,R,W)",Manhattan,metrocard,Metrocard - Unlimited 30-Day,447.0,0.0
2022-05-31T12:00:00.000,subway,149,163 St-Amsterdam Av (C),Manhattan,metrocard,Metrocard - Fair Fare,4.0,0.0
2022-05-31T15:00:00.000,subway,329,Rector St (1),Manhattan,metrocard,Metrocard - Other,61.0,0.0
2022-05-31T18:00:00.000,subway,605,"168 St (A,C,1)",Manhattan,metrocard,Metrocard - Unlimited 30-Day,183.0,0.0
2022-05-31T20:00:00.000,subway,333,"Wall St (2,3)",Manhattan,metrocard,Metrocard - Students,4.0,0.0
2022-05-31T16:00:00.000,subway,413,"Wall St (4,5)",Manhattan,omny,OMNY - Full Fare,399.0,6.0
2022-05-31T06:00:00.000,subway,602,"14 St-Union Sq (L,N,Q,R,W,4,5,6)",Manhattan,metrocard,Metrocard - Other,43.0,1.0
2022-05-31T01:00:00.000,subway,159,"81 St-Museum of Natural History (C,B)",Manhattan,metrocard,Metrocard - Fair Fare,2.0,0.0
2022-05-31T09:00:00.000,subway,9,"57 St-7 Av (N,Q,R,W)",Manhattan,metrocard,Metrocard - Fair Fare,8.0,0.0
2022-05-31T06:00:00.000,subway,156,"103 St (C,B)",Manhattan,metrocard,Metrocard - Students,3.0,0.0
2022-05-31T18:00:00.000,subway,144,Dyckman St (A),Manhattan,metrocard,Metrocard - Students,6.0,0.0
2022-05-31T07:00:00.000,subway,329,Rector St (1),Manhattan,metrocard,Metrocard - Full Fare,52.0,11.0
2022-05-31T08:00:00.000,subway,145,190 St (A),Manhattan,metrocard,Metrocard - Other,20.0,0.0
2022-05-31T18:00:00.000,subway,407,Astor Pl (6),Manhattan,metrocard,Metrocard - Full Fare,144.0,1.0
2022-05-31T18:00:00.000,subway,159,"81 St-Museum of Natural History (C,B)",Manhattan,metrocard,Metrocard - Fair Fare,13.0,2.0
2022-05-31T20:00:00.000,subway,158,"86 St (C,B)",Manhattan,omny,OMNY - Full Fare,74.0,1.0
2022-05-31T16:00:00.000,subway,602,"14 St-Union Sq (L,N,Q,R,W,4,5,6)",Manhattan,omny,OMNY - Full Fare,1659.0,25.0
2022-05-31T10:00:00.000,subway,607,"34 St-Herald Sq (B,D,F,M,N,Q,R,W)",Manhattan,metrocard,Metrocard - Students,20.0,1.0
2022-05-31T02:00:00.000,subway,602,"14 St-Union Sq (L,N,Q,R,W,4,5,6)",Manhattan,omny,OMNY - Full Fare,25.0,1.0
2022-05-31T02:00:00.000,subway,328,WTC Cortlandt (1),Manhattan,metrocard,Metrocard - Full Fare,1.0,0.0
2022-05-31T08:00:00.000,subway,602,"14 St-Union Sq (L,N,Q,R,W,4,5,6)",Manhattan,metrocard,Metrocard - Fair Fare,61.0,10.0
2022-05-31T11:00:00.000,subway,158,"86 St (C,B)",Manhattan,metrocard,Metrocard - Full Fare,60.0,5.0
2022-05-31T16:00:00.000,subway,16,"8 St-NYU (R,W)",Manhattan,metrocard,Metrocard - Seniors & Disability,20.0,1.0
2022-05-31T11:00:00.000,subway,409,Spring St (6),Manhattan,metrocard,Metrocard - Unlimited 7-Day,44.0,0.0
2022-05-31T15:00:00.000,subway,16,"8 St-NYU (R,W)",Manhattan,metrocard,Metrocard - Full Fare,173.0,0.0
2022-05-31T06:00:00.000,subway,333,"Wall St (2,3)",Manhattan,metrocard,Metrocard - Other,7.0,0.0
2022-05-31T16:00:00.000,subway,155,"Cathedral Pkwy (110 St) (C,B)",Manhattan,metrocard,Metrocard - Other,13.0,0.0
2022-05-31T19:00:00.000,subway,147,175 St (A),Manhattan,omny,OMNY - Full Fare,70.0,0.0
2022-05-31T07:00:00.000,subway,145,190 St (A),Manhattan,metrocard,Metrocard - Students,97.0,1.0
2022-05-31T18:00:00.000,subway,13,"28 St (R,W)",Manhattan,omny,OMNY - Full Fare,336.0,2.0
2022-05-31T20:00:00.000,subway,153,"125 St (A,C,B,D)",Manhattan,metrocard,Metrocard - Students,25.0,1.0
2022-05-31T12:00:00.000,subway,153,"125 St (A,C,B,D)",Manhattan,metrocard,Metrocard - Seniors & Disability,51.0,6.0
2022-05-31T06:00:00.000,subway,143,Inwood-207 St (A),Manhattan,metrocard,Metrocard - Seniors & Disability,11.0,2.0
2022-05-31T23:00:00.000,subway,16,"8 St-NYU (R,W)",Manhattan,metrocard,Metrocard - Unlimited 7-Day,38.0,0.0
2022-05-31T12:00:00.000,subway,409,Spring St (6),Manhattan,metrocard,Metrocard - Fair Fare,6.0,0.0
2022-05-31T22:00:00.000,subway,601,"14 St (F,M,1,2,3)/6 Av (L)",Manhattan,metrocard,Metrocard - Other,55.0,1.0
2022-05-31T23:00:00.000,subway,409,Spring St (6),Manhattan,metrocard,Metrocard - Other,6.0,0.0
2022-05-31T22:00:00.000,subway,155,"Cathedral Pkwy (110 St) (C,B)",Manhattan,omny,OMNY - Full Fare,12.0,0.0
2022-05-31T19:00:00.000,subway,327,"Chambers St (1,2,3)",Manhattan,metrocard,Metrocard - Seniors & Disability,23.0,0.0
2022-05-31T06:00:00.000,subway,150,155 St (C),Manhattan,metrocard,Metrocard - Students,6.0,2.0
2022-05-31T21:00:00.000,subway,601,"14 St (F,M,1,2,3)/6 Av (L)",Manhattan,metrocard,Metrocard - Unlimited 7-Day,139.0,0.0
2022-05-31T11:00:00.000,subway,143,Inwood-207 St (A),Manhattan,omny,OMNY - Full Fare,49.0,4.0
2022-05-31T06:00:00.000,subway,14,"23 St (R,W)",Manhattan,metrocard,Metrocard - Full Fare,26.0,6.0
2022-05-31T05:00:00.000,subway,607,"34 St-Herald Sq (B,D,F,M,N,Q,R,W)",Manhattan,metrocard,Metrocard - Students,1.0,0.0
2022-05-31T02:00:00.000,subway,151,"145 St (A,C,B,D)",Manhattan,omny,OMNY - Full Fare,4.0,0.0
2022-05-31T06:00:00.000,subway,143,Inwood-207 St (A),Manhattan,metrocard,Metrocard - Unlimited 30-Day,66.0,0.0
2022-05-31T00:00:00.000,subway,143,Inwood-207 St (A),Manhattan,metrocard,Metrocard - Fair Fare,1.0,0.0
2022-05-31T12:00:00.000,subway,160,"72 St (C,B)",Manhattan,omny,OMNY - Full Fare,89.0,4.0
2022-05-31T07:00:00.000,subway,329,Rector St (1),Manhattan,metrocard,Metrocard - Students,32.0,0.0
2022-05-31T04:00:00.000,subway,147,175 St (A),Manhattan,omny,OMNY - Full Fare,9.0,0.0
2022-05-31T10:00:00.000,subway,407,Astor Pl (6),Manhattan,metrocard,Metrocard - Seniors & Disability,15.0,0.0
2022-05-31T17:00:00.000,subway,156,"103 St (C,B)",Manhattan,metrocard,Metrocard - Fair Fare,8.0,0.0
2022-05-31T17:00:00.000,subway,329,Rector St (1),Manhattan,metrocard,Metrocard - Students,16.0,0.0
2022-05-31T20:00:00.000,subway,156,"103 St (C,B)",Manhattan,omny,OMNY - Full Fare,36.0,0.0
2022-05-31T10:00:00.000,subway,413,"Wall St (4,5)",Manhattan,metrocard,Metrocard - Fair Fare,5.0,0.0
2022-05-31T14:00:00.000,subway,150,155 St (C),Manhattan,metrocard,Metrocard - Fair Fare,2.0,0.0
2022-05-31T20:00:00.000,subway,13,"28 St (R,W)",Manhattan,metrocard,Metrocard - Seniors & Disability,2.0,0.0
2022-05-31T04:00:00.000,subway,153,"125 St (A,C,B,D)",Manhattan,metrocard,Metrocard - Fair Fare,5.0,1.0
2022-05-31T11:00:00.000,subway,407,Astor Pl (6),Manhattan,metrocard,Metrocard - Unlimited 30-Day,31.0,0.0
2022-05-31T18:00:00.000,subway,609,"Bryant Pk (B,D,F,M)/5 Av (7)",Manhattan,metrocard,Metrocard - Fair Fare,95.0,2.0
2022-05-31T16:00:00.000,subway,14,"23 St (R,W)",Manhattan,omny,OMNY - Full Fare,360.0,5.0
2022-05-31T07:00:00.000,subway,151,"145 St (A,C,B,D)",Manhattan,metrocard,Metrocard - Full Fare,257.0,9.0
2022-05-31T15:00:00.000,subway,150,155 St (C),Manhattan,metrocard,Metrocard - Full Fare,22.0,3.0
2022-05-31T11:00:00.000,subway,162,"50 St (C,E)",Manhattan,metrocard,Metrocard - Full Fare,149.0,0.0
2022-05-31T22:00:00.000,subway,149,163 St-Amsterdam Av (C),Manhattan,omny,OMNY - Full Fare,2.0,0.0
2022-05-31T03:00:00.000,subway,333,"Wall St (2,3)",Manhattan,metrocard,Metrocard - Full Fare,1.0,0.0
2022-05-31T15:00:00.000,subway,601,"14 St (F,M,1,2,3)/6 Av (L)",Manhattan,omny,OMNY - Other,2.0,0.0
2022-05-31T13:00:00.000,subway,414,"Bowling Green (4,5)",Manhattan,metrocard,Metrocard - Full Fare,176.0,15.0
2022-05-31T11:00:00.000,subway,333,"Wall St (2,3)",Manhattan,metrocard,Metrocard - Other,10.0,0.0
2022-05-31T16:00:00.000,subway,157,"96 St (C,B)",Manhattan,metrocard,Metrocard - Seniors & Disability,25.0,6.0
2022-05-31T02:00:00.000,subway,605,"168 St (A,C,1)",Manhattan,omny,OMNY - Full Fare,6.0,0.0
2022-05-31T21:00:00.000,subway,143,Inwood-207 St (A),Manhattan,metrocard,Metrocard - Unlimited 30-Day,13.0,0.0
2022-05-31T22:00:00.000,subway,609,"Bryant Pk (B,D,F,M)/5 Av (7)",Manhattan,metrocard,Metrocard - Other,31.0,0.0
2022-05-31T14:00:00.000,subway,405,23 St (6),Manhattan,metrocard,Metrocard - Unlimited 7-Day,110.0,0.0
2022-05-31T15:00:00.000,subway,146,181 St (A),Manhattan,metrocard,Metrocard - Unlimited 30-Day,45.0,0.0
2022-05-31T00:00:00.000,subway,149,163 St-Amsterdam Av (C),Manhattan,omny,OMNY - Full Fare,2.0,1.0
2022-05-31T16:00:00.000,subway,601,"14 St (F,M,1,2,3)/6 Av (L)",Manhattan,metrocard,Metrocard - Unlimited 7-Day,257.0,0.0
2022-05-31T20:00:00.000,subway,159,"81 St-Museum of Natural History (C,B)",Manhattan,omny,OMNY - Full Fare,89.0,5.0
2022-05-31T11:00:00.000,subway,609,"Bryant Pk (B,D,F,M)/5 Av (7)",Manhattan,metrocard,Metrocard - Other,42.0,0.0
2022-05-31T14:00:00.000,subway,333,"Wall St (2,3)",Manhattan,metrocard,Metrocard - Seniors & Disability,21.0,0.0
2022-05-31T16:00:00.000,subway,158,"86 St (C,B)",Manhattan,metrocard,Metrocard - Seniors & Disability,32.0,11.0
2022-05-31T19:00:00.000,subway,407,Astor Pl (6),Manhattan,metrocard,Metrocard - Students,8.0,0.0
2022-05-31T13:00:00.000,subway,601,"14 St (F,M,1,2,3)/6 Av (L)",Manhattan,metrocard,Metrocard - Other,52.0,3.0
2022-05-31T02:00:00.000,subway,158,"86 St (C,B)",Manhattan,omny,OMNY - Full Fare,3.0,0.0
2022-05-31T13:00:00.000,subway,147,175 St (A),Manhattan,metrocard,Metrocard - Other,16.0,1.0
2022-05-31T19:00:00.000,subway,607,"34 St-Herald Sq (B,D,F,M,N,Q,R,W)",Manhattan,metrocard,Metrocard - Full Fare,977.0,17.0
2022-05-31T22:00:00.000,subway,160,"72 St (C,B)",Manhattan,metrocard,Metrocard - Unlimited 7-Day,10.0,0.0
2022-05-31T11:00:00.000,subway,157,"96 St (C,B)",Manhattan,metrocard,Metrocard - Students,14.0,3.0
2022-05-31T16:00:00.000,subway,9,"57 St-7 Av (N,Q,R,W)",Manhattan,metrocard,Metrocard - Unlimited 30-Day,280.0,0.0
2022-05-31T09:00:00.000,subway,605,"168 St (A,C,1)",Manhattan,metrocard,Metrocard - Unlimited 7-Day,73.0,0.0
2022-05-31T17:00:00.000,subway,607,"34 St-Herald Sq (B,D,F,M,N,Q,R,W)",Manhattan,metrocard,Metrocard - Unlimited 7-Day,731.0,0.0
2022-05-31T21:00:00.000,subway,602,"14 St-Union Sq (L,N,Q,R,W,4,5,6)",Manhattan,omny,OMNY - Full Fare,1100.0,6.0
2022-05-31T05:00:00.000,subway,405,23 St (6),Manhattan,omny,OMNY - Full Fare,11.0,3.0
2022-05-31T22:00:00.000,subway,162,"50 St (C,E)",Manhattan,metrocard,Metrocard - Other,29.0,1.0
2022-05-31T06:00:00.000,subway,160,"72 St (C,B)",Manhattan,metrocard,Metrocard - Fair Fare,2.0,0.0
2022-05-31T07:00:00.000,subway,13,"28 St (R,W)",Manhattan,metrocard,Metrocard - Unlimited 7-Day,8.0,0.0
2022-05-31T09:00:00.000,subway,155,"Cathedral Pkwy (110 St) (C,B)",Manhattan,metrocard,Metrocard - Fair Fare,12.0,0.0
2022-05-31T12:00:00.000,subway,328,WTC Cortlandt (1),Manhattan,omny,OMNY - Full Fare,71.0,3.0
2022-05-31T06:00:00.000,subway,150,155 St (C),Manhattan,metrocard,Metrocard - Unlimited 7-Day,17.0,0.0
2022-05-31T14:00:00.000,subway,414,"Bowling Green (4,5)",Manhattan,metrocard,Metrocard - Unlimited 7-Day,140.0,0.0
2022-05-31T13:00:00.000,subway,150,155 St (C),Manhattan,metrocard,Metrocard - Students,4.0,0.0
2022-05-31T08:00:00.000,subway,156,"103 St (C,B)",Manhattan,metrocard,Metrocard - Full Fare,64.0,0.0
2022-05-31T12:00:00.000,subway,154,"116 St (C,B)",Manhattan,metrocard,Metrocard - Other,10.0,1.0
2022-05-31T15:00:00.000,subway,409,Spring St (6),Manhattan,metrocard,Metrocard - Full Fare,122.0,0.0
2022-05-31T13:00:00.000,subway,328,WTC Cortlandt (1),Manhattan,metrocard,Metrocard - Unlimited 30-Day,15.0,0.0
2022-05-31T20:00:00.000,subway,607,"34 St-Herald Sq (B,D,F,M,N,Q,R,W)",Manhattan,metrocard,Metrocard - Full Fare,663.0,10.0
2022-05-31T20:00:00.000,subway,159,"81 St-Museum of Natural History (C,B)",Manhattan,metrocard,Metrocard - Fair Fare,7.0,2.0
2022-05-31T14:00:00.000,subway,162,"50 St (C,E)",Manhattan,metrocard,Metrocard - Seniors & Disability,22.0,0.0
2022-05-31T21:00:00.000,subway,159,"81 St-Museum of Natural History (C,B)",Manhattan,metrocard,Metrocard - Other,5.0,0.0
2022-05-31T22:00:00.000,subway,602,"14 St-Union Sq (L,N,Q,R,W,4,5,6)",Manhattan,metrocard,Metrocard - Fair Fare,67.0,0.0
2022-05-31T11:00:00.000,subway,13,"28 St (R,W)",Manhattan,metrocard,Metrocard - Full Fare,45.0,0.0
2022-05-31T16:00:00.000,subway,153,"125 St (A,C,B,D)",Manhattan,metrocard,Metrocard - Full Fare,396.0,36.0
2022-05-31T09:00:00.000,subway,414,"Bowling Green (4,5)",Manhattan,metrocard,Metrocard - Fair Fare,7.0,4.0
2022-05-31T19:00:00.000,subway,151,"145 St (A,C,B,D)",Manhattan,metrocard,Metrocard - Seniors & Disability,6.0,2.0
2022-05-31T16:00:00.000,subway,405,23 St (6),Manhattan,metrocard,Metrocard - Unlimited 30-Day,184.0,0.0
2022-05-31T23:00:00.000,subway,601,"14 St (F,M,1,2,3)/6 Av (L)",Manhattan,metrocard,Metrocard - Unlimited 30-Day,61.0,0.0
2022-05-31T06:00:00.000,subway,16,"8 St-NYU (R,W)",Manhattan,metrocard,Metrocard - Seniors & Disability,3.0,0.0
2022-05-31T02:00:00.000,subway,9,"57 St-7 Av (N,Q,R,W)",Manhattan,metrocard,Metrocard - Full Fare,4.0,0.0
2022-05-31T19:00:00.000,subway,328,WTC Cortlandt (1),Manhattan,metrocard,Metrocard - Seniors & Disability,5.0,0.0
2022-05-31T00:00:00.000,subway,607,"34 St-Herald Sq (B,D,F,M,N,Q,R,W)",Manhattan,metrocard,Metrocard - Fair Fare,13.0,0.0
2022-05-31T20:00:00.000,subway,409,Spring St (6),Manhattan,metrocard,Metrocard - Full Fare,51.0,0.0
2022-05-31T16:00:00.000,subway,609,"Bryant Pk (B,D,F,M)/5 Av (7)",Manhattan,metrocard,Metrocard - Full Fare,934.0,13.0
2022-05-31T23:00:00.000,subway,601,"14 St (F,M,1,2,3)/6 Av (L)",Manhattan,metrocard,Metrocard - Fair Fare,21.0,0.0
2022-05-31T05:00:00.000,subway,155,"Cathedral Pkwy (110 St) (C,B)",Manhattan,omny,OMNY - Full Fare,6.0,0.0
2022-05-31T10:00:00.000,subway,14,"23 St (R,W)",Manhattan,metrocard,Metrocard - Unlimited 7-Day,73.0,0.0
2022-05-31T19:00:00.000,subway,414,"Bowling Green (4,5)",Manhattan,omny,OMNY - Full Fare,191.0,13.0
2022-05-31T11:00:00.000,subway,143,Inwood-207 St (A),Manhattan,metrocard,Metrocard - Seniors & Disability,12.0,1.0
2022-05-31T10:00:00.000,subway,605,"168 St (A,C,1)",Manhattan,metrocard,Metrocard - Other,38.0,0.0
2022-05-31T02:00:00.000,subway,154,"116 St (C,B)",Manhattan,metrocard,Metrocard - Unlimited 7-Day,1.0,0.0
2022-05-31T07:00:00.000,subway,160,"72 St (C,B)",Manhattan,metrocard,Metrocard - Students,43.0,6.0
2022-05-31T21:00:00.000,subway,150,155 St (C),Manhattan,metrocard,Metrocard - Unlimited 7-Day,3.0,0.0
2022-05-31T23:00:00.000,subway,13,"28 St (R,W)",Manhattan,metrocard,Metrocard - Other,2.0,0.0
2022-05-31T08:00:00.000,subway,601,"14 St (F,M,1,2,3)/6 Av (L)",Manhattan,metrocard,Metrocard - Unlimited 30-Day,160.0,0.0
2022-05-31T14:00:00.000,subway,328,WTC Cortlandt (1),Manhattan,metrocard,Metrocard - Fair Fare,5.0,0.0
2022-05-31T04:00:00.000,subway,14,"23 St (R,W)",Manhattan,metrocard,Metrocard - Unlimited 7-Day,2.0,0.0
2022-05-31T05:00:00.000,subway,145,190 St (A),Manhattan,metrocard,Metrocard - Other,1.0,0.0
2022-05-31T07:00:00.000,subway,152,"135 St (C,B)",Manhattan,metrocard,Metrocard - Students,64.0,3.0
2022-05-31T23:00:00.000,subway,152,"135 St (C,B)",Manhattan,metrocard,Metrocard - Other,1.0,0.0
2022-05-31T08:00:00.000,subway,159,"81 St-Museum of Natural History (C,B)",Manhattan,omny,OMNY - Full Fare,183.0,11.0
2022-05-31T00:00:00.000,subway,414,"Bowling Green (4,5)",Manhattan,metrocard,Metrocard - Full Fare,4.0,1.0
2022-05-31T11:00:00.000,subway,601,"14 St (F,M,1,2,3)/6 Av (L)",Manhattan,metrocard,Metrocard - Unlimited 7-Day,101.0,0.0
2022-05-31T06:00:00.000,subway,154,"116 St (C,B)",Manhattan,metrocard,Metrocard - Students,15.0,5.0
2022-05-31T07:00:00.000,subway,152,"135 St (C,B)",Manhattan,metrocard,Metrocard - Unlimited 7-Day,30.0,0.0
2022-05-31T04:00:00.000,subway,153,"125 St (A,C,B,D)",Manhattan,omny,OMNY - Full Fare,15.0,0.0
2022-05-31T02:00:00.000,subway,414,"Bowling Green (4,5)",Manhattan,metrocard,Metrocard - Unlimited 30-Day,1.0,0.0
2022-05-31T18:00:00.000,subway,16,"8 St-NYU (R,W)",Manhattan,metrocard,Metrocard - Unlimited 30-Day,91.0,0.0
2022-05-31T02:00:00.000,subway,14,"23 St (R,W)",Manhattan,metrocard,Metrocard - Unlimited 30-Day,2.0,0.0
2022-05-31T14:00:00.000,subway,146,181 St (A),Manhattan,metrocard,Metrocard - Fair Fare,18.0,1.0
2022-05-31T15:00:00.000,subway,158,"86 St (C,B)",Manhattan,metrocard,Metrocard - Unlimited 7-Day,68.0,0.0
2022-05-31T21:00:00.000,subway,158,"86 St (C,B)",Manhattan,metrocard,Metrocard - Fair Fare,4.0,0.0
2022-05-31T17:00:00.000,subway,409,Spring St (6),Manhattan,omny,OMNY - Other,1.0,0.0
2022-05-31T22:00:00.000,subway,327,"Chambers St (1,2,3)",Manhattan,omny,OMNY - Full Fare,78.0,1.0
2022-05-31T01:00:00.000,subway,607,"34 St-Herald Sq (B,D,F,M,N,Q,R,W)",Manhattan,metrocard,Metrocard - Seniors & Disability,2.0,0.0
2022-05-31T16:00:00.000,subway,605,"168 St (A,C,1)",Manhattan,omny,OMNY - Full Fare,640.0,4.0
2022-05-31T18:00:00.000,subway,146,181 St (A),Manhattan,metrocard,Metrocard - Students,4.0,0.0
2022-05-31T13:00:00.000,subway,333,"Wall St (2,3)",Manhattan,metrocard,Metrocard - Students,3.0,0.0
2022-05-31T15:00:00.000,subway,413,"Wall St (4,5)",Manhattan,metrocard,Metrocard - Unlimited 7-Day,107.0,0.0
2022-05-31T22:00:00.000,subway,9,"57 St-7 Av (N,Q,R,W)",Manhattan,metrocard,Metrocard - Unlimited 7-Day,133.0,0.0
2022-05-31T16:00:00.000,subway,156,"103 St (C,B)",Manhattan,metrocard,Metrocard - Seniors & Disability,6.0,0.0
2022-05-31T10:00:00.000,subway,407,Astor Pl (6),Manhattan,metrocard,Metrocard - Fair Fare,2.0,0.0
2022-05-31T09:00:00.000,subway,150,155 St (C),Manhattan,metrocard,Metrocard - Unlimited 30-Day,22.0,0.0
2022-05-31T02:00:00.000,subway,151,"145 St (A,C,B,D)",Manhattan,metrocard,Metrocard - Full Fare,5.0,0.0
2022-05-31T12:00:00.000,subway,154,"116 St (C,B)",Manhattan,metrocard,Metrocard - Fair Fare,14.0,1.0
2022-05-31T08:00:00.000,subway,607,"34 St-Herald Sq (B,D,F,M,N,Q,R,W)",Manhattan,omny,OMNY - Full Fare,1466.0,36.0
2022-05-31T07:00:00.000,subway,13,"28 St (R,W)",Manhattan,metrocard,Metrocard - Fair Fare,1.0,0.0
2022-05-31T07:00:00.000,subway,601,"14 St (F,M,1,2,3)/6 Av (L)",Manhattan,metrocard,Metrocard - Other,63.0,2.0
2022-05-31T18:00:00.000,subway,601,"14 St (F,M,1,2,3)/6 Av (L)",Manhattan,metrocard,Metrocard - Seniors & Disability,78.0,6.0
2022-05-31T03:00:00.000,subway,149,163 St-Amsterdam Av (C),Manhattan,metrocard,Metrocard - Unlimited 30-Day,2.0,0.0
2022-05-31T14:00:00.000,subway,151,"145 St (A,C,B,D)",Manhattan,metrocard,Metrocard - Unlimited 30-Day,102.0,0.0
2022-05-31T18:00:00.000,subway,150,155 St (C),Manhattan,metrocard,Metrocard - Other,3.0,0.0
2022-05-31T00:00:00.000,subway,153,"125 St (A,C,B,D)",Manhattan,metrocard,Metrocard - Seniors & Disability,2.0,0.0
2022-05-31T08:00:00.000,subway,409,Spring St (6),Manhattan,metrocard,Metrocard - Students,23.0,0.0
2022-05-31T08:00:00.000,subway,413,"Wall St (4,5)",Manhattan,metrocard,Metrocard - Other,23.0,0.0
2022-05-31T12:00:00.000,subway,151,"145 St (A,C,B,D)",Manhattan,metrocard,Metrocard - Unlimited 30-Day,64.0,0.0
2022-05-31T23:00:00.000,subway,157,"96 St (C,B)",Manhattan,metrocard,Metrocard - Unlimited 7-Day,8.0,0.0
2022-05-31T11:00:00.000,subway,162,"50 St (C,E)",Manhattan,metrocard,Metrocard - Students,11.0,0.0
2022-05-31T20:00:00.000,subway,158,"86 St (C,B)",Manhattan,metrocard,Metrocard - Unlimited 7-Day,44.0,0.0
2022-05-31T16:00:00.000,subway,333,"Wall St (2,3)",Manhattan,metrocard,Metrocard - Unlimited 30-Day,146.0,0.0
2022-05-31T20:00:00.000,subway,158,"86 St (C,B)",Manhattan,metrocard,Metrocard - Other,9.0,0.0
2022-05-31T12:00:00.000,subway,607,"34 St-Herald Sq (B,D,F,M,N,Q,R,W)",Manhattan,metrocard,Metrocard - Fair Fare,62.0,2.0
2022-05-31T05:00:00.000,subway,160,"72 St (C,B)",Manhattan,omny,OMNY - Full Fare,6.0,0.0
2022-05-31T06:00:00.000,subway,162,"50 St (C,E)",Manhattan,metrocard,Metrocard - Fair Fare,2.0,0.0
2022-05-31T20:00:00.000,subway,150,155 St (C),Manhattan,metrocard,Metrocard - Full Fare,3.0,0.0
2022-05-31T16:00:00.000,subway,156,"103 St (C,B)",Manhattan,metrocard,Metrocard - Students,5.0,0.0
2022-05-31T21:00:00.000,subway,146,181 St (A),Manhattan,metrocard,Metrocard - Other,4.0,0.0
2022-05-31T12:00:00.000,subway,147,175 St (A),Manhattan,metrocard,Metrocard - Students,9.0,1.0
2022-05-31T20:00:00.000,subway,143,Inwood-207 St (A),Manhattan,metrocard,Metrocard - Students,4.0,1.0
2022-05-31T00:00:00.000,subway,605,"168 St (A,C,1)",Manhattan,metrocard,Metrocard - Other,6.0,0.0
2022-05-31T16:00:00.000,subway,407,Astor Pl (6),Manhattan,metrocard,Metrocard - Unlimited 7-Day,80.0,0.0
2022-05-31T17:00:00.000,subway,329,Rector St (1),Manhattan,omny,OMNY - Full Fare,219.0,0.0
2022-05-31T15:00:00.000,subway,602,"14 St-Union Sq (L,N,Q,R,W,4,5,6)",Manhattan,metrocard,Metrocard - Seniors & Disability,179.0,20.0
2022-05-31T14:00:00.000,subway,16,"8 St-NYU (R,W)",Manhattan,metrocard,Metrocard - Unlimited 30-Day,48.0,0.0
2022-05-31T03:00:00.000,subway,158,"86 St (C,B)",Manhattan,metrocard,Metrocard - Unlimited 7-Day,1.0,0.0
2022-05-31T12:00:00.000,subway,9,"57 St-7 Av (N,Q,R,W)",Manhattan,metrocard,Metrocard - Other,25.0,0.0
2022-05-31T17:00:00.000,subway,158,"86 St (C,B)",Manhattan,metrocard,Metrocard - Seniors & Disability,29.0,3.0
2022-05-31T00:00:00.000,subway,605,"168 St (A,C,1)",Manhattan,metrocard,Metrocard - Fair Fare,4.0,0.0
2022-05-31T09:00:00.000,subway,149,163 St-Amsterdam Av (C),Manhattan,metrocard,Metrocard - Fair Fare,7.0,1.0
2022-05-31T09:00:00.000,subway,333,"Wall St (2,3)",Manhattan,metrocard,Metrocard - Fair Fare,1.0,0.0
2022-05-31T19:00:00.000,subway,601,"14 St (F,M,1,2,3)/6 Av (L)",Manhattan,omny,OMNY - Full Fare,803.0,6.0
2022-05-31T21:00:00.000,subway,152,"135 St (C,B)",Manhattan,metrocard,Metrocard - Unlimited 7-Day,10.0,0.0
2022-05-31T10:00:00.000,subway,157,"96 St (C,B)",Manhattan,omny,OMNY - Full Fare,81.0,1.0
2022-05-31T17:00:00.000,subway,152,"135 St (C,B)",Manhattan,metrocard,Metrocard - Fair Fare,10.0,0.0
2022-05-31T11:00:00.000,subway,405,23 St (6),Manhattan,metrocard,Metrocard - Students,11.0,0.0
2022-05-31T20:00:00.000,subway,328,WTC Cortlandt (1),Manhattan,metrocard,Metrocard - Other,3.0,0.0
2022-05-31T05:00:00.000,subway,150,155 St (C),Manhattan,metrocard,Metrocard - Full Fare,7.0,0.0
2022-05-31T14:00:00.000,subway,414,"Bowling Green (4,5)",Manhattan,metrocard,Metrocard - Seniors & Disability,29.0,3.0
2022-05-31T13:00:00.000,subway,413,"Wall St (4,5)",Manhattan,metrocard,Metrocard - Other,15.0,0.0
2022-05-31T13:00:00.000,subway,327,"Chambers St (1,2,3)",Manhattan,metrocard,Metrocard - Unlimited 30-Day,41.0,0.0
2022-05-31T10:00:00.000,subway,155,"Cathedral Pkwy (110 St) (C,B)",Manhattan,metrocard,Metrocard - Seniors & Disability,13.0,0.0
2022-05-31T14:00:00.000,subway,13,"28 St (R,W)",Manhattan,omny,OMNY - Full Fare,113.0,0.0
2022-05-31T20:00:00.000,subway,413,"Wall St (4,5)",Manhattan,metrocard,Metrocard - Students,6.0,0.0
2022-05-31T20:00:00.000,subway,407,Astor Pl (6),Manhattan,metrocard,Metrocard - Seniors & Disability,11.0,0.0
2022-05-31T05:00:00.000,subway,333,"Wall St (2,3)",Manhattan,omny,OMNY - Full Fare,9.0,0.0
2022-05-31T00:00:00.000,subway,327,"Chambers St (1,2,3)",Manhattan,metrocard,Metrocard - Full Fare,12.0,0.0
2022-05-31T22:00:00.000,subway,149,163 St-Amsterdam Av (C),Manhattan,metrocard,Metrocard - Other,1.0,0.0
2022-05-31T05:00:00.000,subway,407,Astor Pl (6),Manhattan,omny,OMNY - Full Fare,8.0,0.0
2022-05-31T12:00:00.000,subway,13,"28 St (R,W)",Manhattan,metrocard,Metrocard - Unlimited 7-Day,33.0,0.0
2022-05-31T12:00:00.000,subway,158,"86 St (C,B)",Manhattan,metrocard,Metrocard - Fair Fare,10.0,1.0
2022-05-31T09:00:00.000,subway,414,"Bowling Green (4,5)",Manhattan,omny,OMNY - Full Fare,166.0,59.0
2022-05-31T13:00:00.000,subway,13,"28 St (R,W)",Manhattan,metrocard,Metrocard - Unlimited 30-Day,31.0,0.0
2022-05-31T07:00:00.000,subway,328,WTC Cortlandt (1),Manhattan,omny,OMNY - Full Fare,97.0,0.0
2022-05-31T19:00:00.000,subway,333,"Wall St (2,3)",Manhattan,metrocard,Metrocard - Seniors & Disability,8.0,0.0
2022-05-31T23:00:00.000,subway,414,"Bowling Green (4,5)",Manhattan,metrocard,Metrocard - Other,10.0,0.0
2022-05-31T05:00:00.000,subway,155,"Cathedral Pkwy (110 St) (C,B)",Manhattan,metrocard,Metrocard - Full Fare,7.0,0.0
2022-05-31T10:00:00.000,subway,152,"135 St (C,B)",Manhattan,metrocard,Metrocard - Full Fare,33.0,2.0
2022-05-31T14:00:00.000,subway,160,"72 St (C,B)",Manhattan,metrocard,Metrocard - Students,7.0,0.0
2022-05-31T15:00:00.000,subway,145,190 St (A),Manhattan,metrocard,Metrocard - Unlimited 30-Day,17.0,0.0
2022-05-31T11:00:00.000,subway,14,"23 St (R,W)",Manhattan,metrocard,Metrocard - Fair Fare,10.0,0.0
2022-05-31T11:00:00.000,subway,607,"34 St-Herald Sq (B,D,F,M,N,Q,R,W)",Manhattan,metrocard,Metrocard - Fair Fare,48.0,2.0
2022-05-31T18:00:00.000,subway,326,Franklin St (1),Manhattan,omny,OMNY - Full Fare,198.0,0.0
2022-05-31T02:00:00.000,subway,157,"96 St (C,B)",Manhattan,metrocard,Metrocard - Unlimited 7-Day,1.0,0.0
2022-05-31T11:00:00.000,subway,150,155 St (C),Manhattan,metrocard,Metrocard - Seniors & Disability,3.0,0.0
2022-05-31T21:00:00.000,subway,409,Spring St (6),Manhattan,metrocard,Metrocard - Unlimited 7-Day,35.0,0.0
2022-05-31T07:00:00.000,subway,152,"135 St (C,B)",Manhattan,metrocard,Metrocard - Fair Fare,14.0,1.0
2022-05-31T16:00:00.000,subway,405,23 St (6),Manhattan,omny,OMNY - Full Fare,453.0,9.0
2022-05-31T22:00:00.000,subway,146,181 St (A),Manhattan,metrocard,Metrocard - Seniors & Disability,2.0,0.0
2022-05-31T20:00:00.000,subway,152,"135 St (C,B)",Manhattan,metrocard,Metrocard - Other,3.0,0.0
2022-05-31T23:00:00.000,subway,413,"Wall St (4,5)",Manhattan,metrocard,Metrocard - Unlimited 7-Day,47.0,0.0
2022-05-31T12:00:00.000,subway,159,"81 St-Museum of Natural History (C,B)",Manhattan,metrocard,Metrocard - Unlimited 7-Day,58.0,0.0
2022-05-31T09:00:00.000,subway,602,"14 St-Union Sq (L,N,Q,R,W,4,5,6)",Manhattan,metrocard,Metrocard - Unlimited 7-Day,110.0,0.0
2022-05-31T16:00:00.000,subway,149,163 St-Amsterdam Av (C),Manhattan,metrocard,Metrocard - Students,10.0,1.0
2022-05-31T16:00:00.000,subway,149,163 St-Amsterdam Av (C),Manhattan,metrocard,Metrocard - Seniors & Disability,3.0,0.0
2022-05-31T23:00:00.000,subway,9,"57 St-7 Av (N,Q,R,W)",Manhattan,metrocard,Metrocard - Seniors & Disability,6.0,0.0
2022-05-31T07:00:00.000,subway,409,Spring St (6),Manhattan,metrocard,Metrocard - Students,24.0,0.0
2022-05-31T14:00:00.000,subway,151,"145 St (A,C,B,D)",Manhattan,metrocard,Metrocard - Students,99.0,2.0
2022-05-31T10:00:00.000,subway,159,"81 St-Museum of Natural History (C,B)",Manhattan,metrocard,Metrocard - Full Fare,42.0,1.0
2022-05-31T07:00:00.000,subway,162,"50 St (C,E)",Manhattan,metrocard,Metrocard - Other,31.0,1.0
2022-05-31T14:00:00.000,subway,607,"34 St-Herald Sq (B,D,F,M,N,Q,R,W)",Manhattan,metrocard,Metrocard - Seniors & Disability,127.0,7.0
2022-05-31T23:00:00.000,subway,160,"72 St (C,B)",Manhattan,metrocard,Metrocard - Other,1.0,0.0
2022-05-31T21:00:00.000,subway,405,23 St (6),Manhattan,metrocard,Metrocard - Unlimited 30-Day,41.0,0.0
2022-05-31T04:00:00.000,subway,602,"14 St-Union Sq (L,N,Q,R,W,4,5,6)",Manhattan,metrocard,Metrocard - Seniors & Disability,1.0,0.0
2022-05-31T17:00:00.000,subway,405,23 St (6),Manhattan,omny,OMNY - Full Fare,639.0,18.0
2022-05-31T11:00:00.000,subway,144,Dyckman St (A),Manhattan,metrocard,Metrocard - Unlimited 7-Day,25.0,0.0
2022-05-31T00:00:00.000,subway,413,"Wall St (4,5)",Manhattan,metrocard,Metrocard - Full Fare,3.0,0.0
2022-05-31T16:00:00.000,subway,144,Dyckman St (A),Manhattan,metrocard,Metrocard - Other,5.0,0.0
2022-05-31T13:00:00.000,subway,333,"Wall St (2,3)",Manhattan,metrocard,Metrocard - Unlimited 7-Day,67.0,0.0
2022-05-31T00:00:00.000,subway,607,"34 St-Herald Sq (B,D,F,M,N,Q,R,W)",Manhattan,metrocard,Metrocard - Unlimited 7-Day,106.0,0.0
2022-05-31T02:00:00.000,subway,601,"14 St (F,M,1,2,3)/6 Av (L)",Manhattan,omny,OMNY - Full Fare,20.0,0.0
2022-05-31T13:00:00.000,subway,328,WTC Cortlandt (1),Manhattan,metrocard,Metrocard - Full Fare,133.0,0.0
2022-05-31T16:00:00.000,subway,156,"103 St (C,B)",Manhattan,metrocard,Metrocard - Unlimited 30-Day,45.0,0.0
2022-05-31T08:00:00.000,subway,159,"81 St-Museum of Natural History (C,B)",Manhattan,metrocard,Metrocard - Other,27.0,0.0
2022-05-31T22:00:00.000,subway,153,"125 St (A,C,B,D)",Manhattan,metrocard,Metrocard - Seniors & Disability,5.0,0.0
2022-05-31T02:00:00.000,subway,16,"8 St-NYU (R,W)",Manhattan,metrocard,Metrocard - Other,2.0,0.0
2022-05-31T17:00:00.000,subway,154,"116 St (C,B)",Manhattan,metrocard,Metrocard - Fair Fare,14.0,0.0
2022-05-31T05:00:00.000,subway,162,"50 St (C,E)",Manhattan,omny,OMNY - Full Fare,15.0,0.0
2022-05-31T21:00:00.000,subway,327,"Chambers St (1,2,3)",Manhattan,metrocard,Metrocard - Full Fare,58.0,0.0
2022-05-31T02:00:00.000,subway,144,Dyckman St (A),Manhattan,metrocard,Metrocard - Full Fare,4.0,0.0
2022-05-31T15:00:00.000,subway,145,190 St (A),Manhattan,omny,OMNY - Full Fare,46.0,1.0
2022-05-31T00:00:00.000,subway,409,Spring St (6),Manhattan,metrocard,Metrocard - Unlimited 30-Day,3.0,0.0
2022-05-31T16:00:00.000,subway,16,"8 St-NYU (R,W)",Manhattan,metrocard,Metrocard - Students,16.0,0.0
2022-05-31T07:00:00.000,subway,154,"116 St (C,B)",Manhattan,metrocard,Metrocard - Seniors & Disability,10.0,4.0
2022-05-31T19:00:00.000,subway,328,WTC Cortlandt (1),Manhattan,metrocard,Metrocard - Other,10.0,0.0
2022-05-31T09:00:00.000,subway,329,Rector St (1),Manhattan,metrocard,Metrocard - Seniors & Disability,5.0,0.0
2022-05-31T10:00:00.000,subway,145,190 St (A),Manhattan,metrocard,Metrocard - Full Fare,28.0,0.0
2022-05-31T03:00:00.000,subway,153,"125 St (A,C,B,D)",Manhattan,metrocard,Metrocard - Other,5.0,0.0
2022-05-31T13:00:00.000,subway,327,"Chambers St (1,2,3)",Manhattan,metrocard,Metrocard - Students,29.0,0.0
2022-05-31T10:00:00.000,subway,156,"103 St (C,B)",Manhattan,metrocard,Metrocard - Unlimited 7-Day,25.0,0.0
2022-05-31T19:00:00.000,subway,328,WTC Cortlandt (1),Manhattan,metrocard,Metrocard - Full Fare,96.0,0.0
2022-05-31T14:00:00.000,subway,601,"14 St (F,M,1,2,3)/6 Av (L)",Manhattan,metrocard,Metrocard - Full Fare,323.0,12.0
2022-05-31T21:00:00.000,subway,605,"168 St (A,C,1)",Manhattan,metrocard,Metrocard - Seniors & Disability,7.0,0.0
2022-05-31T00:00:00.000,subway,405,23 St (6),Manhattan,omny,OMNY - Full Fare,16.0,0.0
2022-05-31T22:00:00.000,subway,160,"72 St (C,B)",Manhattan,omny,OMNY - Full Fare,19.0,1.0
2022-05-31T01:00:00.000,subway,407,Astor Pl (6),Manhattan,metrocard,Metrocard - Unlimited 30-Day,2.0,0.0
2022-05-31T16:00:00.000,subway,151,"145 St (A,C,B,D)",Manhattan,metrocard,Metrocard - Unlimited 7-Day,124.0,0.0
2022-05-31T06:00:00.000,subway,149,163 St-Amsterdam Av (C),Manhattan,metrocard,Metrocard - Students,8.0,0.0
2022-05-31T02:00:00.000,subway,14,"23 St (R,W)",Manhattan,metrocard,Metrocard - Full Fare,1.0,0.0
2022-05-31T17:00:00.000,subway,144,Dyckman St (A),Manhattan,metrocard,Metrocard - Full Fare,50.0,0.0
2022-05-31T20:00:00.000,subway,409,Spring St (6),Manhattan,metrocard,Metrocard - Unlimited 30-Day,31.0,0.0
2022-05-31T16:00:00.000,subway,146,181 St (A),Manhattan,metrocard,Metrocard - Unlimited 30-Day,60.0,0.0
2022-05-31T05:00:00.000,subway,149,163 St-Amsterdam Av (C),Manhattan,metrocard,Metrocard - Full Fare,24.0,0.0
2022-05-31T12:00:00.000,subway,405,23 St (6),Manhattan,metrocard,Metrocard - Full Fare,131.0,7.0
2022-05-31T06:00:00.000,subway,153,"125 St (A,C,B,D)",Manhattan,metrocard,Metrocard - Unlimited 7-Day,92.0,0.0
2022-05-31T15:00:00.000,subway,147,175 St (A),Manhattan,metrocard,Metrocard - Unlimited 30-Day,31.0,0.0
2022-05-31T06:00:00.000,subway,156,"103 St (C,B)",Manhattan,omny,OMNY - Full Fare,25.0,0.0
2022-05-31T15:00:00.000,subway,609,"Bryant Pk (B,D,F,M)/5 Av (7)",Manhattan,metrocard,Metrocard - Full Fare,615.0,3.0
2022-05-31T20:00:00.000,subway,601,"14 St (F,M,1,2,3)/6 Av (L)",Manhattan,metrocard,Metrocard - Full Fare,239.0,4.0
2022-05-31T19:00:00.000,subway,159,"81 St-Museum of Natural History (C,B)",Manhattan,metrocard,Metrocard - Seniors & Disability,11.0,0.0
2022-05-31T23:00:00.000,subway,162,"50 St (C,E)",Manhattan,metrocard,Metrocard - Fair Fare,8.0,0.0
2022-05-31T07:00:00.000,subway,155,"Cathedral Pkwy (110 St) (C,B)",Manhattan,omny,OMNY - Full Fare,111.0,1.0
2022-05-31T19:00:00.000,subway,602,"14 St-Union Sq (L,N,Q,R,W,4,5,6)",Manhattan,metrocard,Metrocard - Full Fare,759.0,21.0
2022-05-31T23:00:00.000,subway,407,Astor Pl (6),Manhattan,metrocard,Metrocard - Unlimited 30-Day,40.0,0.0
2022-05-31T06:00:00.000,subway,414,"Bowling Green (4,5)",Manhattan,metrocard,Metrocard - Other,48.0,6.0
2022-05-31T10:00:00.000,subway,607,"34 St-Herald Sq (B,D,F,M,N,Q,R,W)",Manhattan,metrocard,Metrocard - Other,89.0,1.0
2022-05-31T15:00:00.000,subway,149,163 St-Amsterdam Av (C),Manhattan,metrocard,Metrocard - Other,6.0,0.0
2022-05-31T12:00:00.000,subway,144,Dyckman St (A),Manhattan,metrocard,Metrocard - Other,11.0,0.0
2022-05-31T00:00:00.000,subway,146,181 St (A),Manhattan,metrocard,Metrocard - Full Fare,1.0,0.0
2022-05-31T00:00:00.000,subway,333,"Wall St (2,3)",Manhattan,omny,OMNY - Full Fare,8.0,0.0
2022-05-31T03:00:00.000,subway,9,"57 St-7 Av (N,Q,R,W)",Manhattan,metrocard,Metrocard - Unlimited 7-Day,6.0,0.0
2022-05-31T16:00:00.000,subway,158,"86 St (C,B)",Manhattan,metrocard,Metrocard - Students,85.0,6.0
2022-05-31T15:00:00.000,subway,607,"34 St-Herald Sq (B,D,F,M,N,Q,R,W)",Manhattan,metrocard,Metrocard - Other,144.0,3.0
2022-05-31T10:00:00.000,subway,144,Dyckman St (A),Manhattan,metrocard,Metrocard - Other,8.0,0.0
2022-05-31T09:00:00.000,subway,147,175 St (A),Manhattan,metrocard,Metrocard - Seniors & Disability,44.0,1.0
2022-05-31T07:00:00.000,subway,327,"Chambers St (1,2,3)",Manhattan,metrocard,Metrocard - Unlimited 7-Day,16.0,0.0
2022-05-31T22:00:00.000,subway,150,155 St (C),Manhattan,omny,OMNY - Full Fare,7.0,0.0
2022-05-31T00:00:00.000,subway,154,"116 St (C,B)",Manhattan,metrocard,Metrocard - Unlimited 30-Day,2.0,0.0
2022-05-31T15:00:00.000,subway,144,Dyckman St (A),Manhattan,omny,OMNY - Full Fare,85.0,4.0
2022-05-31T11:00:00.000,subway,153,"125 St (A,C,B,D)",Manhattan,metrocard,Metrocard - Unlimited 7-Day,81.0,0.0
2022-05-31T12:00:00.000,subway,329,Rector St (1),Manhattan,metrocard,Metrocard - Unlimited 7-Day,39.0,0.0
2022-05-31T19:00:00.000,subway,145,190 St (A),Manhattan,metrocard,Metrocard - Unlimited 7-Day,6.0,0.0
2022-05-31T13:00:00.000,subway,154,"116 St (C,B)",Manhattan,omny,OMNY - Full Fare,74.0,2.0
2022-05-31T13:00:00.000,subway,9,"57 St-7 Av (N,Q,R,W)",Manhattan,omny,OMNY - Full Fare,225.0,7.0
2022-05-31T18:00:00.000,subway,407,Astor Pl (6),Manhattan,omny,OMNY - Other,1.0,0.0
2022-05-31T06:00:00.000,subway,405,23 St (6),Manhattan,metrocard,Metrocard - Unlimited 30-Day,15.0,0.0
2022-05-31T18:00:00.000,subway,160,"72 St (C,B)",Manhattan,metrocard,Metrocard - Full Fare,146.0,5.0
2022-05-31T23:00:00.000,subway,156,"103 St (C,B)",Manhattan,metrocard,Metrocard - Other,2.0,0.0
2022-05-31T01:00:00.000,subway,14,"23 St (R,W)",Manhattan,omny,OMNY - Full Fare,12.0,0.0
2022-05-31T02:00:00.000,subway,147,175 St (A),Manhattan,metrocard,Metrocard - Unlimited 30-Day,1.0,0.0
2022-05-31T18:00:00.000,subway,329,Rector St (1),Manhattan,metrocard,Metrocard - Full Fare,123.0,0.0
2022-05-31T05:00:00.000,subway,407,Astor Pl (6),Manhattan,metrocard,Metrocard - Seniors & Disability,1.0,0.0
2022-05-31T12:00:00.000,subway,14,"23 St (R,W)",Manhattan,metrocard,Metrocard - Other,13.0,0.0
2022-05-31T15:00:00.000,subway,333,"Wall St (2,3)",Manhattan,metrocard,Metrocard - Unlimited 30-Day,87.0,0.0
2022-05-31T19:00:00.000,subway,156,"103 St (C,B)",Manhattan,metrocard,Metrocard - Unlimited 30-Day,14.0,0.0
2022-05-31T07:00:00.000,subway,329,Rector St (1),Manhattan,metrocard,Metrocard - Unlimited 7-Day,14.0,0.0
2022-05-31T23:00:00.000,subway,153,"125 St (A,C,B,D)",Manhattan,metrocard,Metrocard - Fair Fare,10.0,1.0
2022-05-31T16:00:00.000,subway,13,"28 St (R,W)",Manhattan,metrocard,Metrocard - Students,9.0,0.0
2022-05-31T00:00:00.000,subway,155,"Cathedral Pkwy (110 St) (C,B)",Manhattan,metrocard,Metrocard - Unlimited 7-Day,4.0,0.0
2022-05-31T17:00:00.000,subway,147,175 St (A),Manhattan,metrocard,Metrocard - Unlimited 7-Day,72.0,0.0
2022-05-31T14:00:00.000,subway,153,"125 St (A,C,B,D)",Manhattan,omny,OMNY - Full Fare,229.0,11.0
2022-05-31T09:00:00.000,subway,14,"23 St (R,W)",Manhattan,metrocard,Metrocard - Students,2.0,0.0
2022-05-31T15:00:00.000,subway,333,"Wall St (2,3)",Manhattan,metrocard,Metrocard - Full Fare,337.0,0.0
2022-05-31T10:00:00.000,subway,159,"81 St-Museum of Natural History (C,B)",Manhattan,metrocard,Metrocard - Other,7.0,1.0
2022-05-31T09:00:00.000,subway,145,190 St (A),Manhattan,omny,OMNY - Full Fare,63.0,0.0
2022-05-31T16:00:00.000,subway,147,175 St (A),Manhattan,metrocard,Metrocard - Full Fare,145.0,0.0
2022-05-31T17:00:00.000,subway,155,"Cathedral Pkwy (110 St) (C,B)",Manhattan,metrocard,Metrocard - Full Fare,60.0,6.0
2022-05-31T13:00:00.000,subway,601,"14 St (F,M,1,2,3)/6 Av (L)",Manhattan,metrocard,Metrocard - Full Fare,259.0,11.0
2022-05-31T19:00:00.000,subway,143,Inwood-207 St (A),Manhattan,metrocard,Metrocard - Unlimited 7-Day,21.0,0.0
2022-05-31T19:00:00.000,subway,407,Astor Pl (6),Manhattan,omny,OMNY - Full Fare,221.0,4.0
2022-05-31T13:00:00.000,subway,9,"57 St-7 Av (N,Q,R,W)",Manhattan,metrocard,Metrocard - Unlimited 30-Day,90.0,0.0
2022-05-31T15:00:00.000,subway,14,"23 St (R,W)",Manhattan,metrocard,Metrocard - Seniors & Disability,25.0,4.0
2022-05-31T17:00:00.000,subway,9,"57 St-7 Av (N,Q,R,W)",Manhattan,metrocard,Metrocard - Students,50.0,2.0
2022-05-31T17:00:00.000,subway,13,"28 St (R,W)",Manhattan,metrocard,Metrocard - Seniors & Disability,18.0,0.0
2022-05-31T08:00:00.000,subway,143,Inwood-207 St (A),Manhattan,metrocard,Metrocard - Unlimited 7-Day,76.0,0.0
2022-05-31T10:00:00.000,subway,329,Rector St (1),Manhattan,metrocard,Metrocard - Fair Fare,1.0,0.0
2022-05-31T02:00:00.000,subway,155,"Cathedral Pkwy (110 St) (C,B)",Manhattan,omny,OMNY - Full Fare,1.0,0.0
2022-05-31T16:00:00.000,subway,333,"Wall St (2,3)",Manhattan,metrocard,Metrocard - Unlimited 7-Day,102.0,0.0
2022-05-31T11:00:00.000,subway,159,"81 St-Museum of Natural History (C,B)",Manhattan,metrocard,Metrocard - Seniors & Disability,13.0,4.0
2022-05-31T21:00:00.000,subway,146,181 St (A),Manhattan,metrocard,Metrocard - Unlimited 30-Day,11.0,0.0
2022-05-31T19:00:00.000,subway,144,Dyckman St (A),Manhattan,metrocard,Metrocard - Other,3.0,0.0
2022-05-31T16:00:00.000,subway,329,Rector St (1),Manhattan,metrocard,Metrocard - Students,20.0,0.0
2022-05-31T15:00:00.000,subway,154,"116 St (C,B)",Manhattan,metrocard,Metrocard - Full Fare,53.0,8.0
2022-05-31T17:00:00.000,subway,143,Inwood-207 St (A),Manhattan,metrocard,Metrocard - Full Fare,69.0,17.0
2022-05-31T04:00:00.000,subway,602,"14 St-Union Sq (L,N,Q,R,W,4,5,6)",Manhattan,metrocard,Metrocard - Fair Fare,4.0,0.0
2022-05-31T20:00:00.000,subway,154,"116 St (C,B)",Manhattan,metrocard,Metrocard - Seniors & Disability,2.0,0.0
2022-05-31T15:00:00.000,subway,143,Inwood-207 St (A),Manhattan,omny,OMNY - Full Fare,60.0,3.0
2022-05-31T04:00:00.000,subway,407,Astor Pl (6),Manhattan,omny,OMNY - Full Fare,3.0,0.0
2022-05-31T23:00:00.000,subway,162,"50 St (C,E)",Manhattan,metrocard,Metrocard - Other,16.0,0.0
2022-05-31T08:00:00.000,subway,144,Dyckman St (A),Manhattan,metrocard,Metrocard - Unlimited 7-Day,47.0,0.0
2022-05-31T14:00:00.000,subway,407,Astor Pl (6),Manhattan,metrocard,Metrocard - Students,51.0,0.0
2022-05-31T20:00:00.000,subway,409,Spring St (6),Manhattan,metrocard,Metrocard - Unlimited 7-Day,43.0,0.0
2022-05-31T20:00:00.000,subway,13,"28 St (R,W)",Manhattan,metrocard,Metrocard - Other,8.0,0.0
2022-05-31T17:00:00.000,subway,405,23 St (6),Manhattan,metrocard,Metrocard - Full Fare,502.0,10.0
2022-05-31T02:00:00.000,subway,162,"50 St (C,E)",Manhattan,metrocard,Metrocard - Fair Fare,1.0,0.0
2022-05-31T11:00:00.000,subway,143,Inwood-207 St (A),Manhattan,metrocard,Metrocard - Unlimited 30-Day,25.0,0.0
2022-05-31T16:00:00.000,subway,154,"116 St (C,B)",Manhattan,omny,OMNY - Full Fare,103.0,10.0
2022-05-31T17:00:00.000,subway,149,163 St-Amsterdam Av (C),Manhattan,metrocard,Metrocard - Unlimited 7-Day,15.0,0.0
2022-05-31T14:00:00.000,subway,14,"23 St (R,W)",Manhattan,metrocard,Metrocard - Other,21.0,1.0
2022-05-31T19:00:00.000,subway,414,"Bowling Green (4,5)",Manhattan,metrocard,Metrocard - Unlimited 30-Day,52.0,0.0
2022-05-31T06:00:00.000,subway,407,Astor Pl (6),Manhattan,metrocard,Metrocard - Unlimited 30-Day,11.0,0.0
2022-05-31T00:00:00.000,subway,143,Inwood-207 St (A),Manhattan,metrocard,Metrocard - Full Fare,4.0,0.0
2022-05-31T06:00:00.000,subway,605,"168 St (A,C,1)",Manhattan,metrocard,Metrocard - Fair Fare,23.0,0.0
2022-05-31T01:00:00.000,subway,602,"14 St-Union Sq (L,N,Q,R,W,4,5,6)",Manhattan,omny,OMNY - Full Fare,65.0,2.0
2022-05-31T10:00:00.000,subway,145,190 St (A),Manhattan,metrocard,Metrocard - Other,3.0,0.0
2022-05-31T10:00:00.000,subway,405,23 St (6),Manhattan,metrocard,Metrocard - Students,9.0,1.0
2022-05-31T08:00:00.000,subway,409,Spring St (6),Manhattan,metrocard,Metrocard - Seniors & Disability,10.0,0.0
2022-05-31T13:00:00.000,subway,162,"50 St (C,E)",Manhattan,metrocard,Metrocard - Unlimited 7-Day,74.0,0.0
2022-05-31T02:00:00.000,subway,607,"34 St-Herald Sq (B,D,F,M,N,Q,R,W)",Manhattan,metrocard,Metrocard - Unlimited 30-Day,12.0,0.0
2022-05-31T01:00:00.000,subway,405,23 St (6),Manhattan,omny,OMNY - Full Fare,5.0,0.0
2022-05-31T20:00:00.000,subway,145,190 St (A),Manhattan,metrocard,Metrocard - Unlimited 7-Day,5.0,0.0
2022-05-31T09:00:00.000,subway,150,155 St (C),Manhattan,metrocard,Metrocard - Seniors & Disability,5.0,0.0
2022-05-31T02:00:00.000,subway,147,175 St (A),Manhattan,metrocard,Metrocard - Unlimited 7-Day,2.0,0.0
2022-05-31T22:00:00.000,subway,607,"34 St-Herald Sq (B,D,F,M,N,Q,R,W)",Manhattan,metrocard,Metrocard - Fair Fare,65.0,1.0
2022-05-31T19:00:00.000,subway,414,"Bowling Green (4,5)",Manhattan,metrocard,Metrocard - Unlimited 7-Day,65.0,0.0
2022-05-31T07:00:00.000,subway,409,Spring St (6),Manhattan,metrocard,Metrocard - Unlimited 7-Day,11.0,0.0
2022-05-31T20:00:00.000,subway,602,"14 St-Union Sq (L,N,Q,R,W,4,5,6)",Manhattan,metrocard,Metrocard - Full Fare,627.0,21.0
2022-05-31T14:00:00.000,subway,329,Rector St (1),Manhattan,metrocard,Metrocard - Unlimited 30-Day,23.0,0.0
2022-05-31T14:00:00.000,subway,156,"103 St (C,B)",Manhattan,metrocard,Metrocard - Unlimited 30-Day,27.0,0.0
2022-05-31T13:00:00.000,subway,154,"116 St (C,B)",Manhattan,metrocard,Metrocard - Other,5.0,0.0
2022-05-31T22:00:00.000,subway,602,"14 St-Union Sq (L,N,Q,R,W,4,5,6)",Manhattan,metrocard,Metrocard - Students,2.0,0.0
2022-05-31T20:00:00.000,subway,601,"14 St (F,M,1,2,3)/6 Av (L)",Manhattan,metrocard,Metrocard - Seniors & Disability,45.0,3.0
2022-05-31T22:00:00.000,subway,605,"168 St (A,C,1)",Manhattan,metrocard,Metrocard - Unlimited 30-Day,29.0,0.0
2022-05-31T12:00:00.000,subway,152,"135 St (C,B)",Manhattan,metrocard,Metrocard - Fair Fare,8.0,0.0
2022-05-31T21:00:00.000,subway,162,"50 St (C,E)",Manhattan,metrocard,Metrocard - Students,2.0,0.0
2022-05-31T08:00:00.000,subway,153,"125 St (A,C,B,D)",Manhattan,metrocard,Metrocard - Full Fare,322.0,26.0
2022-05-31T12:00:00.000,subway,145,190 St (A),Manhattan,metrocard,Metrocard - Seniors & Disability,14.0,1.0
2022-05-31T18:00:00.000,subway,609,"Bryant Pk (B,D,F,M)/5 Av (7)",Manhattan,metrocard,Metrocard - Other,226.0,0.0
2022-05-31T19:00:00.000,subway,413,"Wall St (4,5)",Manhattan,metrocard,Metrocard - Full Fare,110.0,0.0
2022-05-31T05:00:00.000,subway,153,"125 St (A,C,B,D)",Manhattan,metrocard,Metrocard - Unlimited 7-Day,41.0,0.0
2022-05-31T19:00:00.000,subway,155,"Cathedral Pkwy (110 St) (C,B)",Manhattan,metrocard,Metrocard - Unlimited 30-Day,29.0,0.0
2022-05-31T18:00:00.000,subway,149,163 St-Amsterdam Av (C),Manhattan,metrocard,Metrocard - Seniors & Disability,3.0,0.0
2022-05-31T06:00:00.000,subway,407,Astor Pl (6),Manhattan,metrocard,Metrocard - Unlimited 7-Day,7.0,0.0
2022-05-31T12:00:00.000,subway,328,WTC Cortlandt (1),Manhattan,metrocard,Metrocard - Full Fare,97.0,0.0
2022-05-31T21:00:00.000,subway,327,"Chambers St (1,2,3)",Manhattan,omny,OMNY - Full Fare,119.0,0.0
2022-05-31T18:00:00.000,subway,154,"116 St (C,B)",Manhattan,metrocard,Metrocard - Other,20.0,0.0
2022-05-31T18:00:00.000,subway,16,"8 St-NYU (R,W)",Manhattan,omny,OMNY - Full Fare,367.0,5.0
2022-05-31T15:00:00.000,subway,602,"14 St-Union Sq (L,N,Q,R,W,4,5,6)",Manhattan,metrocard,Metrocard - Full Fare,1033.0,41.0
2022-05-31T07:00:00.000,subway,607,"34 St-Herald Sq (B,D,F,M,N,Q,R,W)",Manhattan,metrocard,Metrocard - Seniors & Disability,72.0,8.0
2022-05-31T16:00:00.000,subway,151,"145 St (A,C,B,D)",Manhattan,metrocard,Metrocard - Other,26.0,0.0
2022-05-31T11:00:00.000,subway,605,"168 St (A,C,1)",Manhattan,metrocard,Metrocard - Fair Fare,32.0,0.0
2022-05-31T01:00:00.000,subway,413,"Wall St (4,5)",Manhattan,metrocard,Metrocard - Full Fare,1.0,0.0
2022-05-31T11:00:00.000,subway,16,"8 St-NYU (R,W)",Manhattan,metrocard,Metrocard - Full Fare,48.0,0.0
2022-05-31T16:00:00.000,subway,9,"57 St-7 Av (N,Q,R,W)",Manhattan,omny,OMNY - Full Fare,624.0,15.0
2022-05-31T15:00:00.000,subway,327,"Chambers St (1,2,3)",Manhattan,metrocard,Metrocard - Seniors & Disability,34.0,3.0
2022-05-31T17:00:00.000,subway,328,WTC Cortlandt (1),Manhattan,metrocard,Metrocard - Unlimited 7-Day,73.0,0.0
2022-05-31T20:00:00.000,subway,413,"Wall St (4,5)",Manhattan,omny,OMNY - Full Fare,92.0,0.0
2022-05-31T17:00:00.000,subway,153,"125 St (A,C,B,D)",Manhattan,metrocard,Metrocard - Fair Fare,76.0,5.0
2022-05-31T14:00:00.000,subway,326,Franklin St (1),Manhattan,omny,OMNY - Full Fare,62.0,0.0
2022-05-31T00:00:00.000,subway,414,"Bowling Green (4,5)",Manhattan,metrocard,Metrocard - Unlimited 7-Day,10.0,0.0
2022-05-31T04:00:00.000,subway,153,"125 St (A,C,B,D)",Manhattan,omny,OMNY - Other,1.0,0.0
2022-05-31T17:00:00.000,subway,149,163 St-Amsterdam Av (C),Manhattan,metrocard,Metrocard - Unlimited 30-Day,14.0,0.0
2022-05-31T20:00:00.000,subway,153,"125 St (A,C,B,D)",Manhattan,metrocard,Metrocard - Unlimited 7-Day,93.0,0.0
2022-05-31T10:00:00.000,subway,333,"Wall St (2,3)",Manhattan,metrocard,Metrocard - Other,13.0,0.0
2022-05-31T13:00:00.000,subway,160,"72 St (C,B)",Manhattan,metrocard,Metrocard - Unlimited 7-Day,59.0,0.0
2022-05-31T13:00:00.000,subway,144,Dyckman St (A),Manhattan,metrocard,Metrocard - Unlimited 30-Day,23.0,0.0
2022-05-31T17:00:00.000,subway,405,23 St (6),Manhattan,metrocard,Metrocard - Unlimited 30-Day,188.0,0.0
2022-05-31T19:00:00.000,subway,145,190 St (A),Manhattan,metrocard,Metrocard - Fair Fare,3.0,0.0
2022-05-31T20:00:00.000,subway,407,Astor Pl (6),Manhattan,metrocard,Metrocard - Other,27.0,0.0
2022-05-31T06:00:00.000,subway,602,"14 St-Union Sq (L,N,Q,R,W,4,5,6)",Manhattan,omny,OMNY - Full Fare,149.0,7.0
2022-05-31T19:00:00.000,subway,605,"168 St (A,C,1)",Manhattan,metrocard,Metrocard - Full Fare,169.0,1.0
2022-05-31T19:00:00.000,subway,153,"125 St (A,C,B,D)",Manhattan,metrocard,Metrocard - Students,41.0,3.0
2022-05-31T14:00:00.000,subway,605,"168 St (A,C,1)",Manhattan,metrocard,Metrocard - Full Fare,210.0,3.0
2022-05-31T10:00:00.000,subway,413,"Wall St (4,5)",Manhattan,metrocard,Metrocard - Unlimited 7-Day,29.0,0.0
2022-05-31T22:00:00.000,subway,609,"Bryant Pk (B,D,F,M)/5 Av (7)",Manhattan,metrocard,Metrocard - Fair Fare,25.0,0.0
2022-05-31T16:00:00.000,subway,149,163 St-Amsterdam Av (C),Manhattan,omny,OMNY - Full Fare,49.0,3.0
2022-05-31T05:00:00.000,subway,147,175 St (A),Manhattan,metrocard,Metrocard - Students,2.0,0.0
2022-05-31T22:00:00.000,subway,16,"8 St-NYU (R,W)",Manhattan,metrocard,Metrocard - Other,9.0,0.0
2022-05-31T13:00:00.000,subway,160,"72 St (C,B)",Manhattan,metrocard,Metrocard - Seniors & Disability,23.0,2.0
2022-05-31T05:00:00.000,subway,151,"145 St (A,C,B,D)",Manhattan,omny,OMNY - Full Fare,46.0,0.0
2022-05-31T03:00:00.000,subway,151,"145 St (A,C,B,D)",Manhattan,metrocard,Metrocard - Other,1.0,0.0
2022-05-31T18:00:00.000,subway,150,155 St (C),Manhattan,metrocard,Metrocard - Fair Fare,1.0,0.0
2022-05-31T20:00:00.000,subway,157,"96 St (C,B)",Manhattan,metrocard,Metrocard - Full Fare,39.0,6.0
2022-05-31T01:00:00.000,subway,149,163 St-Amsterdam Av (C),Manhattan,metrocard,Metrocard - Unlimited 30-Day,2.0,0.0
2022-05-31T13:00:00.000,subway,414,"Bowling Green (4,5)",Manhattan,metrocard,Metrocard - Fair Fare,10.0,1.0
2022-05-31T05:00:00.000,subway,151,"145 St (A,C,B,D)",Manhattan,metrocard,Metrocard - Students,3.0,0.0
2022-05-31T13:00:00.000,subway,605,"168 St (A,C,1)",Manhattan,metrocard,Metrocard - Unlimited 7-Day,75.0,0.0
2022-05-31T23:00:00.000,subway,158,"86 St (C,B)",Manhattan,metrocard,Metrocard - Unlimited 30-Day,8.0,0.0
2022-05-31T10:00:00.000,subway,333,"Wall St (2,3)",Manhattan,metrocard,Metrocard - Fair Fare,5.0,1.0
2022-05-31T20:00:00.000,subway,151,"145 St (A,C,B,D)",Manhattan,metrocard,Metrocard - Students,14.0,0.0
2022-05-31T20:00:00.000,subway,153,"125 St (A,C,B,D)",Manhattan,metrocard,Metrocard - Full Fare,104.0,11.0
2022-05-31T21:00:00.000,subway,327,"Chambers St (1,2,3)",Manhattan,metrocard,Metrocard - Other,22.0,0.0
2022-05-31T15:00:00.000,subway,157,"96 St (C,B)",Manhattan,metrocard,Metrocard - Unlimited 7-Day,70.0,0.0
2022-05-31T23:00:00.000,subway,602,"14 St-Union Sq (L,N,Q,R,W,4,5,6)",Manhattan,omny,OMNY - Full Fare,635.0,1.0
2022-05-31T11:00:00.000,subway,329,Rector St (1),Manhattan,metrocard,Metrocard - Unlimited 7-Day,73.0,0.0
2022-05-31T11:00:00.000,subway,152,"135 St (C,B)",Manhattan,omny,OMNY - Full Fare,49.0,1.0
2022-05-31T09:00:00.000,subway,409,Spring St (6),Manhattan,metrocard,Metrocard - Seniors & Disability,7.0,0.0
2022-05-31T06:00:00.000,subway,605,"168 St (A,C,1)",Manhattan,omny,OMNY - Full Fare,103.0,2.0
2022-05-31T03:00:00.000,subway,16,"8 St-NYU (R,W)",Manhattan,omny,OMNY - Full Fare,7.0,0.0
2022-05-31T09:00:00.000,subway,160,"72 St (C,B)",Manhattan,metrocard,Metrocard - Full Fare,54.0,1.0
2022-05-31T12:00:00.000,subway,14,"23 St (R,W)",Manhattan,omny,OMNY - Full Fare,161.0,0.0
2022-05-31T11:00:00.000,subway,151,"145 St (A,C,B,D)",Manhattan,metrocard,Metrocard - Full Fare,114.0,0.0
2022-05-31T20:00:00.000,subway,151,"145 St (A,C,B,D)",Manhattan,omny,OMNY - Full Fare,78.0,4.0
2022-05-31T20:00:00.000,subway,160,"72 St (C,B)",Manhattan,metrocard,Metrocard - Unlimited 30-Day,39.0,0.0
2022-05-31T00:00:00.000,subway,160,"72 St (C,B)",Manhattan,metrocard,Metrocard - Unlimited 7-Day,1.0,0.0
2022-05-31T05:00:00.000,subway,155,"Cathedral Pkwy (110 St) (C,B)",Manhattan,metrocard,Metrocard - Other,3.0,0.0
2022-05-31T11:00:00.000,subway,151,"145 St (A,C,B,D)",Manhattan,metrocard,Metrocard - Other,29.0,0.0
2022-05-31T20:00:00.000,subway,9,"57 St-7 Av (N,Q,R,W)",Manhattan,metrocard,Metrocard - Seniors & Disability,32.0,2.0
2022-05-31T21:00:00.000,subway,327,"Chambers St (1,2,3)",Manhattan,metrocard,Metrocard - Fair Fare,5.0,0.0
2022-05-31T19:00:00.000,subway,605,"168 St (A,C,1)",Manhattan,metrocard,Metrocard - Seniors & Disability,13.0,0.0
2022-05-31T16:00:00.000,subway,605,"168 St (A,C,1)",Manhattan,metrocard,Metrocard - Fair Fare,63.0,0.0
2022-05-31T09:00:00.000,subway,155,"Cathedral Pkwy (110 St) (C,B)",Manhattan,metrocard,Metrocard - Seniors & Disability,21.0,0.0
2022-05-31T13:00:00.000,subway,13,"28 St (R,W)",Manhattan,metrocard,Metrocard - Full Fare,78.0,0.0
2022-05-31T19:00:00.000,subway,144,Dyckman St (A),Manhattan,metrocard,Metrocard - Students,5.0,0.0
2022-05-31T07:00:00.000,subway,149,163 St-Amsterdam Av (C),Manhattan,metrocard,Metrocard - Unlimited 7-Day,54.0,0.0
2022-05-31T19:00:00.000,subway,407,Astor Pl (6),Manhattan,metrocard,Metrocard - Seniors & Disability,12.0,0.0
2022-05-31T13:00:00.000,subway,409,Spring St (6),Manhattan,metrocard,Metrocard - Other,9.0,0.0
2022-05-31T16:00:00.000,subway,147,175 St (A),Manhattan,omny,OMNY - Full Fare,132.0,0.0
2022-05-31T11:00:00.000,subway,607,"34 St-Herald Sq (B,D,F,M,N,Q,R,W)",Manhattan,metrocard,Metrocard - Students,33.0,0.0
2022-05-31T23:00:00.000,subway,158,"86 St (C,B)",Manhattan,omny,OMNY - Full Fare,24.0,0.0
2022-05-31T05:00:00.000,subway,156,"103 St (C,B)",Manhattan,metrocard,Metrocard - Seniors & Disability,1.0,0.0
2022-05-31T20:00:00.000,subway,16,"8 St-NYU (R,W)",Manhattan,metrocard,Metrocard - Fair Fare,6.0,0.0
2022-05-31T10:00:00.000,subway,327,"Chambers St (1,2,3)",Manhattan,metrocard,Metrocard - Unlimited 30-Day,27.0,0.0
2022-05-31T13:00:00.000,subway,602,"14 St-Union Sq (L,N,Q,R,W,4,5,6)",Manhattan,metrocard,Metrocard - Other,95.0,1.0
2022-05-31T13:00:00.000,subway,155,"Cathedral Pkwy (110 St) (C,B)",Manhattan,metrocard,Metrocard - Fair Fare,6.0,0.0
2022-05-31T20:00:00.000,subway,145,190 St (A),Manhattan,metrocard,Metrocard - Unlimited 30-Day,6.0,0.0
2022-05-31T11:00:00.000,subway,605,"168 St (A,C,1)",Manhattan,metrocard,Metrocard - Unlimited 30-Day,64.0,0.0
2022-05-31T08:00:00.000,subway,155,"Cathedral Pkwy (110 St) (C,B)",Manhattan,metrocard,Metrocard - Fair Fare,23.0,1.0
2022-05-31T10:00:00.000,subway,405,23 St (6),Manhattan,metrocard,Metrocard - Unlimited 7-Day,68.0,0.0
2022-05-31T09:00:00.000,subway,154,"116 St (C,B)",Manhattan,metrocard,Metrocard - Unlimited 30-Day,41.0,0.0
2022-05-31T12:00:00.000,subway,159,"81 St-Museum of Natural History (C,B)",Manhattan,omny,OMNY - Full Fare,93.0,4.0
2022-05-31T09:00:00.000,subway,160,"72 St (C,B)",Manhattan,metrocard,Metrocard - Unlimited 30-Day,32.0,0.0
2022-05-31T08:00:00.000,subway,605,"168 St (A,C,1)",Manhattan,metrocard,Metrocard - Unlimited 7-Day,133.0,0.0
2022-05-31T16:00:00.000,subway,158,"86 St (C,B)",Manhattan,metrocard,Metrocard - Fair Fare,19.0,0.0
2022-05-31T23:00:00.000,subway,159,"81 St-Museum of Natural History (C,B)",Manhattan,omny,OMNY - Full Fare,27.0,1.0
2022-05-31T04:00:00.000,subway,158,"86 St (C,B)",Manhattan,metrocard,Metrocard - Seniors & Disability,1.0,0.0
2022-05-31T14:00:00.000,subway,144,Dyckman St (A),Manhattan,metrocard,Metrocard - Students,21.0,0.0
2022-05-31T17:00:00.000,subway,413,"Wall St (4,5)",Manhattan,metrocard,Metrocard - Seniors & Disability,44.0,0.0
2022-05-31T20:00:00.000,subway,145,190 St (A),Manhattan,metrocard,Metrocard - Full Fare,9.0,0.0
2022-05-31T15:00:00.000,subway,150,155 St (C),Manhattan,metrocard,Metrocard - Unlimited 30-Day,20.0,0.0
2022-05-31T09:00:00.000,subway,150,155 St (C),Manhattan,metrocard,Metrocard - Students,6.0,0.0
2022-05-31T12:00:00.000,subway,602,"14 St-Union Sq (L,N,Q,R,W,4,5,6)",Manhattan,metrocard,Metrocard - Unlimited 7-Day,195.0,0.0
2022-05-31T07:00:00.000,subway,146,181 St (A),Manhattan,metrocard,Metrocard - Seniors & Disability,35.0,0.0
2022-05-31T09:00:00.000,subway,327,"Chambers St (1,2,3)",Manhattan,metrocard,Metrocard - Full Fare,64.0,3.0
2022-05-31T19:00:00.000,subway,157,"96 St (C,B)",Manhattan,metrocard,Metrocard - Other,12.0,2.0
2022-05-31T18:00:00.000,subway,328,WTC Cortlandt (1),Manhattan,metrocard,Metrocard - Fair Fare,8.0,0.0
2022-05-31T15:00:00.000,subway,328,WTC Cortlandt (1),Manhattan,metrocard,Metrocard - Seniors & Disability,9.0,0.0
2022-05-31T05:00:00.000,subway,602,"14 St-Union Sq (L,N,Q,R,W,4,5,6)",Manhattan,metrocard,Metrocard - Seniors & Disability,7.0,3.0
2022-05-31T15:00:00.000,subway,157,"96 St (C,B)",Manhattan,metrocard,Metrocard - Students,115.0,42.0
2022-05-31T09:00:00.000,subway,146,181 St (A),Manhattan,metrocard,Metrocard - Students,18.0,0.0
2022-05-31T19:00:00.000,subway,333,"Wall St (2,3)",Manhattan,metrocard,Metrocard - Students,12.0,0.0
2022-05-31T17:00:00.000,subway,413,"Wall St (4,5)",Manhattan,omny,OMNY - Other,1.0,0.0
2022-05-31T06:00:00.000,subway,162,"50 St (C,E)",Manhattan,metrocard,Metrocard - Unlimited 30-Day,19.0,0.0
2022-05-31T08:00:00.000,subway,154,"116 St (C,B)",Manhattan,metrocard,Metrocard - Other,28.0,0.0
2022-05-31T20:00:00.000,subway,329,Rector St (1),Manhattan,metrocard,Metrocard - Seniors & Disability,2.0,0.0
2022-05-31T08:00:00.000,subway,152,"135 St (C,B)",Manhattan,metrocard,Metrocard - Unlimited 30-Day,69.0,0.0
2022-05-31T09:00:00.000,subway,119,1 Av (L),Manhattan,omny,OMNY - Full Fare,518.0,8.0
2022-05-31T07:00:00.000,subway,162,"50 St (C,E)",Manhattan,metrocard,Metrocard - Students,27.0,0.0
2022-05-31T12:00:00.000,subway,146,181 St (A),Manhattan,omny,OMNY - Full Fare,86.0,1.0
2022-05-31T21:00:00.000,subway,9,"57 St-7 Av (N,Q,R,W)",Manhattan,omny,OMNY - Full Fare,329.0,1.0
2022-05-31T08:00:00.000,subway,162,"50 St (C,E)",Manhattan,omny,OMNY - Full Fare,282.0,4.0
2022-05-31T22:00:00.000,subway,152,"135 St (C,B)",Manhattan,metrocard,Metrocard - Full Fare,5.0,0.0
2022-05-31T01:00:00.000,subway,409,Spring St (6),Manhattan,metrocard,Metrocard - Full Fare,4.0,0.0
2022-05-31T18:00:00.000,subway,154,"116 St (C,B)",Manhattan,metrocard,Metrocard - Unlimited 7-Day,39.0,0.0
2022-05-31T19:00:00.000,subway,156,"103 St (C,B)",Manhattan,metrocard,Metrocard - Full Fare,26.0,0.0
2022-05-31T03:00:00.000,subway,153,"125 St (A,C,B,D)",Manhattan,metrocard,Metrocard - Full Fare,2.0,0.0
2022-05-31T05:00:00.000,subway,329,Rector St (1),Manhattan,metrocard,Metrocard - Full Fare,3.0,1.0
2022-05-31T08:00:00.000,subway,329,Rector St (1),Manhattan,metrocard,Metrocard - Students,25.0,0.0
2022-05-31T18:00:00.000,subway,602,"14 St-Union Sq (L,N,Q,R,W,4,5,6)",Manhattan,metrocard,Metrocard - Other,251.0,0.0
2022-05-31T00:00:00.000,subway,153,"125 St (A,C,B,D)",Manhattan,metrocard,Metrocard - Fair Fare,7.0,0.0
2022-05-31T10:00:00.000,subway,150,155 St (C),Manhattan,metrocard,Metrocard - Other,5.0,0.0
2022-05-31T05:00:00.000,subway,16,"8 St-NYU (R,W)",Manhattan,metrocard,Metrocard - Students,1.0,0.0
2022-05-31T04:00:00.000,subway,156,"103 St (C,B)",Manhattan,omny,OMNY - Full Fare,2.0,0.0
2022-05-31T15:00:00.000,subway,159,"81 St-Museum of Natural History (C,B)",Manhattan,metrocard,Metrocard - Unlimited 7-Day,89.0,0.0
2022-05-31T09:00:00.000,subway,414,"Bowling Green (4,5)",Manhattan,metrocard,Metrocard - Unlimited 30-Day,37.0,0.0
2022-05-31T10:00:00.000,subway,151,"145 St (A,C,B,D)",Manhattan,metrocard,Metrocard - Students,20.0,0.0
2022-05-31T10:00:00.000,subway,414,"Bowling Green (4,5)",Manhattan,omny,OMNY - Full Fare,87.0,24.0
2022-05-31T01:00:00.000,subway,601,"14 St (F,M,1,2,3)/6 Av (L)",Manhattan,metrocard,Metrocard - Other,3.0,0.0
2022-05-31T12:00:00.000,subway,414,"Bowling Green (4,5)",Manhattan,metrocard,Metrocard - Students,22.0,1.0
2022-05-31T17:00:00.000,subway,155,"Cathedral Pkwy (110 St) (C,B)",Manhattan,metrocard,Metrocard - Unlimited 30-Day,54.0,0.0
2022-05-31T15:00:00.000,subway,413,"Wall St (4,5)",Manhattan,metrocard,Metrocard - Unlimited 30-Day,76.0,0.0
2022-05-31T07:00:00.000,subway,609,"Bryant Pk (B,D,F,M)/5 Av (7)",Manhattan,metrocard,Metrocard - Fair Fare,12.0,2.0
2022-05-31T05:00:00.000,subway,159,"81 St-Museum of Natural History (C,B)",Manhattan,metrocard,Metrocard - Other,1.0,0.0
2022-05-31T09:00:00.000,subway,327,"Chambers St (1,2,3)",Manhattan,omny,OMNY - Full Fare,146.0,3.0
2022-05-31T12:00:00.000,subway,150,155 St (C),Manhattan,metrocard,Metrocard - Other,2.0,0.0
2022-05-31T05:00:00.000,subway,150,155 St (C),Manhattan,omny,OMNY - Full Fare,9.0,1.0
2022-05-31T09:00:00.000,subway,13,"28 St (R,W)",Manhattan,metrocard,Metrocard - Unlimited 30-Day,29.0,0.0
2022-05-31T18:00:00.000,subway,151,"145 St (A,C,B,D)",Manhattan,metrocard,Metrocard - Fair Fare,32.0,1.0
2022-05-31T00:00:00.000,subway,149,163 St-Amsterdam Av (C),Manhattan,metrocard,Metrocard - Seniors & Disability,1.0,0.0
2022-05-31T19:00:00.000,subway,158,"86 St (C,B)",Manhattan,metrocard,Metrocard - Students,7.0,1.0
2022-05-31T05:00:00.000,subway,609,"Bryant Pk (B,D,F,M)/5 Av (7)",Manhattan,metrocard,Metrocard - Fair Fare,3.0,0.0
2022-05-31T17:00:00.000,subway,329,Rector St (1),Manhattan,metrocard,Metrocard - Other,49.0,0.0
2022-05-31T14:00:00.000,subway,146,181 St (A),Manhattan,metrocard,Metrocard - Full Fare,96.0,2.0
2022-05-31T04:00:00.000,subway,414,"Bowling Green (4,5)",Manhattan,metrocard,Metrocard - Full Fare,4.0,2.0
2022-05-31T08:00:00.000,subway,157,"96 St (C,B)",Manhattan,metrocard,Metrocard - Unlimited 7-Day,27.0,0.0
2022-05-31T12:00:00.000,subway,153,"125 St (A,C,B,D)",Manhattan,metrocard,Metrocard - Unlimited 30-Day,77.0,0.0
2022-05-31T12:00:00.000,subway,154,"116 St (C,B)",Manhattan,metrocard,Metrocard - Students,7.0,2.0
2022-05-31T18:00:00.000,subway,9,"57 St-7 Av (N,Q,R,W)",Manhattan,metrocard,Metrocard - Unlimited 7-Day,140.0,0.0
2022-05-31T12:00:00.000,subway,143,Inwood-207 St (A),Manhattan,metrocard,Metrocard - Seniors & Disability,22.0,5.0
2022-05-31T15:00:00.000,subway,333,"Wall St (2,3)",Manhattan,metrocard,Metrocard - Seniors & Disability,27.0,0.0
2022-05-31T12:00:00.000,subway,151,"145 St (A,C,B,D)",Manhattan,metrocard,Metrocard - Unlimited 7-Day,84.0,0.0
2022-05-31T05:00:00.000,subway,413,"Wall St (4,5)",Manhattan,omny,OMNY - Full Fare,10.0,1.0
2022-05-31T11:00:00.000,subway,16,"8 St-NYU (R,W)",Manhattan,metrocard,Metrocard - Other,12.0,0.0
2022-05-31T11:00:00.000,subway,152,"135 St (C,B)",Manhattan,metrocard,Metrocard - Seniors & Disability,5.0,0.0
2022-05-31T05:00:00.000,subway,157,"96 St (C,B)",Manhattan,metrocard,Metrocard - Full Fare,1.0,0.0
2022-05-31T05:00:00.000,subway,414,"Bowling Green (4,5)",Manhattan,omny,OMNY - Full Fare,34.0,21.0
2022-05-31T20:00:00.000,subway,144,Dyckman St (A),Manhattan,omny,OMNY - Full Fare,23.0,0.0
2022-05-31T10:00:00.000,subway,328,WTC Cortlandt (1),Manhattan,metrocard,Metrocard - Unlimited 30-Day,14.0,0.0
2022-05-31T15:00:00.000,subway,602,"14 St-Union Sq (L,N,Q,R,W,4,5,6)",Manhattan,metrocard,Metrocard - Unlimited 7-Day,517.0,0.0
2022-05-31T09:00:00.000,subway,152,"135 St (C,B)",Manhattan,metrocard,Metrocard - Students,7.0,0.0
2022-05-31T23:00:00.000,subway,602,"14 St-Union Sq (L,N,Q,R,W,4,5,6)",Manhattan,metrocard,Metrocard - Other,51.0,1.0
2022-05-31T00:00:00.000,subway,13,"28 St (R,W)",Manhattan,metrocard,Metrocard - Unlimited 7-Day,16.0,0.0
2022-05-31T05:00:00.000,subway,153,"125 St (A,C,B,D)",Manhattan,metrocard,Metrocard - Seniors & Disability,7.0,2.0
2022-05-31T14:00:00.000,subway,156,"103 St (C,B)",Manhattan,metrocard,Metrocard - Fair Fare,15.0,0.0
2022-05-31T09:00:00.000,subway,153,"125 St (A,C,B,D)",Manhattan,omny,OMNY - Full Fare,314.0,11.0
2022-05-31T21:00:00.000,subway,146,181 St (A),Manhattan,metrocard,Metrocard - Fair Fare,4.0,0.0
2022-05-31T09:00:00.000,subway,607,"34 St-Herald Sq (B,D,F,M,N,Q,R,W)",Manhattan,metrocard,Metrocard - Full Fare,1106.0,13.0
2022-05-31T08:00:00.000,subway,13,"28 St (R,W)",Manhattan,metrocard,Metrocard - Full Fare,48.0,0.0
2022-05-31T14:00:00.000,subway,407,Astor Pl (6),Manhattan,omny,OMNY - Full Fare,210.0,0.0
2022-05-31T18:00:00.000,subway,407,Astor Pl (6),Manhattan,metrocard,Metrocard - Unlimited 30-Day,101.0,0.0
2022-05-31T10:00:00.000,subway,333,"Wall St (2,3)",Manhattan,metrocard,Metrocard - Full Fare,66.0,0.0
2022-05-31T11:00:00.000,subway,147,175 St (A),Manhattan,metrocard,Metrocard - Unlimited 30-Day,27.0,0.0
2022-05-31T19:00:00.000,subway,414,"Bowling Green (4,5)",Manhattan,metrocard,Metrocard - Other,45.0,1.0
2022-05-31T16:00:00.000,subway,409,Spring St (6),Manhattan,metrocard,Metrocard - Full Fare,135.0,0.0
2022-05-31T03:00:00.000,subway,150,155 St (C),Manhattan,metrocard,Metrocard - Fair Fare,1.0,0.0
2022-05-31T05:00:00.000,subway,602,"14 St-Union Sq (L,N,Q,R,W,4,5,6)",Manhattan,metrocard,Metrocard - Full Fare,33.0,8.0
2022-05-31T23:00:00.000,subway,605,"168 St (A,C,1)",Manhattan,omny,OMNY - Full Fare,49.0,0.0
2022-05-31T06:00:00.000,subway,152,"135 St (C,B)",Manhattan,metrocard,Metrocard - Unlimited 7-Day,7.0,0.0
2022-05-31T04:00:00.000,subway,605,"168 St (A,C,1)",Manhattan,metrocard,Metrocard - Unlimited 30-Day,11.0,0.0
2022-05-31T06:00:00.000,subway,13,"28 St (R,W)",Manhattan,metrocard,Metrocard - Seniors & Disability,1.0,0.0
2022-05-31T23:00:00.000,subway,160,"72 St (C,B)",Manhattan,metrocard,Metrocard - Full Fare,13.0,1.0
2022-05-31T02:00:00.000,subway,602,"14 St-Union Sq (L,N,Q,R,W,4,5,6)",Manhattan,metrocard,Metrocard - Unlimited 7-Day,14.0,0.0
2022-05-31T11:00:00.000,subway,145,190 St (A),Manhattan,metrocard,Metrocard - Unlimited 30-Day,19.0,0.0
2022-05-31T17:00:00.000,subway,405,23 St (6),Manhattan,metrocard,Metrocard - Other,85.0,0.0
2022-05-31T06:00:00.000,subway,405,23 St (6),Manhattan,metrocard,Metrocard - Seniors & Disability,3.0,1.0
2022-05-31T12:00:00.000,subway,14,"23 St (R,W)",Manhattan,metrocard,Metrocard - Students,7.0,0.0
2022-05-31T04:00:00.000,subway,155,"Cathedral Pkwy (110 St) (C,B)",Manhattan,metrocard,Metrocard - Unlimited 30-Day,2.0,0.0
2022-05-31T23:00:00.000,subway,407,Astor Pl (6),Manhattan,metrocard,Metrocard - Fair Fare,5.0,0.0
2022-05-31T07:00:00.000,subway,154,"116 St (C,B)",Manhattan,metrocard,Metrocard - Students,109.0,6.0
2022-05-31T17:00:00.000,subway,154,"116 St (C,B)",Manhattan,metrocard,Metrocard - Students,28.0,6.0
2022-05-31T08:00:00.000,subway,605,"168 St (A,C,1)",Manhattan,metrocard,Metrocard - Other,51.0,0.0
2022-05-31T23:00:00.000,subway,414,"Bowling Green (4,5)",Manhattan,metrocard,Metrocard - Fair Fare,5.0,0.0
2022-05-31T06:00:00.000,subway,607,"34 St-Herald Sq (B,D,F,M,N,Q,R,W)",Manhattan,metrocard,Metrocard - Other,97.0,1.0
2022-05-31T17:00:00.000,subway,14,"23 St (R,W)",Manhattan,metrocard,Metrocard - Unlimited 30-Day,198.0,0.0
2022-05-31T07:00:00.000,subway,160,"72 St (C,B)",Manhattan,metrocard,Metrocard - Seniors & Disability,7.0,1.0
2022-05-31T19:00:00.000,subway,329,Rector St (1),Manhattan,omny,OMNY - Full Fare,91.0,0.0
2022-05-31T20:00:00.000,subway,143,Inwood-207 St (A),Manhattan,metrocard,Metrocard - Full Fare,30.0,0.0
2022-05-31T19:00:00.000,subway,156,"103 St (C,B)",Manhattan,metrocard,Metrocard - Fair Fare,6.0,1.0
2022-05-31T12:00:00.000,subway,146,181 St (A),Manhattan,metrocard,Metrocard - Other,5.0,0.0
2022-05-31T15:00:00.000,subway,151,"145 St (A,C,B,D)",Manhattan,metrocard,Metrocard - Students,162.0,2.0
2022-05-31T23:00:00.000,subway,154,"116 St (C,B)",Manhattan,metrocard,Metrocard - Unlimited 7-Day,9.0,0.0
2022-05-31T20:00:00.000,subway,409,Spring St (6),Manhattan,metrocard,Metrocard - Seniors & Disability,5.0,0.0
2022-05-31T16:00:00.000,subway,156,"103 St (C,B)",Manhattan,metrocard,Metrocard - Full Fare,53.0,0.0
2022-05-31T01:00:00.000,subway,162,"50 St (C,E)",Manhattan,omny,OMNY - Full Fare,4.0,0.0
2022-05-31T01:00:00.000,subway,9,"57 St-7 Av (N,Q,R,W)",Manhattan,omny,OMNY - Full Fare,20.0,0.0
2022-05-31T07:00:00.000,subway,146,181 St (A),Manhattan,metrocard,Metrocard - Other,49.0,1.0
2022-05-31T11:00:00.000,subway,145,190 St (A),Manhattan,metrocard,Metrocard - Students,3.0,0.0
2022-05-31T19:00:00.000,subway,327,"Chambers St (1,2,3)",Manhattan,metrocard,Metrocard - Other,47.0,0.0
2022-05-31T09:00:00.000,subway,407,Astor Pl (6),Manhattan,omny,OMNY - Full Fare,257.0,4.0
2022-05-31T13:00:00.000,subway,147,175 St (A),Manhattan,metrocard,Metrocard - Seniors & Disability,8.0,0.0
2022-05-31T20:00:00.000,subway,405,23 St (6),Manhattan,metrocard,Metrocard - Students,10.0,0.0
2022-05-31T08:00:00.000,subway,157,"96 St (C,B)",Manhattan,omny,OMNY - Full Fare,222.0,17.0
2022-05-31T04:00:00.000,subway,150,155 St (C),Manhattan,metrocard,Metrocard - Unlimited 30-Day,2.0,0.0
2022-05-31T22:00:00.000,subway,13,"28 St (R,W)",Manhattan,metrocard,Metrocard - Unlimited 7-Day,36.0,0.0
2022-05-31T09:00:00.000,subway,144,Dyckman St (A),Manhattan,metrocard,Metrocard - Fair Fare,19.0,0.0
2022-05-31T01:00:00.000,subway,147,175 St (A),Manhattan,metrocard,Metrocard - Full Fare,1.0,0.0
2022-05-31T11:00:00.000,subway,155,"Cathedral Pkwy (110 St) (C,B)",Manhattan,metrocard,Metrocard - Other,8.0,0.0
2022-05-31T03:00:00.000,subway,147,175 St (A),Manhattan,metrocard,Metrocard - Fair Fare,1.0,0.0
2022-05-31T16:00:00.000,subway,409,Spring St (6),Manhattan,metrocard,Metrocard - Unlimited 30-Day,54.0,0.0
2022-05-31T23:00:00.000,subway,333,"Wall St (2,3)",Manhattan,metrocard,Metrocard - Other,3.0,0.0
2022-05-31T11:00:00.000,subway,407,Astor Pl (6),Manhattan,metrocard,Metrocard - Other,10.0,0.0
2022-05-31T18:00:00.000,subway,409,Spring St (6),Manhattan,metrocard,Metrocard - Students,6.0,0.0
2022-05-31T14:00:00.000,subway,413,"Wall St (4,5)",Manhattan,metrocard,Metrocard - Other,16.0,0.0
2022-05-31T17:00:00.000,subway,143,Inwood-207 St (A),Manhattan,metrocard,Metrocard - Students,12.0,1.0
2022-05-31T18:00:00.000,subway,160,"72 St (C,B)",Manhattan,metrocard,Metrocard - Students,17.0,0.0
2022-05-31T22:00:00.000,subway,149,163 St-Amsterdam Av (C),Manhattan,metrocard,Metrocard - Unlimited 7-Day,5.0,0.0
2022-05-31T14:00:00.000,subway,146,181 St (A),Manhattan,metrocard,Metrocard - Unlimited 7-Day,33.0,0.0
2022-05-31T23:00:00.000,subway,605,"168 St (A,C,1)",Manhattan,metrocard,Metrocard - Other,17.0,0.0
2022-05-31T04:00:00.000,subway,326,Franklin St (1),Manhattan,omny,OMNY - Full Fare,1.0,0.0
2022-05-31T06:00:00.000,subway,158,"86 St (C,B)",Manhattan,metrocard,Metrocard - Unlimited 30-Day,27.0,0.0
2022-05-31T21:00:00.000,subway,154,"116 St (C,B)",Manhattan,metrocard,Metrocard - Fair Fare,5.0,1.0
2022-05-31T10:00:00.000,subway,601,"14 St (F,M,1,2,3)/6 Av (L)",Manhattan,metrocard,Metrocard - Unlimited 30-Day,89.0,0.0
2022-05-31T17:00:00.000,subway,13,"28 St (R,W)",Manhattan,metrocard,Metrocard - Fair Fare,11.0,0.0
2022-05-31T06:00:00.000,subway,145,190 St (A),Manhattan,metrocard,Metrocard - Fair Fare,2.0,0.0
2022-05-31T10:00:00.000,subway,153,"125 St (A,C,B,D)",Manhattan,metrocard,Metrocard - Seniors & Disability,39.0,6.0
2022-05-31T20:00:00.000,subway,16,"8 St-NYU (R,W)",Manhattan,metrocard,Metrocard - Students,8.0,0.0
2022-05-31T21:00:00.000,subway,409,Spring St (6),Manhattan,metrocard,Metrocard - Unlimited 30-Day,22.0,0.0
2022-05-31T18:00:00.000,subway,9,"57 St-7 Av (N,Q,R,W)",Manhattan,metrocard,Metrocard - Seniors & Disability,39.0,4.0
2022-05-31T23:00:00.000,subway,154,"116 St (C,B)",Manhattan,metrocard,Metrocard - Other,2.0,0.0
2022-05-31T09:00:00.000,subway,156,"103 St (C,B)",Manhattan,omny,OMNY - Full Fare,72.0,1.0
2022-05-31T21:00:00.000,subway,162,"50 St (C,E)",Manhattan,metrocard,Metrocard - Fair Fare,14.0,1.0
2022-05-31T23:00:00.000,subway,13,"28 St (R,W)",Manhattan,metrocard,Metrocard - Full Fare,32.0,0.0
2022-05-31T11:00:00.000,subway,407,Astor Pl (6),Manhattan,metrocard,Metrocard - Unlimited 7-Day,30.0,0.0
2022-05-31T15:00:00.000,subway,413,"Wall St (4,5)",Manhattan,omny,OMNY - Full Fare,225.0,1.0
2022-05-31T07:00:00.000,subway,9,"57 St-7 Av (N,Q,R,W)",Manhattan,metrocard,Metrocard - Unlimited 7-Day,35.0,0.0
2022-05-31T10:00:00.000,subway,405,23 St (6),Manhattan,metrocard,Metrocard - Other,24.0,1.0
2022-05-31T21:00:00.000,subway,405,23 St (6),Manhattan,omny,OMNY - Full Fare,129.0,1.0
2022-05-31T20:00:00.000,subway,607,"34 St-Herald Sq (B,D,F,M,N,Q,R,W)",Manhattan,metrocard,Metrocard - Unlimited 30-Day,428.0,0.0
2022-05-31T04:00:00.000,subway,407,Astor Pl (6),Manhattan,metrocard,Metrocard - Full Fare,2.0,0.0
2022-05-31T20:00:00.000,subway,605,"168 St (A,C,1)",Manhattan,metrocard,Metrocard - Students,22.0,0.0
2022-05-31T22:00:00.000,subway,601,"14 St (F,M,1,2,3)/6 Av (L)",Manhattan,metrocard,Metrocard - Unlimited 7-Day,143.0,0.0
2022-05-31T21:00:00.000,subway,151,"145 St (A,C,B,D)",Manhattan,metrocard,Metrocard - Unlimited 30-Day,27.0,0.0
2022-05-31T18:00:00.000,subway,414,"Bowling Green (4,5)",Manhattan,metrocard,Metrocard - Fair Fare,20.0,2.0
2022-05-31T13:00:00.000,subway,609,"Bryant Pk (B,D,F,M)/5 Av (7)",Manhattan,metrocard,Metrocard - Other,37.0,0.0
2022-05-31T09:00:00.000,subway,157,"96 St (C,B)",Manhattan,metrocard,Metrocard - Fair Fare,4.0,1.0
2022-05-31T15:00:00.000,subway,150,155 St (C),Manhattan,metrocard,Metrocard - Unlimited 7-Day,27.0,0.0
2022-05-31T06:00:00.000,subway,144,Dyckman St (A),Manhattan,metrocard,Metrocard - Other,17.0,0.0
2022-05-31T15:00:00.000,subway,413,"Wall St (4,5)",Manhattan,metrocard,Metrocard - Students,39.0,0.0
2022-05-31T15:00:00.000,subway,143,Inwood-207 St (A),Manhattan,metrocard,Metrocard - Other,33.0,1.0
2022-05-31T13:00:00.000,subway,601,"14 St (F,M,1,2,3)/6 Av (L)",Manhattan,omny,OMNY - Full Fare,340.0,5.0
2022-05-31T05:00:00.000,subway,157,"96 St (C,B)",Manhattan,omny,OMNY - Full Fare,7.0,0.0
2022-05-31T04:00:00.000,subway,146,181 St (A),Manhattan,metrocard,Metrocard - Unlimited 30-Day,4.0,0.0
2022-05-31T21:00:00.000,subway,158,"86 St (C,B)",Manhattan,metrocard,Metrocard - Unlimited 30-Day,19.0,0.0
2022-05-31T22:00:00.000,subway,405,23 St (6),Manhattan,metrocard,Metrocard - Other,11.0,0.0
2022-05-31T19:00:00.000,subway,145,190 St (A),Manhattan,omny,OMNY - Full Fare,20.0,0.0
2022-05-31T10:00:00.000,subway,9,"57 St-7 Av (N,Q,R,W)",Manhattan,metrocard,Metrocard - Fair Fare,12.0,0.0
2022-05-31T23:00:00.000,subway,155,"Cathedral Pkwy (110 St) (C,B)",Manhattan,metrocard,Metrocard - Fair Fare,2.0,0.0
2022-05-31T23:00:00.000,subway,144,Dyckman St (A),Manhattan,metrocard,Metrocard - Unlimited 7-Day,5.0,0.0
2022-05-31T08:00:00.000,subway,150,155 St (C),Manhattan,metrocard,Metrocard - Fair Fare,13.0,2.0
2022-05-31T03:00:00.000,subway,607,"34 St-Herald Sq (B,D,F,M,N,Q,R,W)",Manhattan,omny,OMNY - Full Fare,14.0,1.0
2022-05-31T15:00:00.000,subway,327,"Chambers St (1,2,3)",Manhattan,metrocard,Metrocard - Fair Fare,20.0,1.0
2022-05-31T11:00:00.000,subway,607,"34 St-Herald Sq (B,D,F,M,N,Q,R,W)",Manhattan,metrocard,Metrocard - Seniors & Disability,101.0,2.0
2022-05-31T03:00:00.000,subway,151,"145 St (A,C,B,D)",Manhattan,metrocard,Metrocard - Fair Fare,7.0,0.0
2022-05-31T11:00:00.000,subway,327,"Chambers St (1,2,3)",Manhattan,metrocard,Metrocard - Full Fare,65.0,0.0
2022-05-31T04:00:00.000,subway,162,"50 St (C,E)",Manhattan,metrocard,Metrocard - Other,1.0,0.0
2022-05-31T14:00:00.000,subway,149,163 St-Amsterdam Av (C),Manhattan,metrocard,Metrocard - Full Fare,28.0,0.0
2022-05-31T10:00:00.000,subway,328,WTC Cortlandt (1),Manhattan,omny,OMNY - Full Fare,80.0,1.0
2022-05-31T19:00:00.000,subway,154,"116 St (C,B)",Manhattan,metrocard,Metrocard - Full Fare,26.0,2.0
2022-05-31T01:00:00.000,subway,153,"125 St (A,C,B,D)",Manhattan,metrocard,Metrocard - Unlimited 7-Day,4.0,0.0
2022-05-31T00:00:00.000,subway,405,23 St (6),Manhattan,metrocard,Metrocard - Unlimited 7-Day,8.0,0.0
2022-05-31T18:00:00.000,subway,150,155 St (C),Manhattan,metrocard,Metrocard - Full Fare,11.0,0.0
2022-05-31T22:00:00.000,subway,327,"Chambers St (1,2,3)",Manhattan,metrocard,Metrocard - Unlimited 30-Day,34.0,0.0
2022-05-31T17:00:00.000,subway,144,Dyckman St (A),Manhattan,metrocard,Metrocard - Seniors & Disability,4.0,0.0
2022-05-31T15:00:00.000,subway,414,"Bowling Green (4,5)",Manhattan,metrocard,Metrocard - Unlimited 30-Day,111.0,0.0
2022-05-31T08:00:00.000,subway,607,"34 St-Herald Sq (B,D,F,M,N,Q,R,W)",Manhattan,metrocard,Metrocard - Fair Fare,29.0,1.0
2022-05-31T11:00:00.000,subway,328,WTC Cortlandt (1),Manhattan,metrocard,Metrocard - Seniors & Disability,2.0,0.0
2022-05-31T06:00:00.000,subway,16,"8 St-NYU (R,W)",Manhattan,omny,OMNY - Full Fare,28.0,0.0
2022-05-31T11:00:00.000,subway,409,Spring St (6),Manhattan,omny,OMNY - Full Fare,89.0,0.0
2022-05-31T02:00:00.000,subway,9,"57 St-7 Av (N,Q,R,W)",Manhattan,metrocard,Metrocard - Unlimited 30-Day,3.0,0.0
2022-05-31T08:00:00.000,subway,145,190 St (A),Manhattan,metrocard,Metrocard - Unlimited 7-Day,33.0,0.0
2022-05-31T17:00:00.000,subway,607,"34 St-Herald Sq (B,D,F,M,N,Q,R,W)",Manhattan,metrocard,Metrocard - Other,374.0,3.0
2022-05-31T10:00:00.000,subway,407,Astor Pl (6),Manhattan,metrocard,Metrocard - Students,1.0,0.0
2022-05-31T04:00:00.000,subway,414,"Bowling Green (4,5)",Manhattan,metrocard,Metrocard - Other,3.0,0.0
2022-05-31T08:00:00.000,subway,16,"8 St-NYU (R,W)",Manhattan,metrocard,Metrocard - Unlimited 30-Day,44.0,0.0
2022-05-31T00:00:00.000,subway,145,190 St (A),Manhattan,metrocard,Metrocard - Full Fare,2.0,0.0
2022-05-31T18:00:00.000,subway,13,"28 St (R,W)",Manhattan,metrocard,Metrocard - Students,4.0,0.0
2022-05-31T06:00:00.000,subway,607,"34 St-Herald Sq (B,D,F,M,N,Q,R,W)",Manhattan,metrocard,Metrocard - Unlimited 30-Day,111.0,0.0
2022-05-31T18:00:00.000,subway,147,175 St (A),Manhattan,metrocard,Metrocard - Seniors & Disability,19.0,1.0
2022-05-31T14:00:00.000,subway,158,"86 St (C,B)",Manhattan,metrocard,Metrocard - Full Fare,122.0,8.0
2022-05-31T10:00:00.000,subway,407,Astor Pl (6),Manhattan,metrocard,Metrocard - Unlimited 30-Day,35.0,0.0
2022-05-31T05:00:00.000,subway,605,"168 St (A,C,1)",Manhattan,metrocard,Metrocard - Students,4.0,0.0
2022-05-31T14:00:00.000,subway,329,Rector St (1),Manhattan,metrocard,Metrocard - Students,4.0,0.0
2022-05-31T16:00:00.000,subway,145,190 St (A),Manhattan,metrocard,Metrocard - Full Fare,40.0,0.0
2022-05-31T16:00:00.000,subway,607,"34 St-Herald Sq (B,D,F,M,N,Q,R,W)",Manhattan,omny,OMNY - Full Fare,1814.0,20.0
2022-05-31T23:00:00.000,subway,157,"96 St (C,B)",Manhattan,metrocard,Metrocard - Seniors & Disability,1.0,0.0
2022-05-31T12:00:00.000,subway,147,175 St (A),Manhattan,metrocard,Metrocard - Full Fare,91.0,1.0
2022-05-31T12:00:00.000,subway,149,163 St-Amsterdam Av (C),Manhattan,metrocard,Metrocard - Full Fare,28.0,0.0
2022-05-31T21:00:00.000,subway,152,"135 St (C,B)",Manhattan,metrocard,Metrocard - Unlimited 30-Day,6.0,0.0
2022-05-31T16:00:00.000,subway,407,Astor Pl (6),Manhattan,metrocard,Metrocard - Other,27.0,0.0
2022-05-31T15:00:00.000,subway,143,Inwood-207 St (A),Manhattan,metrocard,Metrocard - Unlimited 30-Day,28.0,0.0
2022-05-31T11:00:00.000,subway,327,"Chambers St (1,2,3)",Manhattan,metrocard,Metrocard - Seniors & Disability,26.0,1.0
2022-05-31T00:00:00.000,subway,602,"14 St-Union Sq (L,N,Q,R,W,4,5,6)",Manhattan,metrocard,Metrocard - Fair Fare,17.0,0.0
2022-05-31T08:00:00.000,subway,409,Spring St (6),Manhattan,metrocard,Metrocard - Other,16.0,0.0
2022-05-31T12:00:00.000,subway,14,"23 St (R,W)",Manhattan,metrocard,Metrocard - Unlimited 30-Day,63.0,0.0
2022-05-31T08:00:00.000,subway,155,"Cathedral Pkwy (110 St) (C,B)",Manhattan,metrocard,Metrocard - Students,73.0,3.0
2022-05-31T03:00:00.000,subway,146,181 St (A),Manhattan,metrocard,Metrocard - Unlimited 7-Day,2.0,0.0
2022-05-31T10:00:00.000,subway,151,"145 St (A,C,B,D)",Manhattan,omny,OMNY - Full Fare,151.0,0.0
2022-05-31T15:00:00.000,subway,405,23 St (6),Manhattan,metrocard,Metrocard - Students,220.0,5.0
2022-05-31T18:00:00.000,subway,605,"168 St (A,C,1)",Manhattan,metrocard,Metrocard - Other,38.0,0.0
2022-05-31T07:00:00.000,subway,329,Rector St (1),Manhattan,metrocard,Metrocard - Other,8.0,1.0
2022-05-31T21:00:00.000,subway,9,"57 St-7 Av (N,Q,R,W)",Manhattan,metrocard,Metrocard - Fair Fare,20.0,0.0
2022-05-31T11:00:00.000,subway,147,175 St (A),Manhattan,omny,OMNY - Full Fare,115.0,1.0
2022-05-31T00:00:00.000,subway,327,"Chambers St (1,2,3)",Manhattan,metrocard,Metrocard - Other,3.0,0.0
2022-05-31T22:00:00.000,subway,609,"Bryant Pk (B,D,F,M)/5 Av (7)",Manhattan,metrocard,Metrocard - Full Fare,223.0,0.0
2022-05-31T18:00:00.000,subway,156,"103 St (C,B)",Manhattan,metrocard,Metrocard - Seniors & Disability,7.0,0.0
2022-05-31T20:00:00.000,subway,14,"23 St (R,W)",Manhattan,metrocard,Metrocard - Unlimited 7-Day,82.0,0.0
2022-05-31T14:00:00.000,subway,601,"14 St (F,M,1,2,3)/6 Av (L)",Manhattan,metrocard,Metrocard - Other,71.0,1.0
2022-05-31T03:00:00.000,subway,146,181 St (A),Manhattan,metrocard,Metrocard - Fair Fare,1.0,0.0
2022-05-31T16:00:00.000,subway,414,"Bowling Green (4,5)",Manhattan,metrocard,Metrocard - Seniors & Disability,51.0,6.0
2022-05-31T18:00:00.000,subway,150,155 St (C),Manhattan,metrocard,Metrocard - Students,6.0,0.0
2022-05-31T08:00:00.000,subway,143,Inwood-207 St (A),Manhattan,metrocard,Metrocard - Other,57.0,6.0
2022-05-31T09:00:00.000,subway,414,"Bowling Green (4,5)",Manhattan,metrocard,Metrocard - Other,49.0,8.0
2022-05-31T02:00:00.000,subway,158,"86 St (C,B)",Manhattan,metrocard,Metrocard - Full Fare,1.0,1.0
2022-05-31T03:00:00.000,subway,409,Spring St (6),Manhattan,metrocard,Metrocard - Unlimited 7-Day,2.0,0.0
2022-05-31T21:00:00.000,subway,149,163 St-Amsterdam Av (C),Manhattan,metrocard,Metrocard - Unlimited 30-Day,2.0,0.0
2022-05-31T11:00:00.000,subway,153,"125 St (A,C,B,D)",Manhattan,metrocard,Metrocard - Other,33.0,3.0
2022-05-31T07:00:00.000,subway,602,"14 St-Union Sq (L,N,Q,R,W,4,5,6)",Manhattan,metrocard,Metrocard - Unlimited 7-Day,91.0,0.0
2022-05-31T09:00:00.000,subway,143,Inwood-207 St (A),Manhattan,metrocard,Metrocard - Fair Fare,15.0,2.0
2022-05-31T01:00:00.000,subway,601,"14 St (F,M,1,2,3)/6 Av (L)",Manhattan,metrocard,Metrocard - Students,1.0,0.0
2022-05-31T07:00:00.000,subway,602,"14 St-Union Sq (L,N,Q,R,W,4,5,6)",Manhattan,metrocard,Metrocard - Students,147.0,15.0
2022-05-31T09:00:00.000,subway,329,Rector St (1),Manhattan,metrocard,Metrocard - Unlimited 7-Day,65.0,0.0
2022-05-31T10:00:00.000,subway,147,175 St (A),Manhattan,metrocard,Metrocard - Fair Fare,9.0,2.0
2022-05-31T12:00:00.000,subway,13,"28 St (R,W)",Manhattan,omny,OMNY - Full Fare,88.0,0.0
2022-05-31T12:00:00.000,subway,327,"Chambers St (1,2,3)",Manhattan,metrocard,Metrocard - Unlimited 7-Day,30.0,0.0
2022-05-31T05:00:00.000,subway,405,23 St (6),Manhattan,metrocard,Metrocard - Unlimited 7-Day,7.0,0.0
2022-05-31T03:00:00.000,subway,154,"116 St (C,B)",Manhattan,metrocard,Metrocard - Fair Fare,1.0,0.0
2022-05-31T23:00:00.000,subway,144,Dyckman St (A),Manhattan,metrocard,Metrocard - Full Fare,7.0,0.0
2022-05-31T20:00:00.000,subway,409,Spring St (6),Manhattan,metrocard,Metrocard - Fair Fare,10.0,0.0
2022-05-31T09:00:00.000,subway,160,"72 St (C,B)",Manhattan,metrocard,Metrocard - Unlimited 7-Day,14.0,0.0
2022-05-31T06:00:00.000,subway,151,"145 St (A,C,B,D)",Manhattan,metrocard,Metrocard - Seniors & Disability,4.0,0.0
2022-05-31T23:00:00.000,subway,146,181 St (A),Manhattan,omny,OMNY - Full Fare,6.0,0.0
2022-05-31T12:00:00.000,subway,158,"86 St (C,B)",Manhattan,omny,OMNY - Full Fare,89.0,3.0
2022-05-31T14:00:00.000,subway,155,"Cathedral Pkwy (110 St) (C,B)",Manhattan,omny,OMNY - Full Fare,80.0,0.0
2022-05-31T10:00:00.000,subway,602,"14 St-Union Sq (L,N,Q,R,W,4,5,6)",Manhattan,omny,OMNY - Full Fare,497.0,8.0
2022-05-31T13:00:00.000,subway,605,"168 St (A,C,1)",Manhattan,metrocard,Metrocard - Other,28.0,1.0
2022-05-31T06:00:00.000,subway,413,"Wall St (4,5)",Manhattan,metrocard,Metrocard - Full Fare,22.0,3.0
2022-05-31T06:00:00.000,subway,143,Inwood-207 St (A),Manhattan,metrocard,Metrocard - Unlimited 7-Day,65.0,0.0
2022-05-31T18:00:00.000,subway,144,Dyckman St (A),Manhattan,metrocard,Metrocard - Seniors & Disability,8.0,0.0
2022-05-31T22:00:00.000,subway,13,"28 St (R,W)",Manhattan,metrocard,Metrocard - Fair Fare,1.0,0.0
2022-05-31T10:00:00.000,subway,156,"103 St (C,B)",Manhattan,metrocard,Metrocard - Unlimited 30-Day,27.0,0.0
2022-05-31T15:00:00.000,subway,329,Rector St (1),Manhattan,metrocard,Metrocard - Seniors & Disability,12.0,1.0
2022-05-31T01:00:00.000,subway,601,"14 St (F,M,1,2,3)/6 Av (L)",Manhattan,metrocard,Metrocard - Unlimited 30-Day,15.0,0.0
2022-05-31T08:00:00.000,subway,14,"23 St (R,W)",Manhattan,omny,OMNY - Full Fare,215.0,11.0
2022-05-31T02:00:00.000,subway,605,"168 St (A,C,1)",Manhattan,metrocard,Metrocard - Unlimited 7-Day,4.0,0.0
2022-05-31T06:00:00.000,subway,154,"116 St (C,B)",Manhattan,metrocard,Metrocard - Unlimited 7-Day,12.0,0.0
2022-05-31T00:00:00.000,subway,9,"57 St-7 Av (N,Q,R,W)",Manhattan,metrocard,Metrocard - Seniors & Disability,3.0,0.0
2022-05-31T01:00:00.000,subway,157,"96 St (C,B)",Manhattan,metrocard,Metrocard - Unlimited 30-Day,2.0,0.0
2022-05-31T08:00:00.000,subway,156,"103 St (C,B)",Manhattan,metrocard,Metrocard - Other,18.0,1.0
2022-05-31T16:00:00.000,subway,159,"81 St-Museum of Natural History (C,B)",Manhattan,metrocard,Metrocard - Seniors & Disability,19.0,8.0
2022-05-31T18:00:00.000,subway,607,"34 St-Herald Sq (B,D,F,M,N,Q,R,W)",Manhattan,metrocard,Metrocard - Fair Fare,183.0,3.0
2022-05-31T20:00:00.000,subway,153,"125 St (A,C,B,D)",Manhattan,metrocard,Metrocard - Seniors & Disability,17.0,6.0
2022-05-31T20:00:00.000,subway,147,175 St (A),Manhattan,metrocard,Metrocard - Full Fare,47.0,2.0
2022-05-31T22:00:00.000,subway,328,WTC Cortlandt (1),Manhattan,metrocard,Metrocard - Seniors & Disability,1.0,0.0
2022-05-31T08:00:00.000,subway,160,"72 St (C,B)",Manhattan,omny,OMNY - Full Fare,177.0,3.0
2022-05-31T02:00:00.000,subway,609,"Bryant Pk (B,D,F,M)/5 Av (7)",Manhattan,metrocard,Metrocard - Full Fare,6.0,0.0
2022-05-31T13:00:00.000,subway,146,181 St (A),Manhattan,metrocard,Metrocard - Students,8.0,0.0
2022-05-31T13:00:00.000,subway,144,Dyckman St (A),Manhattan,metrocard,Metrocard - Unlimited 7-Day,51.0,0.0
2022-05-31T09:00:00.000,subway,414,"Bowling Green (4,5)",Manhattan,metrocard,Metrocard - Full Fare,184.0,89.0
2022-05-31T15:00:00.000,subway,150,155 St (C),Manhattan,metrocard,Metrocard - Other,3.0,0.0
2022-05-31T07:00:00.000,subway,414,"Bowling Green (4,5)",Manhattan,metrocard,Metrocard - Students,54.0,11.0
2022-05-31T20:00:00.000,subway,155,"Cathedral Pkwy (110 St) (C,B)",Manhattan,metrocard,Metrocard - Unlimited 7-Day,20.0,0.0
2022-05-31T15:00:00.000,subway,154,"116 St (C,B)",Manhattan,metrocard,Metrocard - Seniors & Disability,7.0,0.0
2022-05-31T14:00:00.000,subway,327,"Chambers St (1,2,3)",Manhattan,omny,OMNY - Full Fare,170.0,0.0
2022-05-31T19:00:00.000,subway,605,"168 St (A,C,1)",Manhattan,metrocard,Metrocard - Unlimited 7-Day,71.0,0.0
2022-05-31T14:00:00.000,subway,149,163 St-Amsterdam Av (C),Manhattan,omny,OMNY - Full Fare,42.0,7.0
2022-05-31T05:00:00.000,subway,409,Spring St (6),Manhattan,omny,OMNY - Full Fare,4.0,0.0
2022-05-31T00:00:00.000,subway,16,"8 St-NYU (R,W)",Manhattan,metrocard,Metrocard - Full Fare,10.0,0.0
2022-05-31T13:00:00.000,subway,601,"14 St (F,M,1,2,3)/6 Av (L)",Manhattan,metrocard,Metrocard - Seniors & Disability,81.0,10.0
2022-05-31T21:00:00.000,subway,328,WTC Cortlandt (1),Manhattan,metrocard,Metrocard - Unlimited 30-Day,9.0,0.0
2022-05-31T19:00:00.000,subway,14,"23 St (R,W)",Manhattan,metrocard,Metrocard - Other,19.0,0.0
2022-05-31T10:00:00.000,subway,326,Franklin St (1),Manhattan,omny,OMNY - Full Fare,48.0,1.0
2022-05-31T22:00:00.000,subway,602,"14 St-Union Sq (L,N,Q,R,W,4,5,6)",Manhattan,metrocard,Metrocard - Seniors & Disability,24.0,1.0
2022-05-31T15:00:00.000,subway,151,"145 St (A,C,B,D)",Manhattan,metrocard,Metrocard - Full Fare,157.0,7.0
2022-05-31T16:00:00.000,subway,602,"14 St-Union Sq (L,N,Q,R,W,4,5,6)",Manhattan,metrocard,Metrocard - Unlimited 30-Day,644.0,0.0
2022-05-31T04:00:00.000,subway,9,"57 St-7 Av (N,Q,R,W)",Manhattan,omny,OMNY - Full Fare,3.0,0.0
2022-05-31T02:00:00.000,subway,162,"50 St (C,E)",Manhattan,metrocard,Metrocard - Full Fare,2.0,0.0
2022-05-31T12:00:00.000,subway,9,"57 St-7 Av (N,Q,R,W)",Manhattan,metrocard,Metrocard - Full Fare,138.0,2.0
2022-05-31T16:00:00.000,subway,153,"125 St (A,C,B,D)",Manhattan,metrocard,Metrocard - Other,74.0,4.0
2022-05-31T15:00:00.000,subway,157,"96 St (C,B)",Manhattan,metrocard,Metrocard - Other,26.0,7.0
2022-05-31T10:00:00.000,subway,605,"168 St (A,C,1)",Manhattan,omny,OMNY - Full Fare,173.0,2.0
2022-05-31T13:00:00.000,subway,145,190 St (A),Manhattan,metrocard,Metrocard - Unlimited 7-Day,16.0,0.0
2022-05-31T06:00:00.000,subway,158,"86 St (C,B)",Manhattan,metrocard,Metrocard - Full Fare,26.0,0.0
2022-05-31T11:00:00.000,subway,154,"116 St (C,B)",Manhattan,omny,OMNY - Full Fare,61.0,0.0
2022-05-31T06:00:00.000,subway,149,163 St-Amsterdam Av (C),Manhattan,metrocard,Metrocard - Unlimited 30-Day,26.0,0.0
2022-05-31T07:00:00.000,subway,143,Inwood-207 St (A),Manhattan,metrocard,Metrocard - Full Fare,156.0,23.0
2022-05-31T07:00:00.000,subway,601,"14 St (F,M,1,2,3)/6 Av (L)",Manhattan,metrocard,Metrocard - Seniors & Disability,28.0,2.0
2022-05-31T03:00:00.000,subway,609,"Bryant Pk (B,D,F,M)/5 Av (7)",Manhattan,metrocard,Metrocard - Other,1.0,0.0
2022-05-31T11:00:00.000,subway,154,"116 St (C,B)",Manhattan,metrocard,Metrocard - Unlimited 7-Day,26.0,0.0
2022-05-31T06:00:00.000,subway,413,"Wall St (4,5)",Manhattan,metrocard,Metrocard - Unlimited 7-Day,4.0,0.0
2022-05-31T23:00:00.000,subway,413,"Wall St (4,5)",Manhattan,metrocard,Metrocard - Full Fare,39.0,0.0
2022-05-31T08:00:00.000,subway,156,"103 St (C,B)",Manhattan,metrocard,Metrocard - Students,33.0,0.0
2022-05-31T22:00:00.000,subway,151,"145 St (A,C,B,D)",Manhattan,metrocard,Metrocard - Full Fare,28.0,0.0
2022-05-31T19:00:00.000,subway,150,155 St (C),Manhattan,metrocard,Metrocard - Unlimited 30-Day,3.0,0.0
2022-05-31T13:00:00.000,subway,159,"81 St-Museum of Natural History (C,B)",Manhattan,metrocard,Metrocard - Unlimited 30-Day,25.0,0.0
2022-05-31T06:00:00.000,subway,157,"96 St (C,B)",Manhattan,metrocard,Metrocard - Other,5.0,0.0
2022-05-31T13:00:00.000,subway,159,"81 St-Museum of Natural History (C,B)",Manhattan,metrocard,Metrocard - Other,18.0,2.0
2022-05-31T15:00:00.000,subway,143,Inwood-207 St (A),Manhattan,metrocard,Metrocard - Unlimited 7-Day,29.0,0.0
2022-05-31T07:00:00.000,subway,607,"34 St-Herald Sq (B,D,F,M,N,Q,R,W)",Manhattan,metrocard,Metrocard - Students,62.0,5.0
2022-05-31T04:00:00.000,subway,327,"Chambers St (1,2,3)",Manhattan,omny,OMNY - Full Fare,2.0,0.0
2022-05-31T17:00:00.000,subway,149,163 St-Amsterdam Av (C),Manhattan,metrocard,Metrocard - Fair Fare,8.0,1.0
2022-05-31T11:00:00.000,subway,151,"145 St (A,C,B,D)",Manhattan,metrocard,Metrocard - Seniors & Disability,27.0,2.0
2022-05-31T14:00:00.000,subway,162,"50 St (C,E)",Manhattan,metrocard,Metrocard - Other,24.0,0.0
2022-05-31T16:00:00.000,subway,160,"72 St (C,B)",Manhattan,metrocard,Metrocard - Full Fare,239.0,21.0
2022-05-31T19:00:00.000,subway,157,"96 St (C,B)",Manhattan,metrocard,Metrocard - Unlimited 30-Day,48.0,0.0
2022-05-31T15:00:00.000,subway,152,"135 St (C,B)",Manhattan,metrocard,Metrocard - Unlimited 7-Day,26.0,0.0
2022-05-31T14:00:00.000,subway,329,Rector St (1),Manhattan,omny,OMNY - Full Fare,80.0,3.0
2022-05-31T09:00:00.000,subway,149,163 St-Amsterdam Av (C),Manhattan,omny,OMNY - Full Fare,54.0,0.0
2022-05-31T02:00:00.000,subway,333,"Wall St (2,3)",Manhattan,metrocard,Metrocard - Unlimited 30-Day,1.0,0.0
2022-05-31T05:00:00.000,subway,475,96 St (Q),Manhattan,omny,OMNY - Full Fare,38.0,1.0
2022-05-31T15:00:00.000,subway,147,175 St (A),Manhattan,omny,OMNY - Other,1.0,0.0
2022-05-31T02:00:00.000,subway,151,"145 St (A,C,B,D)",Manhattan,metrocard,Metrocard - Unlimited 7-Day,5.0,0.0
2022-05-31T06:00:00.000,subway,333,"Wall St (2,3)",Manhattan,metrocard,Metrocard - Students,1.0,0.0
2022-05-31T21:00:00.000,subway,601,"14 St (F,M,1,2,3)/6 Av (L)",Manhattan,metrocard,Metrocard - Other,47.0,2.0
2022-05-31T15:00:00.000,subway,607,"34 St-Herald Sq (B,D,F,M,N,Q,R,W)",Manhattan,omny,OMNY - Full Fare,1304.0,20.0
2022-05-31T08:00:00.000,subway,159,"81 St-Museum of Natural History (C,B)",Manhattan,metrocard,Metrocard - Unlimited 30-Day,72.0,0.0
2022-05-31T09:00:00.000,subway,156,"103 St (C,B)",Manhattan,metrocard,Metrocard - Fair Fare,10.0,0.0
2022-05-31T23:00:00.000,subway,156,"103 St (C,B)",Manhattan,metrocard,Metrocard - Unlimited 30-Day,5.0,0.0
2022-05-31T23:00:00.000,subway,150,155 St (C),Manhattan,metrocard,Metrocard - Other,1.0,0.0
2022-05-31T17:00:00.000,subway,13,"28 St (R,W)",Manhattan,metrocard,Metrocard - Full Fare,244.0,1.0
2022-05-31T13:00:00.000,subway,155,"Cathedral Pkwy (110 St) (C,B)",Manhattan,metrocard,Metrocard - Seniors & Disability,11.0,1.0
2022-05-31T13:00:00.000,subway,413,"Wall St (4,5)",Manhattan,metrocard,Metrocard - Seniors & Disability,14.0,3.0
2022-05-31T00:00:00.000,subway,409,Spring St (6),Manhattan,omny,OMNY - Full Fare,19.0,0.0
2022-05-31T11:00:00.000,subway,160,"72 St (C,B)",Manhattan,metrocard,Metrocard - Students,1.0,0.0
2022-05-31T16:00:00.000,subway,159,"81 St-Museum of Natural History (C,B)",Manhattan,omny,OMNY - Full Fare,251.0,21.0
2022-05-31T00:00:00.000,subway,333,"Wall St (2,3)",Manhattan,metrocard,Metrocard - Other,1.0,0.0
2022-05-31T19:00:00.000,subway,146,181 St (A),Manhattan,metrocard,Metrocard - Seniors & Disability,7.0,0.0
2022-05-31T21:00:00.000,subway,414,"Bowling Green (4,5)",Manhattan,metrocard,Metrocard - Full Fare,63.0,9.0
2022-05-31T15:00:00.000,subway,409,Spring St (6),Manhattan,metrocard,Metrocard - Fair Fare,18.0,0.0
2022-05-31T17:00:00.000,subway,601,"14 St (F,M,1,2,3)/6 Av (L)",Manhattan,metrocard,Metrocard - Fair Fare,60.0,1.0
2022-05-31T13:00:00.000,subway,153,"125 St (A,C,B,D)",Manhattan,metrocard,Metrocard - Seniors & Disability,47.0,7.0
2022-05-31T17:00:00.000,subway,155,"Cathedral Pkwy (110 St) (C,B)",Manhattan,metrocard,Metrocard - Fair Fare,15.0,0.0
2022-05-31T05:00:00.000,subway,152,"135 St (C,B)",Manhattan,metrocard,Metrocard - Full Fare,11.0,1.0
2022-05-31T07:00:00.000,subway,605,"168 St (A,C,1)",Manhattan,metrocard,Metrocard - Unlimited 30-Day,189.0,0.0
2022-05-31T17:00:00.000,subway,414,"Bowling Green (4,5)",Manhattan,omny,OMNY - Other,2.0,0.0
2022-05-31T01:00:00.000,subway,9,"57 St-7 Av (N,Q,R,W)",Manhattan,metrocard,Metrocard - Unlimited 7-Day,17.0,0.0
2022-05-31T03:00:00.000,subway,152,"135 St (C,B)",Manhattan,metrocard,Metrocard - Fair Fare,2.0,0.0
2022-05-31T09:00:00.000,subway,14,"23 St (R,W)",Manhattan,metrocard,Metrocard - Full Fare,72.0,7.0
2022-05-31T05:00:00.000,subway,147,175 St (A),Manhattan,metrocard,Metrocard - Other,10.0,0.0
2022-05-31T17:00:00.000,subway,158,"86 St (C,B)",Manhattan,metrocard,Metrocard - Unlimited 7-Day,83.0,0.0
2022-05-31T21:00:00.000,subway,407,Astor Pl (6),Manhattan,metrocard,Metrocard - Unlimited 7-Day,55.0,0.0
2022-05-31T23:00:00.000,subway,407,Astor Pl (6),Manhattan,metrocard,Metrocard - Seniors & Disability,2.0,0.0
2022-05-31T07:00:00.000,subway,159,"81 St-Museum of Natural History (C,B)",Manhattan,metrocard,Metrocard - Full Fare,41.0,5.0
2022-05-31T12:00:00.000,subway,153,"125 St (A,C,B,D)",Manhattan,metrocard,Metrocard - Fair Fare,46.0,3.0
2022-05-31T07:00:00.000,subway,9,"57 St-7 Av (N,Q,R,W)",Manhattan,metrocard,Metrocard - Other,27.0,2.0
2022-05-31T15:00:00.000,subway,153,"125 St (A,C,B,D)",Manhattan,metrocard,Metrocard - Students,156.0,11.0
2022-05-31T11:00:00.000,subway,158,"86 St (C,B)",Manhattan,metrocard,Metrocard - Unlimited 7-Day,16.0,0.0
2022-05-31T11:00:00.000,subway,150,155 St (C),Manhattan,metrocard,Metrocard - Unlimited 7-Day,20.0,0.0
2022-05-31T09:00:00.000,subway,601,"14 St (F,M,1,2,3)/6 Av (L)",Manhattan,metrocard,Metrocard - Unlimited 7-Day,76.0,0.0
2022-05-31T11:00:00.000,subway,13,"28 St (R,W)",Manhattan,metrocard,Metrocard - Seniors & Disability,10.0,0.0
2022-05-31T04:00:00.000,subway,151,"145 St (A,C,B,D)",Manhattan,metrocard,Metrocard - Unlimited 30-Day,16.0,0.0
2022-05-31T06:00:00.000,subway,152,"135 St (C,B)",Manhattan,omny,OMNY - Full Fare,14.0,0.0
2022-05-31T14:00:00.000,subway,13,"28 St (R,W)",Manhattan,metrocard,Metrocard - Students,4.0,0.0
2022-05-31T22:00:00.000,subway,607,"34 St-Herald Sq (B,D,F,M,N,Q,R,W)",Manhattan,metrocard,Metrocard - Seniors & Disability,31.0,0.0
2022-05-31T01:00:00.000,subway,153,"125 St (A,C,B,D)",Manhattan,metrocard,Metrocard - Other,2.0,0.0
2022-05-31T07:00:00.000,subway,333,"Wall St (2,3)",Manhattan,metrocard,Metrocard - Full Fare,66.0,2.0
2022-05-31T19:00:00.000,subway,160,"72 St (C,B)",Manhattan,metrocard,Metrocard - Unlimited 7-Day,51.0,0.0
2022-05-31T12:00:00.000,subway,158,"86 St (C,B)",Manhattan,metrocard,Metrocard - Other,8.0,1.0
2022-05-31T11:00:00.000,subway,413,"Wall St (4,5)",Manhattan,metrocard,Metrocard - Unlimited 30-Day,25.0,0.0
2022-05-31T10:00:00.000,subway,16,"8 St-NYU (R,W)",Manhattan,metrocard,Metrocard - Unlimited 7-Day,16.0,0.0
2022-05-31T18:00:00.000,subway,149,163 St-Amsterdam Av (C),Manhattan,metrocard,Metrocard - Full Fare,24.0,0.0
2022-05-31T18:00:00.000,subway,413,"Wall St (4,5)",Manhattan,metrocard,Metrocard - Other,50.0,1.0
2022-05-31T10:00:00.000,subway,329,Rector St (1),Manhattan,metrocard,Metrocard - Full Fare,38.0,2.0
2022-05-31T07:00:00.000,subway,607,"34 St-Herald Sq (B,D,F,M,N,Q,R,W)",Manhattan,metrocard,Metrocard - Unlimited 7-Day,108.0,0.0
2022-05-31T08:00:00.000,subway,327,"Chambers St (1,2,3)",Manhattan,metrocard,Metrocard - Other,33.0,0.0
2022-05-31T13:00:00.000,subway,156,"103 St (C,B)",Manhattan,omny,OMNY - Full Fare,52.0,0.0
2022-05-31T11:00:00.000,subway,149,163 St-Amsterdam Av (C),Manhattan,metrocard,Metrocard - Unlimited 30-Day,15.0,0.0
2022-05-31T15:00:00.000,subway,152,"135 St (C,B)",Manhattan,metrocard,Metrocard - Other,14.0,0.0
2022-05-31T15:00:00.000,subway,151,"145 St (A,C,B,D)",Manhattan,omny,OMNY - Full Fare,191.0,4.0
2022-05-31T01:00:00.000,subway,13,"28 St (R,W)",Manhattan,metrocard,Metrocard - Unlimited 30-Day,1.0,0.0
2022-05-31T17:00:00.000,subway,602,"14 St-Union Sq (L,N,Q,R,W,4,5,6)",Manhattan,metrocard,Metrocard - Students,333.0,2.0
2022-05-31T13:00:00.000,subway,158,"86 St (C,B)",Manhattan,metrocard,Metrocard - Full Fare,79.0,6.0
2022-05-31T01:00:00.000,subway,147,175 St (A),Manhattan,omny,OMNY - Full Fare,4.0,0.0
2022-05-31T11:00:00.000,subway,414,"Bowling Green (4,5)",Manhattan,metrocard,Metrocard - Seniors & Disability,23.0,6.0
2022-05-31T06:00:00.000,subway,158,"86 St (C,B)",Manhattan,omny,OMNY - Full Fare,48.0,5.0
2022-05-31T15:00:00.000,subway,160,"72 St (C,B)",Manhattan,metrocard,Metrocard - Other,11.0,0.0
2022-05-31T17:00:00.000,subway,151,"145 St (A,C,B,D)",Manhattan,metrocard,Metrocard - Unlimited 7-Day,115.0,0.0
2022-05-31T07:00:00.000,subway,160,"72 St (C,B)",Manhattan,metrocard,Metrocard - Other,10.0,1.0
2022-05-31T16:00:00.000,subway,13,"28 St (R,W)",Manhattan,metrocard,Metrocard - Other,17.0,0.0
2022-05-31T23:00:00.000,subway,326,Franklin St (1),Manhattan,omny,OMNY - Full Fare,19.0,0.0
2022-05-31T04:00:00.000,subway,156,"103 St (C,B)",Manhattan,metrocard,Metrocard - Full Fare,1.0,0.0
2022-05-31T04:00:00.000,subway,14,"23 St (R,W)",Manhattan,metrocard,Metrocard - Other,2.0,0.0
2022-05-31T19:00:00.000,subway,16,"8 St-NYU (R,W)",Manhattan,metrocard,Metrocard - Seniors & Disability,3.0,0.0
2022-05-31T08:00:00.000,subway,409,Spring St (6),Manhattan,metrocard,Metrocard - Fair Fare,2.0,0.0
2022-05-31T21:00:00.000,subway,156,"103 St (C,B)",Manhattan,metrocard,Metrocard - Unlimited 7-Day,9.0,0.0
2022-05-31T16:00:00.000,subway,151,"145 St (A,C,B,D)",Manhattan,metrocard,Metrocard - Unlimited 30-Day,110.0,0.0
2022-05-31T14:00:00.000,subway,413,"Wall St (4,5)",Manhattan,metrocard,Metrocard - Fair Fare,16.0,0.0
2022-05-31T01:00:00.000,subway,414,"Bowling Green (4,5)",Manhattan,omny,OMNY - Full Fare,1.0,0.0
2022-05-31T05:00:00.000,subway,13,"28 St (R,W)",Manhattan,metrocard,Metrocard - Unlimited 7-Day,2.0,0.0
2022-05-31T17:00:00.000,subway,333,"Wall St (2,3)",Manhattan,metrocard,Metrocard - Fair Fare,24.0,0.0
2022-05-31T05:00:00.000,subway,601,"14 St (F,M,1,2,3)/6 Av (L)",Manhattan,metrocard,Metrocard - Fair Fare,3.0,1.0
2022-05-31T18:00:00.000,subway,157,"96 St (C,B)",Manhattan,omny,OMNY - Full Fare,187.0,20.0
2022-05-31T17:00:00.000,subway,16,"8 St-NYU (R,W)",Manhattan,metrocard,Metrocard - Unlimited 7-Day,64.0,0.0
2022-05-31T00:00:00.000,subway,151,"145 St (A,C,B,D)",Manhattan,metrocard,Metrocard - Full Fare,10.0,0.0
2022-05-31T15:00:00.000,subway,160,"72 St (C,B)",Manhattan,metrocard,Metrocard - Fair Fare,17.0,1.0
2022-05-31T08:00:00.000,subway,146,181 St (A),Manhattan,omny,OMNY - Full Fare,329.0,7.0
2022-05-31T19:00:00.000,subway,158,"86 St (C,B)",Manhattan,metrocard,Metrocard - Fair Fare,10.0,0.0
2022-05-31T03:00:00.000,subway,152,"135 St (C,B)",Manhattan,metrocard,Metrocard - Full Fare,1.0,0.0
2022-05-31T20:00:00.000,subway,162,"50 St (C,E)",Manhattan,metrocard,Metrocard - Full Fare,117.0,1.0
2022-05-31T07:00:00.000,subway,144,Dyckman St (A),Manhattan,omny,OMNY - Full Fare,115.0,0.0
2022-05-31T23:00:00.000,subway,159,"81 St-Museum of Natural History (C,B)",Manhattan,metrocard,Metrocard - Fair Fare,5.0,0.0
2022-05-31T12:00:00.000,subway,609,"Bryant Pk (B,D,F,M)/5 Av (7)",Manhattan,metrocard,Metrocard - Full Fare,274.0,2.0
2022-05-31T16:00:00.000,subway,147,175 St (A),Manhattan,metrocard,Metrocard - Unlimited 30-Day,52.0,0.0
2022-05-31T19:00:00.000,subway,602,"14 St-Union Sq (L,N,Q,R,W,4,5,6)",Manhattan,metrocard,Metrocard - Unlimited 7-Day,384.0,0.0
2022-05-31T23:00:00.000,subway,605,"168 St (A,C,1)",Manhattan,metrocard,Metrocard - Fair Fare,9.0,0.0
2022-05-31T05:00:00.000,subway,150,155 St (C),Manhattan,metrocard,Metrocard - Other,2.0,0.0
2022-05-31T11:00:00.000,subway,602,"14 St-Union Sq (L,N,Q,R,W,4,5,6)",Manhattan,metrocard,Metrocard - Unlimited 30-Day,190.0,0.0
2022-05-31T15:00:00.000,subway,152,"135 St (C,B)",Manhattan,metrocard,Metrocard - Seniors & Disability,8.0,0.0
2022-05-31T06:00:00.000,subway,328,WTC Cortlandt (1),Manhattan,metrocard,Metrocard - Other,15.0,0.0
2022-05-31T03:00:00.000,subway,150,155 St (C),Manhattan,metrocard,Metrocard - Full Fare,5.0,0.0
2022-05-31T19:00:00.000,subway,407,Astor Pl (6),Manhattan,metrocard,Metrocard - Fair Fare,14.0,1.0
2022-05-31T00:00:00.000,subway,150,155 St (C),Manhattan,metrocard,Metrocard - Full Fare,1.0,0.0
2022-05-31T08:00:00.000,subway,156,"103 St (C,B)",Manhattan,metrocard,Metrocard - Seniors & Disability,11.0,0.0
2022-05-31T14:00:00.000,subway,154,"116 St (C,B)",Manhattan,metrocard,Metrocard - Unlimited 30-Day,40.0,0.0
2022-05-31T21:00:00.000,subway,159,"81 St-Museum of Natural History (C,B)",Manhattan,metrocard,Metrocard - Full Fare,36.0,4.0
2022-05-31T19:00:00.000,subway,147,175 St (A),Manhattan,metrocard,Metrocard - Other,2.0,0.0
2022-05-31T09:00:00.000,subway,144,Dyckman St (A),Manhattan,metrocard,Metrocard - Full Fare,57.0,2.0
2022-05-31T09:00:00.000,subway,158,"86 St (C,B)",Manhattan,metrocard,Metrocard - Seniors & Disability,23.0,4.0
2022-05-31T19:00:00.000,subway,146,181 St (A),Manhattan,metrocard,Metrocard - Fair Fare,2.0,0.0
2022-05-31T14:00:00.000,subway,151,"145 St (A,C,B,D)",Manhattan,metrocard,Metrocard - Fair Fare,50.0,1.0
2022-05-31T22:00:00.000,subway,9,"57 St-7 Av (N,Q,R,W)",Manhattan,metrocard,Metrocard - Other,28.0,0.0
2022-05-31T17:00:00.000,subway,333,"Wall St (2,3)",Manhattan,omny,OMNY - Other,1.0,0.0
2022-05-31T07:00:00.000,subway,145,190 St (A),Manhattan,metrocard,Metrocard - Unlimited 30-Day,67.0,0.0
2022-05-31T00:00:00.000,subway,327,"Chambers St (1,2,3)",Manhattan,metrocard,Metrocard - Unlimited 30-Day,7.0,0.0
2022-05-31T08:00:00.000,subway,333,"Wall St (2,3)",Manhattan,metrocard,Metrocard - Unlimited 30-Day,74.0,0.0
2022-05-31T22:00:00.000,subway,157,"96 St (C,B)",Manhattan,metrocard,Metrocard - Fair Fare,3.0,0.0
2022-05-31T09:00:00.000,subway,150,155 St (C),Manhattan,omny,OMNY - Full Fare,27.0,0.0
2022-05-31T07:00:00.000,subway,16,"8 St-NYU (R,W)",Manhattan,metrocard,Metrocard - Other,12.0,0.0
2022-05-31T00:00:00.000,subway,328,WTC Cortlandt (1),Manhattan,metrocard,Metrocard - Full Fare,4.0,0.0
2022-05-31T16:00:00.000,subway,609,"Bryant Pk (B,D,F,M)/5 Av (7)",Manhattan,metrocard,Metrocard - Fair Fare,72.0,0.0
2022-05-31T13:00:00.000,subway,153,"125 St (A,C,B,D)",Manhattan,omny,OMNY - Full Fare,186.0,4.0
2022-05-31T20:00:00.000,subway,150,155 St (C),Manhattan,metrocard,Metrocard - Seniors & Disability,1.0,0.0
2022-05-31T10:00:00.000,subway,152,"135 St (C,B)",Manhattan,metrocard,Metrocard - Unlimited 7-Day,17.0,0.0
2022-05-31T23:00:00.000,subway,154,"116 St (C,B)",Manhattan,metrocard,Metrocard - Full Fare,4.0,1.0
2022-05-31T21:00:00.000,subway,605,"168 St (A,C,1)",Manhattan,omny,OMNY - Full Fare,73.0,1.0
2022-05-31T15:00:00.000,subway,605,"168 St (A,C,1)",Manhattan,metrocard,Metrocard - Students,67.0,0.0
2022-05-31T20:00:00.000,subway,147,175 St (A),Manhattan,metrocard,Metrocard - Students,4.0,1.0
2022-05-31T21:00:00.000,subway,159,"81 St-Museum of Natural History (C,B)",Manhattan,metrocard,Metrocard - Seniors & Disability,5.0,0.0
2022-05-31T14:00:00.000,subway,160,"72 St (C,B)",Manhattan,omny,OMNY - Full Fare,123.0,4.0
2022-05-31T13:00:00.000,subway,607,"34 St-Herald Sq (B,D,F,M,N,Q,R,W)",Manhattan,metrocard,Metrocard - Full Fare,780.0,8.0
2022-05-31T18:00:00.000,subway,155,"Cathedral Pkwy (110 St) (C,B)",Manhattan,metrocard,Metrocard - Seniors & Disability,10.0,1.0
2022-05-31T21:00:00.000,subway,16,"8 St-NYU (R,W)",Manhattan,metrocard,Metrocard - Unlimited 30-Day,54.0,0.0
2022-05-31T12:00:00.000,subway,162,"50 St (C,E)",Manhattan,omny,OMNY - Full Fare,137.0,2.0
2022-05-31T09:00:00.000,subway,329,Rector St (1),Manhattan,omny,OMNY - Full Fare,135.0,16.0
2022-05-31T14:00:00.000,subway,601,"14 St (F,M,1,2,3)/6 Av (L)",Manhattan,metrocard,Metrocard - Unlimited 30-Day,189.0,0.0
2022-05-31T10:00:00.000,subway,159,"81 St-Museum of Natural History (C,B)",Manhattan,metrocard,Metrocard - Fair Fare,1.0,0.0
2022-05-31T00:00:00.000,subway,146,181 St (A),Manhattan,omny,OMNY - Full Fare,2.0,0.0
2022-05-31T06:00:00.000,subway,147,175 St (A),Manhattan,omny,OMNY - Full Fare,115.0,2.0
2022-05-31T21:00:00.000,subway,16,"8 St-NYU (R,W)",Manhattan,omny,OMNY - Other,2.0,0.0
2022-05-31T11:00:00.000,subway,413,"Wall St (4,5)",Manhattan,metrocard,Metrocard - Students,6.0,0.0
2022-05-31T21:00:00.000,subway,328,WTC Cortlandt (1),Manhattan,metrocard,Metrocard - Unlimited 7-Day,24.0,0.0
2022-05-31T14:00:00.000,subway,409,Spring St (6),Manhattan,metrocard,Metrocard - Students,24.0,0.0
2022-05-31T21:00:00.000,subway,153,"125 St (A,C,B,D)",Manhattan,metrocard,Metrocard - Other,29.0,0.0
2022-05-31T20:00:00.000,subway,405,23 St (6),Manhattan,metrocard,Metrocard - Full Fare,113.0,2.0
2022-05-31T18:00:00.000,subway,146,181 St (A),Manhattan,metrocard,Metrocard - Unlimited 7-Day,26.0,0.0
2022-05-31T21:00:00.000,subway,327,"Chambers St (1,2,3)",Manhattan,metrocard,Metrocard - Students,1.0,0.0
2022-05-31T06:00:00.000,subway,601,"14 St (F,M,1,2,3)/6 Av (L)",Manhattan,metrocard,Metrocard - Full Fare,92.0,7.0
2022-05-31T22:00:00.000,subway,601,"14 St (F,M,1,2,3)/6 Av (L)",Manhattan,omny,OMNY - Full Fare,368.0,3.0
2022-05-31T09:00:00.000,subway,146,181 St (A),Manhattan,metrocard,Metrocard - Other,30.0,0.0
2022-05-31T20:00:00.000,subway,147,175 St (A),Manhattan,metrocard,Metrocard - Unlimited 7-Day,17.0,0.0
2022-05-31T02:00:00.000,subway,144,Dyckman St (A),Manhattan,metrocard,Metrocard - Unlimited 7-Day,1.0,0.0
2022-05-31T00:00:00.000,subway,144,Dyckman St (A),Manhattan,metrocard,Metrocard - Seniors & Disability,1.0,0.0
2022-05-31T07:00:00.000,subway,407,Astor Pl (6),Manhattan,metrocard,Metrocard - Other,15.0,0.0
2022-05-31T16:00:00.000,subway,143,Inwood-207 St (A),Manhattan,metrocard,Metrocard - Seniors & Disability,21.0,4.0
2022-05-31T04:00:00.000,subway,605,"168 St (A,C,1)",Manhattan,metrocard,Metrocard - Full Fare,12.0,0.0
2022-05-31T13:00:00.000,subway,333,"Wall St (2,3)",Manhattan,omny,OMNY - Full Fare,134.0,0.0
2022-05-31T09:00:00.000,subway,9,"57 St-7 Av (N,Q,R,W)",Manhattan,metrocard,Metrocard - Other,37.0,0.0
2022-05-31T16:00:00.000,subway,329,Rector St (1),Manhattan,omny,OMNY - Other,1.0,0.0
2022-05-31T21:00:00.000,subway,14,"23 St (R,W)",Manhattan,metrocard,Metrocard - Full Fare,66.0,1.0
2022-05-31T04:00:00.000,subway,154,"116 St (C,B)",Manhattan,metrocard,Metrocard - Full Fare,2.0,0.0
2022-05-31T19:00:00.000,subway,329,Rector St (1),Manhattan,metrocard,Metrocard - Unlimited 30-Day,6.0,0.0
2022-05-31T16:00:00.000,subway,153,"125 St (A,C,B,D)",Manhattan,metrocard,Metrocard - Unlimited 7-Day,212.0,0.0
2022-05-31T18:00:00.000,subway,159,"81 St-Museum of Natural History (C,B)",Manhattan,metrocard,Metrocard - Unlimited 30-Day,64.0,0.0
2022-05-31T16:00:00.000,subway,409,Spring St (6),Manhattan,metrocard,Metrocard - Seniors & Disability,16.0,0.0
2022-05-31T17:00:00.000,subway,145,190 St (A),Manhattan,metrocard,Metrocard - Fair Fare,9.0,0.0
2022-05-31T15:00:00.000,subway,145,190 St (A),Manhattan,metrocard,Metrocard - Students,3.0,0.0
2022-05-31T20:00:00.000,subway,329,Rector St (1),Manhattan,metrocard,Metrocard - Other,7.0,0.0
2022-05-31T21:00:00.000,subway,405,23 St (6),Manhattan,metrocard,Metrocard - Seniors & Disability,10.0,0.0
2022-05-31T19:00:00.000,subway,14,"23 St (R,W)",Manhattan,metrocard,Metrocard - Fair Fare,16.0,1.0
2022-05-31T13:00:00.000,subway,150,155 St (C),Manhattan,metrocard,Metrocard - Full Fare,13.0,0.0
2022-05-31T14:00:00.000,subway,9,"57 St-7 Av (N,Q,R,W)",Manhattan,metrocard,Metrocard - Full Fare,287.0,12.0
2022-05-31T10:00:00.000,subway,602,"14 St-Union Sq (L,N,Q,R,W,4,5,6)",Manhattan,metrocard,Metrocard - Seniors & Disability,114.0,16.0
2022-05-31T22:00:00.000,subway,607,"34 St-Herald Sq (B,D,F,M,N,Q,R,W)",Manhattan,metrocard,Metrocard - Unlimited 7-Day,344.0,0.0
2022-05-31T23:00:00.000,subway,409,Spring St (6),Manhattan,metrocard,Metrocard - Full Fare,32.0,0.0
2022-05-31T15:00:00.000,subway,147,175 St (A),Manhattan,metrocard,Metrocard - Students,21.0,0.0
2022-05-31T08:00:00.000,subway,407,Astor Pl (6),Manhattan,metrocard,Metrocard - Full Fare,129.0,2.0
2022-05-31T16:00:00.000,subway,145,190 St (A),Manhattan,metrocard,Metrocard - Seniors & Disability,8.0,1.0
2022-05-31T08:00:00.000,subway,162,"50 St (C,E)",Manhattan,metrocard,Metrocard - Unlimited 7-Day,47.0,0.0
2022-05-31T16:00:00.000,subway,14,"23 St (R,W)",Manhattan,metrocard,Metrocard - Unlimited 7-Day,134.0,0.0
2022-05-31T13:00:00.000,subway,9,"57 St-7 Av (N,Q,R,W)",Manhattan,metrocard,Metrocard - Unlimited 7-Day,97.0,0.0
2022-05-31T07:00:00.000,subway,162,"50 St (C,E)",Manhattan,metrocard,Metrocard - Seniors & Disability,9.0,2.0
2022-05-31T16:00:00.000,subway,607,"34 St-Herald Sq (B,D,F,M,N,Q,R,W)",Manhattan,metrocard,Metrocard - Unlimited 30-Day,693.0,0.0
2022-05-31T21:00:00.000,subway,147,175 St (A),Manhattan,metrocard,Metrocard - Fair Fare,6.0,1.0
2022-05-31T05:00:00.000,subway,144,Dyckman St (A),Manhattan,metrocard,Metrocard - Fair Fare,5.0,0.0
2022-05-31T02:00:00.000,subway,607,"34 St-Herald Sq (B,D,F,M,N,Q,R,W)",Manhattan,metrocard,Metrocard - Other,5.0,0.0
2022-05-31T09:00:00.000,subway,146,181 St (A),Manhattan,metrocard,Metrocard - Full Fare,107.0,0.0
2022-05-31T19:00:00.000,subway,159,"81 St-Museum of Natural History (C,B)",Manhattan,metrocard,Metrocard - Unlimited 7-Day,40.0,0.0
2022-05-31T20:00:00.000,subway,147,175 St (A),Manhattan,metrocard,Metrocard - Other,5.0,0.0
2022-05-31T08:00:00.000,subway,158,"86 St (C,B)",Manhattan,metrocard,Metrocard - Students,41.0,4.0
2022-05-31T17:00:00.000,subway,601,"14 St (F,M,1,2,3)/6 Av (L)",Manhattan,omny,OMNY - Full Fare,1036.0,9.0
2022-05-31T10:00:00.000,subway,602,"14 St-Union Sq (L,N,Q,R,W,4,5,6)",Manhattan,metrocard,Metrocard - Full Fare,325.0,19.0
2022-05-31T11:00:00.000,subway,155,"Cathedral Pkwy (110 St) (C,B)",Manhattan,metrocard,Metrocard - Unlimited 7-Day,33.0,0.0
2022-05-31T04:00:00.000,subway,146,181 St (A),Manhattan,metrocard,Metrocard - Seniors & Disability,2.0,0.0
2022-05-31T09:00:00.000,subway,13,"28 St (R,W)",Manhattan,metrocard,Metrocard - Unlimited 7-Day,51.0,0.0
2022-05-31T02:00:00.000,subway,160,"72 St (C,B)",Manhattan,metrocard,Metrocard - Unlimited 30-Day,1.0,0.0
2022-05-31T06:00:00.000,subway,150,155 St (C),Manhattan,metrocard,Metrocard - Full Fare,30.0,4.0
2022-05-31T06:00:00.000,subway,147,175 St (A),Manhattan,metrocard,Metrocard - Unlimited 30-Day,67.0,0.0
2022-05-31T07:00:00.000,subway,328,WTC Cortlandt (1),Manhattan,metrocard,Metrocard - Seniors & Disability,9.0,0.0
2022-05-31T21:00:00.000,subway,154,"116 St (C,B)",Manhattan,omny,OMNY - Full Fare,36.0,0.0
2022-05-31T21:00:00.000,subway,152,"135 St (C,B)",Manhattan,omny,OMNY - Full Fare,15.0,2.0
2022-05-31T15:00:00.000,subway,607,"34 St-Herald Sq (B,D,F,M,N,Q,R,W)",Manhattan,metrocard,Metrocard - Seniors & Disability,180.0,8.0
2022-05-31T00:00:00.000,subway,407,Astor Pl (6),Manhattan,metrocard,Metrocard - Fair Fare,3.0,0.0
2022-05-31T06:00:00.000,subway,414,"Bowling Green (4,5)",Manhattan,metrocard,Metrocard - Seniors & Disability,23.0,18.0
2022-05-31T13:00:00.000,subway,143,Inwood-207 St (A),Manhattan,metrocard,Metrocard - Students,7.0,1.0
2022-05-31T05:00:00.000,subway,328,WTC Cortlandt (1),Manhattan,metrocard,Metrocard - Full Fare,33.0,0.0
2022-05-31T07:00:00.000,subway,149,163 St-Amsterdam Av (C),Manhattan,metrocard,Metrocard - Other,4.0,0.0
2022-05-31T06:00:00.000,subway,153,"125 St (A,C,B,D)",Manhattan,metrocard,Metrocard - Students,30.0,4.0
2022-05-31T18:00:00.000,subway,14,"23 St (R,W)",Manhattan,metrocard,Metrocard - Fair Fare,14.0,0.0
2022-05-31T07:00:00.000,subway,151,"145 St (A,C,B,D)",Manhattan,metrocard,Metrocard - Unlimited 7-Day,198.0,0.0
2022-05-31T01:00:00.000,subway,333,"Wall St (2,3)",Manhattan,metrocard,Metrocard - Unlimited 7-Day,3.0,0.0
2022-05-31T00:00:00.000,subway,154,"116 St (C,B)",Manhattan,metrocard,Metrocard - Unlimited 7-Day,5.0,0.0
2022-05-31T11:00:00.000,subway,609,"Bryant Pk (B,D,F,M)/5 Av (7)",Manhattan,metrocard,Metrocard - Fair Fare,14.0,0.0
2022-05-31T10:00:00.000,subway,413,"Wall St (4,5)",Manhattan,omny,OMNY - Full Fare,117.0,5.0
2022-05-31T13:00:00.000,subway,157,"96 St (C,B)",Manhattan,metrocard,Metrocard - Fair Fare,8.0,0.0
2022-05-31T04:00:00.000,subway,329,Rector St (1),Manhattan,omny,OMNY - Full Fare,1.0,0.0
2022-05-31T07:00:00.000,subway,151,"145 St (A,C,B,D)",Manhattan,metrocard,Metrocard - Fair Fare,76.0,2.0
2022-05-31T12:00:00.000,subway,409,Spring St (6),Manhattan,metrocard,Metrocard - Unlimited 30-Day,30.0,0.0
2022-05-31T18:00:00.000,subway,14,"23 St (R,W)",Manhattan,omny,OMNY - Other,1.0,0.0
2022-05-31T18:00:00.000,subway,157,"96 St (C,B)",Manhattan,omny,OMNY - Seniors & Disability,1.0,0.0
2022-05-31T08:00:00.000,subway,153,"125 St (A,C,B,D)",Manhattan,metrocard,Metrocard - Unlimited 30-Day,258.0,0.0
2022-05-31T19:00:00.000,subway,149,163 St-Amsterdam Av (C),Manhattan,metrocard,Metrocard - Fair Fare,1.0,0.0
2022-05-31T06:00:00.000,subway,145,190 St (A),Manhattan,omny,OMNY - Full Fare,38.0,0.0
2022-05-31T07:00:00.000,subway,609,"Bryant Pk (B,D,F,M)/5 Av (7)",Manhattan,metrocard,Metrocard - Full Fare,80.0,15.0
2022-05-31T10:00:00.000,subway,605,"168 St (A,C,1)",Manhattan,metrocard,Metrocard - Students,23.0,1.0
2022-05-31T15:00:00.000,subway,156,"103 St (C,B)",Manhattan,metrocard,Metrocard - Other,6.0,0.0
2022-05-31T07:00:00.000,subway,605,"168 St (A,C,1)",Manhattan,metrocard,Metrocard - Seniors & Disability,27.0,1.0
2022-05-31T09:00:00.000,subway,157,"96 St (C,B)",Manhattan,metrocard,Metrocard - Seniors & Disability,32.0,4.0
2022-05-31T15:00:00.000,subway,155,"Cathedral Pkwy (110 St) (C,B)",Manhattan,omny,OMNY - Full Fare,112.0,5.0
2022-05-31T18:00:00.000,subway,601,"14 St (F,M,1,2,3)/6 Av (L)",Manhattan,metrocard,Metrocard - Unlimited 7-Day,194.0,0.0
2022-05-31T01:00:00.000,subway,602,"14 St-Union Sq (L,N,Q,R,W,4,5,6)",Manhattan,metrocard,Metrocard - Other,4.0,0.0
2022-05-31T14:00:00.000,subway,414,"Bowling Green (4,5)",Manhattan,metrocard,Metrocard - Other,122.0,2.0
2022-05-31T17:00:00.000,subway,405,23 St (6),Manhattan,metrocard,Metrocard - Unlimited 7-Day,155.0,0.0
2022-05-31T19:00:00.000,subway,409,Spring St (6),Manhattan,metrocard,Metrocard - Fair Fare,9.0,0.0
2022-05-31T06:00:00.000,subway,329,Rector St (1),Manhattan,metrocard,Metrocard - Seniors & Disability,2.0,1.0
2022-05-31T13:00:00.000,subway,601,"14 St (F,M,1,2,3)/6 Av (L)",Manhattan,metrocard,Metrocard - Fair Fare,36.0,1.0
2022-05-31T15:00:00.000,subway,409,Spring St (6),Manhattan,omny,OMNY - Full Fare,202.0,1.0
2022-05-31T14:00:00.000,subway,407,Astor Pl (6),Manhattan,metrocard,Metrocard - Unlimited 30-Day,63.0,0.0
2022-05-31T09:00:00.000,subway,329,Rector St (1),Manhattan,metrocard,Metrocard - Unlimited 30-Day,15.0,0.0
2022-05-31T14:00:00.000,subway,151,"145 St (A,C,B,D)",Manhattan,omny,OMNY - Full Fare,172.0,0.0
2022-05-31T21:00:00.000,subway,153,"125 St (A,C,B,D)",Manhattan,metrocard,Metrocard - Unlimited 30-Day,52.0,0.0
2022-05-31T03:00:00.000,subway,144,Dyckman St (A),Manhattan,metrocard,Metrocard - Full Fare,2.0,0.0
2022-05-31T18:00:00.000,subway,158,"86 St (C,B)",Manhattan,metrocard,Metrocard - Full Fare,147.0,24.0
2022-05-31T12:00:00.000,subway,146,181 St (A),Manhattan,metrocard,Metrocard - Students,6.0,0.0
2022-05-31T21:00:00.000,subway,414,"Bowling Green (4,5)",Manhattan,metrocard,Metrocard - Seniors & Disability,6.0,2.0
2022-05-31T20:00:00.000,subway,607,"34 St-Herald Sq (B,D,F,M,N,Q,R,W)",Manhattan,omny,OMNY - Full Fare,1180.0,9.0
2022-05-31T10:00:00.000,subway,160,"72 St (C,B)",Manhattan,metrocard,Metrocard - Seniors & Disability,17.0,0.0
2022-05-31T21:00:00.000,subway,607,"34 St-Herald Sq (B,D,F,M,N,Q,R,W)",Manhattan,metrocard,Metrocard - Other,108.0,1.0
2022-05-31T12:00:00.000,subway,145,190 St (A),Manhattan,metrocard,Metrocard - Unlimited 7-Day,19.0,0.0
2022-05-31T12:00:00.000,subway,145,190 St (A),Manhattan,omny,OMNY - Full Fare,25.0,0.0
2022-05-31T10:00:00.000,subway,333,"Wall St (2,3)",Manhattan,metrocard,Metrocard - Students,4.0,0.0
2022-05-31T09:00:00.000,subway,158,"86 St (C,B)",Manhattan,metrocard,Metrocard - Other,20.0,2.0
2022-05-31T11:00:00.000,subway,602,"14 St-Union Sq (L,N,Q,R,W,4,5,6)",Manhattan,metrocard,Metrocard - Students,75.0,0.0
2022-05-31T20:00:00.000,subway,327,"Chambers St (1,2,3)",Manhattan,metrocard,Metrocard - Full Fare,113.0,1.0
2022-05-31T16:00:00.000,subway,143,Inwood-207 St (A),Manhattan,metrocard,Metrocard - Fair Fare,10.0,2.0
2022-05-31T19:00:00.000,subway,162,"50 St (C,E)",Manhattan,metrocard,Metrocard - Seniors & Disability,9.0,0.0
2022-05-31T16:00:00.000,subway,14,"23 St (R,W)",Manhattan,metrocard,Metrocard - Full Fare,317.0,5.0
2022-05-31T20:00:00.000,subway,145,190 St (A),Manhattan,metrocard,Metrocard - Students,1.0,0.0
2022-05-31T09:00:00.000,subway,152,"135 St (C,B)",Manhattan,metrocard,Metrocard - Full Fare,46.0,2.0
2022-05-31T07:00:00.000,subway,146,181 St (A),Manhattan,metrocard,Metrocard - Unlimited 7-Day,84.0,0.0
2022-05-31T17:00:00.000,subway,145,190 St (A),Manhattan,metrocard,Metrocard - Seniors & Disability,2.0,0.0
2022-05-31T20:00:00.000,subway,602,"14 St-Union Sq (L,N,Q,R,W,4,5,6)",Manhattan,omny,OMNY - Full Fare,1244.0,4.0
2022-05-31T17:00:00.000,subway,144,Dyckman St (A),Manhattan,metrocard,Metrocard - Fair Fare,9.0,0.0
2022-05-31T23:00:00.000,subway,158,"86 St (C,B)",Manhattan,metrocard,Metrocard - Seniors & Disability,2.0,0.0
2022-05-31T07:00:00.000,subway,154,"116 St (C,B)",Manhattan,metrocard,Metrocard - Full Fare,70.0,3.0
2022-05-31T10:00:00.000,subway,609,"Bryant Pk (B,D,F,M)/5 Av (7)",Manhattan,metrocard,Metrocard - Other,21.0,0.0
2022-05-31T00:00:00.000,subway,13,"28 St (R,W)",Manhattan,metrocard,Metrocard - Unlimited 30-Day,6.0,0.0
2022-05-31T04:00:00.000,subway,153,"125 St (A,C,B,D)",Manhattan,metrocard,Metrocard - Other,17.0,0.0
2022-05-31T07:00:00.000,subway,147,175 St (A),Manhattan,omny,OMNY - Full Fare,208.0,0.0
2022-05-31T02:00:00.000,subway,149,163 St-Amsterdam Av (C),Manhattan,omny,OMNY - Full Fare,1.0,0.0
2022-05-31T18:00:00.000,subway,150,155 St (C),Manhattan,metrocard,Metrocard - Unlimited 30-Day,10.0,0.0
2022-05-31T18:00:00.000,subway,159,"81 St-Museum of Natural History (C,B)",Manhattan,metrocard,Metrocard - Other,29.0,3.0
2022-05-31T12:00:00.000,subway,155,"Cathedral Pkwy (110 St) (C,B)",Manhattan,metrocard,Metrocard - Students,4.0,1.0
2022-05-31T06:00:00.000,subway,149,163 St-Amsterdam Av (C),Manhattan,metrocard,Metrocard - Other,5.0,0.0
2022-05-31T11:00:00.000,subway,602,"14 St-Union Sq (L,N,Q,R,W,4,5,6)",Manhattan,metrocard,Metrocard - Fair Fare,47.0,4.0
2022-05-31T03:00:00.000,subway,9,"57 St-7 Av (N,Q,R,W)",Manhattan,metrocard,Metrocard - Fair Fare,1.0,0.0
2022-05-31T09:00:00.000,subway,607,"34 St-Herald Sq (B,D,F,M,N,Q,R,W)",Manhattan,metrocard,Metrocard - Other,140.0,4.0
2022-05-31T11:00:00.000,subway,143,Inwood-207 St (A),Manhattan,metrocard,Metrocard - Full Fare,55.0,8.0
2022-05-31T17:00:00.000,subway,152,"135 St (C,B)",Manhattan,metrocard,Metrocard - Unlimited 30-Day,26.0,0.0
2022-05-31T08:00:00.000,subway,405,23 St (6),Manhattan,omny,OMNY - Full Fare,511.0,20.0
2022-05-31T06:00:00.000,subway,407,Astor Pl (6),Manhattan,metrocard,Metrocard - Students,2.0,0.0
2022-05-31T03:00:00.000,subway,143,Inwood-207 St (A),Manhattan,metrocard,Metrocard - Unlimited 30-Day,1.0,0.0
2022-05-31T13:00:00.000,subway,144,Dyckman St (A),Manhattan,metrocard,Metrocard - Seniors & Disability,15.0,0.0
2022-05-31T12:00:00.000,subway,147,175 St (A),Manhattan,metrocard,Metrocard - Seniors & Disability,29.0,1.0
2022-05-31T09:00:00.000,subway,333,"Wall St (2,3)",Manhattan,metrocard,Metrocard - Unlimited 7-Day,42.0,0.0
2022-05-31T08:00:00.000,subway,154,"116 St (C,B)",Manhattan,metrocard,Metrocard - Fair Fare,25.0,0.0
2022-05-31T09:00:00.000,subway,9,"57 St-7 Av (N,Q,R,W)",Manhattan,metrocard,Metrocard - Seniors & Disability,34.0,6.0
2022-05-31T06:00:00.000,subway,409,Spring St (6),Manhattan,metrocard,Metrocard - Full Fare,11.0,0.0
2022-05-31T20:00:00.000,subway,602,"14 St-Union Sq (L,N,Q,R,W,4,5,6)",Manhattan,metrocard,Metrocard - Unlimited 30-Day,448.0,0.0
2022-05-31T02:00:00.000,subway,329,Rector St (1),Manhattan,metrocard,Metrocard - Other,1.0,0.0
2022-05-31T18:00:00.000,subway,607,"34 St-Herald Sq (B,D,F,M,N,Q,R,W)",Manhattan,metrocard,Metrocard - Unlimited 7-Day,643.0,0.0
2022-05-31T10:00:00.000,subway,328,WTC Cortlandt (1),Manhattan,metrocard,Metrocard - Students,4.0,0.0
2022-05-31T10:00:00.000,subway,155,"Cathedral Pkwy (110 St) (C,B)",Manhattan,omny,OMNY - Full Fare,91.0,4.0
2022-05-31T16:00:00.000,subway,143,Inwood-207 St (A),Manhattan,metrocard,Metrocard - Unlimited 7-Day,31.0,0.0
2022-05-31T14:00:00.000,subway,150,155 St (C),Manhattan,metrocard,Metrocard - Students,4.0,1.0
2022-05-31T07:00:00.000,subway,143,Inwood-207 St (A),Manhattan,omny,OMNY - Full Fare,137.0,19.0
2022-05-31T09:00:00.000,subway,605,"168 St (A,C,1)",Manhattan,metrocard,Metrocard - Students,46.0,0.0
2022-05-31T11:00:00.000,subway,14,"23 St (R,W)",Manhattan,metrocard,Metrocard - Unlimited 7-Day,61.0,0.0
2022-05-31T21:00:00.000,subway,145,190 St (A),Manhattan,metrocard,Metrocard - Full Fare,9.0,0.0
2022-05-31T10:00:00.000,subway,414,"Bowling Green (4,5)",Manhattan,metrocard,Metrocard - Unlimited 7-Day,61.0,0.0
2022-05-31T09:00:00.000,subway,405,23 St (6),Manhattan,metrocard,Metrocard - Unlimited 30-Day,61.0,0.0
2022-05-31T10:00:00.000,subway,151,"145 St (A,C,B,D)",Manhattan,metrocard,Metrocard - Seniors & Disability,16.0,0.0
2022-05-31T19:00:00.000,subway,146,181 St (A),Manhattan,omny,OMNY - Full Fare,43.0,1.0
2022-05-31T08:00:00.000,subway,9,"57 St-7 Av (N,Q,R,W)",Manhattan,omny,OMNY - Full Fare,282.0,17.0
2022-05-31T15:00:00.000,subway,162,"50 St (C,E)",Manhattan,metrocard,Metrocard - Other,42.0,1.0
2022-05-31T22:00:00.000,subway,413,"Wall St (4,5)",Manhattan,metrocard,Metrocard - Unlimited 30-Day,33.0,0.0
2022-05-31T07:00:00.000,subway,9,"57 St-7 Av (N,Q,R,W)",Manhattan,metrocard,Metrocard - Seniors & Disability,14.0,4.0
2022-05-31T02:00:00.000,subway,16,"8 St-NYU (R,W)",Manhattan,metrocard,Metrocard - Unlimited 30-Day,2.0,0.0
2022-05-31T20:00:00.000,subway,601,"14 St (F,M,1,2,3)/6 Av (L)",Manhattan,metrocard,Metrocard - Students,13.0,1.0
2022-05-31T23:00:00.000,subway,147,175 St (A),Manhattan,omny,OMNY - Full Fare,9.0,0.0
2022-05-31T04:00:00.000,subway,143,Inwood-207 St (A),Manhattan,metrocard,Metrocard - Other,2.0,0.0
2022-05-31T04:00:00.000,subway,152,"135 St (C,B)",Manhattan,metrocard,Metrocard - Full Fare,2.0,0.0
2022-05-31T06:00:00.000,subway,144,Dyckman St (A),Manhattan,omny,OMNY - Full Fare,69.0,0.0
2022-05-31T12:00:00.000,subway,159,"81 St-Museum of Natural History (C,B)",Manhattan,metrocard,Metrocard - Seniors & Disability,14.0,5.0
2022-05-31T09:00:00.000,subway,153,"125 St (A,C,B,D)",Manhattan,metrocard,Metrocard - Fair Fare,70.0,7.0
2022-05-31T22:00:00.000,subway,158,"86 St (C,B)",Manhattan,metrocard,Metrocard - Fair Fare,3.0,0.0
2022-05-31T06:00:00.000,subway,147,175 St (A),Manhattan,metrocard,Metrocard - Seniors & Disability,17.0,2.0
2022-05-31T04:00:00.000,subway,147,175 St (A),Manhattan,metrocard,Metrocard - Other,2.0,0.0
2022-05-31T18:00:00.000,subway,328,WTC Cortlandt (1),Manhattan,metrocard,Metrocard - Seniors & Disability,10.0,0.0
2022-05-31T10:00:00.000,subway,601,"14 St (F,M,1,2,3)/6 Av (L)",Manhattan,metrocard,Metrocard - Other,25.0,2.0
2022-05-31T02:00:00.000,subway,13,"28 St (R,W)",Manhattan,metrocard,Metrocard - Full Fare,1.0,0.0
2022-05-31T08:00:00.000,subway,144,Dyckman St (A),Manhattan,metrocard,Metrocard - Students,60.0,1.0
2022-05-31T12:00:00.000,subway,407,Astor Pl (6),Manhattan,metrocard,Metrocard - Other,7.0,0.0
2022-05-31T07:00:00.000,subway,143,Inwood-207 St (A),Manhattan,metrocard,Metrocard - Fair Fare,30.0,3.0
2022-05-31T21:00:00.000,subway,155,"Cathedral Pkwy (110 St) (C,B)",Manhattan,metrocard,Metrocard - Other,2.0,0.0
2022-05-31T08:00:00.000,subway,13,"28 St (R,W)",Manhattan,omny,OMNY - Full Fare,126.0,0.0
2022-05-31T02:00:00.000,subway,144,Dyckman St (A),Manhattan,metrocard,Metrocard - Fair Fare,2.0,0.0
2022-05-31T06:00:00.000,subway,607,"34 St-Herald Sq (B,D,F,M,N,Q,R,W)",Manhattan,metrocard,Metrocard - Full Fare,590.0,9.0
2022-05-31T07:00:00.000,subway,14,"23 St (R,W)",Manhattan,metrocard,Metrocard - Unlimited 30-Day,17.0,0.0
2022-05-31T10:00:00.000,subway,413,"Wall St (4,5)",Manhattan,metrocard,Metrocard - Full Fare,66.0,2.0
2022-05-31T08:00:00.000,subway,158,"86 St (C,B)",Manhattan,metrocard,Metrocard - Seniors & Disability,27.0,1.0
2022-05-31T21:00:00.000,subway,154,"116 St (C,B)",Manhattan,metrocard,Metrocard - Seniors & Disability,2.0,0.0
2022-05-31T00:00:00.000,subway,328,WTC Cortlandt (1),Manhattan,metrocard,Metrocard - Unlimited 7-Day,4.0,0.0
2022-05-31T19:00:00.000,subway,16,"8 St-NYU (R,W)",Manhattan,metrocard,Metrocard - Full Fare,103.0,1.0
2022-05-31T05:00:00.000,subway,14,"23 St (R,W)",Manhattan,metrocard,Metrocard - Other,1.0,0.0
2022-05-31T16:00:00.000,subway,158,"86 St (C,B)",Manhattan,omny,OMNY - Full Fare,255.0,13.0
2022-05-31T10:00:00.000,subway,160,"72 St (C,B)",Manhattan,metrocard,Metrocard - Students,3.0,1.0
2022-05-31T11:00:00.000,subway,162,"50 St (C,E)",Manhattan,metrocard,Metrocard - Unlimited 30-Day,27.0,0.0
2022-05-31T18:00:00.000,subway,157,"96 St (C,B)",Manhattan,metrocard,Metrocard - Students,31.0,7.0
2022-05-31T22:00:00.000,subway,146,181 St (A),Manhattan,metrocard,Metrocard - Unlimited 30-Day,8.0,0.0
2022-05-31T19:00:00.000,subway,414,"Bowling Green (4,5)",Manhattan,metrocard,Metrocard - Students,13.0,0.0
2022-05-31T07:00:00.000,subway,413,"Wall St (4,5)",Manhattan,metrocard,Metrocard - Other,20.0,0.0
2022-05-31T17:00:00.000,subway,328,WTC Cortlandt (1),Manhattan,metrocard,Metrocard - Unlimited 30-Day,63.0,0.0
2022-05-31T00:00:00.000,subway,153,"125 St (A,C,B,D)",Manhattan,metrocard,Metrocard - Full Fare,14.0,2.0
2022-05-31T11:00:00.000,subway,159,"81 St-Museum of Natural History (C,B)",Manhattan,metrocard,Metrocard - Full Fare,66.0,6.0
2022-05-31T15:00:00.000,subway,14,"23 St (R,W)",Manhattan,metrocard,Metrocard - Other,31.0,0.0
2022-05-31T22:00:00.000,subway,156,"103 St (C,B)",Manhattan,metrocard,Metrocard - Unlimited 30-Day,1.0,0.0
2022-05-31T20:00:00.000,subway,409,Spring St (6),Manhattan,omny,OMNY - Full Fare,171.0,0.0
2022-05-31T16:00:00.000,subway,13,"28 St (R,W)",Manhattan,metrocard,Metrocard - Seniors & Disability,17.0,0.0
2022-05-31T04:00:00.000,subway,159,"81 St-Museum of Natural History (C,B)",Manhattan,omny,OMNY - Full Fare,1.0,0.0
2022-05-31T04:00:00.000,subway,160,"72 St (C,B)",Manhattan,omny,OMNY - Full Fare,1.0,0.0
2022-05-31T03:00:00.000,subway,151,"145 St (A,C,B,D)",Manhattan,metrocard,Metrocard - Full Fare,10.0,0.0
2022-05-31T17:00:00.000,subway,146,181 St (A),Manhattan,metrocard,Metrocard - Students,18.0,1.0
2022-05-31T17:00:00.000,subway,605,"168 St (A,C,1)",Manhattan,metrocard,Metrocard - Other,107.0,0.0
2022-05-31T17:00:00.000,subway,601,"14 St (F,M,1,2,3)/6 Av (L)",Manhattan,metrocard,Metrocard - Seniors & Disability,82.0,5.0
2022-05-31T19:00:00.000,subway,150,155 St (C),Manhattan,metrocard,Metrocard - Other,4.0,0.0
2022-05-31T21:00:00.000,subway,158,"86 St (C,B)",Manhattan,metrocard,Metrocard - Unlimited 7-Day,23.0,0.0
2022-05-31T17:00:00.000,subway,155,"Cathedral Pkwy (110 St) (C,B)",Manhattan,metrocard,Metrocard - Students,20.0,2.0
2022-05-31T01:00:00.000,subway,607,"34 St-Herald Sq (B,D,F,M,N,Q,R,W)",Manhattan,metrocard,Metrocard - Full Fare,32.0,0.0
2022-05-31T13:00:00.000,subway,156,"103 St (C,B)",Manhattan,metrocard,Metrocard - Students,3.0,0.0
2022-05-31T18:00:00.000,subway,602,"14 St-Union Sq (L,N,Q,R,W,4,5,6)",Manhattan,metrocard,Metrocard - Seniors & Disability,125.0,9.0
2022-05-31T01:00:00.000,subway,9,"57 St-7 Av (N,Q,R,W)",Manhattan,metrocard,Metrocard - Other,2.0,0.0
2022-05-31T04:00:00.000,subway,413,"Wall St (4,5)",Manhattan,metrocard,Metrocard - Fair Fare,1.0,0.0
2022-05-31T15:00:00.000,subway,16,"8 St-NYU (R,W)",Manhattan,omny,OMNY - Full Fare,259.0,2.0
2022-05-31T10:00:00.000,subway,329,Rector St (1),Manhattan,omny,OMNY - Full Fare,73.0,5.0
2022-05-31T16:00:00.000,subway,156,"103 St (C,B)",Manhattan,metrocard,Metrocard - Unlimited 7-Day,30.0,0.0
2022-05-31T11:00:00.000,subway,157,"96 St (C,B)",Manhattan,metrocard,Metrocard - Other,5.0,0.0
2022-05-31T08:00:00.000,subway,14,"23 St (R,W)",Manhattan,metrocard,Metrocard - Fair Fare,1.0,0.0
2022-05-31T16:00:00.000,subway,333,"Wall St (2,3)",Manhattan,metrocard,Metrocard - Students,36.0,0.0
2022-05-31T13:00:00.000,subway,156,"103 St (C,B)",Manhattan,metrocard,Metrocard - Seniors & Disability,17.0,0.0
2022-05-31T15:00:00.000,subway,329,Rector St (1),Manhattan,metrocard,Metrocard - Fair Fare,5.0,0.0
2022-05-31T15:00:00.000,subway,157,"96 St (C,B)",Manhattan,metrocard,Metrocard - Unlimited 30-Day,90.0,0.0
2022-05-31T02:00:00.000,subway,16,"8 St-NYU (R,W)",Manhattan,metrocard,Metrocard - Unlimited 7-Day,1.0,0.0
2022-05-31T14:00:00.000,subway,152,"135 St (C,B)",Manhattan,metrocard,Metrocard - Full Fare,54.0,5.0
2022-05-31T18:00:00.000,subway,151,"145 St (A,C,B,D)",Manhattan,metrocard,Metrocard - Full Fare,139.0,11.0
2022-05-31T16:00:00.000,subway,155,"Cathedral Pkwy (110 St) (C,B)",Manhattan,metrocard,Metrocard - Unlimited 7-Day,52.0,0.0
2022-05-31T01:00:00.000,subway,145,190 St (A),Manhattan,metrocard,Metrocard - Unlimited 30-Day,1.0,0.0
2022-05-31T20:00:00.000,subway,14,"23 St (R,W)",Manhattan,metrocard,Metrocard - Seniors & Disability,8.0,0.0
2022-05-31T10:00:00.000,subway,157,"96 St (C,B)",Manhattan,metrocard,Metrocard - Other,12.0,0.0
2022-05-31T15:00:00.000,subway,605,"168 St (A,C,1)",Manhattan,metrocard,Metrocard - Unlimited 7-Day,113.0,0.0
2022-05-31T11:00:00.000,subway,601,"14 St (F,M,1,2,3)/6 Av (L)",Manhattan,metrocard,Metrocard - Seniors & Disability,51.0,2.0
2022-05-31T16:00:00.000,subway,13,"28 St (R,W)",Manhattan,metrocard,Metrocard - Unlimited 7-Day,87.0,0.0
2022-05-31T23:00:00.000,subway,609,"Bryant Pk (B,D,F,M)/5 Av (7)",Manhattan,metrocard,Metrocard - Full Fare,155.0,1.0
2022-05-31T05:00:00.000,subway,156,"103 St (C,B)",Manhattan,metrocard,Metrocard - Unlimited 30-Day,7.0,0.0
2022-05-31T11:00:00.000,subway,607,"34 St-Herald Sq (B,D,F,M,N,Q,R,W)",Manhattan,omny,OMNY - Full Fare,718.0,4.0
2022-05-31T23:00:00.000,subway,145,190 St (A),Manhattan,metrocard,Metrocard - Unlimited 30-Day,4.0,0.0
2022-05-31T12:00:00.000,subway,602,"14 St-Union Sq (L,N,Q,R,W,4,5,6)",Manhattan,metrocard,Metrocard - Fair Fare,62.0,1.0
2022-05-31T09:00:00.000,subway,159,"81 St-Museum of Natural History (C,B)",Manhattan,metrocard,Metrocard - Unlimited 30-Day,39.0,0.0
2022-05-31T15:00:00.000,subway,157,"96 St (C,B)",Manhattan,omny,OMNY - Full Fare,171.0,25.0
2022-05-31T15:00:00.000,subway,16,"8 St-NYU (R,W)",Manhattan,metrocard,Metrocard - Unlimited 30-Day,57.0,0.0
2022-05-31T08:00:00.000,subway,149,163 St-Amsterdam Av (C),Manhattan,metrocard,Metrocard - Fair Fare,23.0,0.0
2022-05-31T23:00:00.000,subway,327,"Chambers St (1,2,3)",Manhattan,metrocard,Metrocard - Unlimited 7-Day,32.0,0.0
2022-05-31T20:00:00.000,subway,158,"86 St (C,B)",Manhattan,metrocard,Metrocard - Seniors & Disability,4.0,0.0
2022-05-31T14:00:00.000,subway,607,"34 St-Herald Sq (B,D,F,M,N,Q,R,W)",Manhattan,metrocard,Metrocard - Students,107.0,0.0
2022-05-31T10:00:00.000,subway,16,"8 St-NYU (R,W)",Manhattan,metrocard,Metrocard - Seniors & Disability,6.0,0.0
2022-05-31T04:00:00.000,subway,16,"8 St-NYU (R,W)",Manhattan,metrocard,Metrocard - Full Fare,3.0,0.0
2022-05-31T02:00:00.000,subway,152,"135 St (C,B)",Manhattan,omny,OMNY - Full Fare,1.0,0.0
2022-05-31T03:00:00.000,subway,149,163 St-Amsterdam Av (C),Manhattan,metrocard,Metrocard - Unlimited 7-Day,3.0,0.0
2022-05-31T20:00:00.000,subway,144,Dyckman St (A),Manhattan,metrocard,Metrocard - Unlimited 30-Day,7.0,0.0
2022-05-31T00:00:00.000,subway,14,"23 St (R,W)",Manhattan,metrocard,Metrocard - Fair Fare,2.0,1.0
2022-05-31T06:00:00.000,subway,151,"145 St (A,C,B,D)",Manhattan,metrocard,Metrocard - Unlimited 7-Day,135.0,0.0
2022-05-31T22:00:00.000,subway,9,"57 St-7 Av (N,Q,R,W)",Manhattan,metrocard,Metrocard - Fair Fare,13.0,0.0
2022-05-31T13:00:00.000,subway,149,163 St-Amsterdam Av (C),Manhattan,metrocard,Metrocard - Fair Fare,9.0,0.0
2022-05-31T09:00:00.000,subway,147,175 St (A),Manhattan,metrocard,Metrocard - Full Fare,154.0,5.0
2022-05-31T11:00:00.000,subway,152,"135 St (C,B)",Manhattan,metrocard,Metrocard - Unlimited 7-Day,16.0,0.0
2022-05-31T04:00:00.000,subway,156,"103 St (C,B)",Manhattan,metrocard,Metrocard - Fair Fare,1.0,0.0
2022-05-31T22:00:00.000,subway,159,"81 St-Museum of Natural History (C,B)",Manhattan,metrocard,Metrocard - Full Fare,28.0,1.0
2022-05-31T18:00:00.000,subway,602,"14 St-Union Sq (L,N,Q,R,W,4,5,6)",Manhattan,metrocard,Metrocard - Fair Fare,130.0,2.0
2022-05-31T19:00:00.000,subway,157,"96 St (C,B)",Manhattan,metrocard,Metrocard - Seniors & Disability,8.0,0.0
2022-05-31T23:00:00.000,subway,150,155 St (C),Manhattan,metrocard,Metrocard - Unlimited 30-Day,1.0,0.0
2022-05-31T11:00:00.000,subway,153,"125 St (A,C,B,D)",Manhattan,metrocard,Metrocard - Students,22.0,1.0
2022-05-31T08:00:00.000,subway,607,"34 St-Herald Sq (B,D,F,M,N,Q,R,W)",Manhattan,metrocard,Metrocard - Unlimited 7-Day,215.0,0.0
2022-05-31T15:00:00.000,subway,160,"72 St (C,B)",Manhattan,metrocard,Metrocard - Students,41.0,1.0
2022-05-31T17:00:00.000,subway,9,"57 St-7 Av (N,Q,R,W)",Manhattan,metrocard,Metrocard - Fair Fare,45.0,3.0
2022-05-31T12:00:00.000,subway,13,"28 St (R,W)",Manhattan,metrocard,Metrocard - Other,10.0,0.0
2022-05-31T15:00:00.000,subway,601,"14 St (F,M,1,2,3)/6 Av (L)",Manhattan,metrocard,Metrocard - Unlimited 7-Day,225.0,0.0
2022-05-31T05:00:00.000,subway,14,"23 St (R,W)",Manhattan,metrocard,Metrocard - Full Fare,4.0,0.0
2022-05-31T23:00:00.000,subway,328,WTC Cortlandt (1),Manhattan,metrocard,Metrocard - Seniors & Disability,3.0,0.0
2022-05-31T00:00:00.000,subway,16,"8 St-NYU (R,W)",Manhattan,omny,OMNY - Full Fare,33.0,0.0
2022-05-31T06:00:00.000,subway,156,"103 St (C,B)",Manhattan,metrocard,Metrocard - Unlimited 7-Day,9.0,0.0
2022-05-31T20:00:00.000,subway,413,"Wall St (4,5)",Manhattan,metrocard,Metrocard - Full Fare,49.0,0.0
2022-05-31T23:00:00.000,subway,414,"Bowling Green (4,5)",Manhattan,omny,OMNY - Full Fare,32.0,2.0
2022-05-31T06:00:00.000,subway,328,WTC Cortlandt (1),Manhattan,metrocard,Metrocard - Unlimited 7-Day,15.0,0.0
2022-05-31T13:00:00.000,subway,149,163 St-Amsterdam Av (C),Manhattan,omny,OMNY - Full Fare,42.0,3.0
2022-05-31T19:00:00.000,subway,152,"135 St (C,B)",Manhattan,metrocard,Metrocard - Other,5.0,0.0
2022-05-31T21:00:00.000,subway,9,"57 St-7 Av (N,Q,R,W)",Manhattan,metrocard,Metrocard - Unlimited 30-Day,118.0,0.0
2022-05-31T09:00:00.000,subway,158,"86 St (C,B)",Manhattan,metrocard,Metrocard - Fair Fare,4.0,1.0
2022-05-31T08:00:00.000,subway,329,Rector St (1),Manhattan,metrocard,Metrocard - Other,28.0,2.0
2022-05-31T02:00:00.000,subway,601,"14 St (F,M,1,2,3)/6 Av (L)",Manhattan,metrocard,Metrocard - Seniors & Disability,1.0,0.0
2022-05-31T17:00:00.000,subway,153,"125 St (A,C,B,D)",Manhattan,metrocard,Metrocard - Seniors & Disability,46.0,11.0
2022-05-31T20:00:00.000,subway,152,"135 St (C,B)",Manhattan,metrocard,Metrocard - Seniors & Disability,5.0,0.0
2022-05-31T16:00:00.000,subway,162,"50 St (C,E)",Manhattan,metrocard,Metrocard - Students,119.0,1.0
2022-05-31T11:00:00.000,subway,407,Astor Pl (6),Manhattan,metrocard,Metrocard - Seniors & Disability,10.0,0.0
2022-05-31T09:00:00.000,subway,413,"Wall St (4,5)",Manhattan,metrocard,Metrocard - Seniors & Disability,9.0,0.0
2022-05-31T11:00:00.000,subway,143,Inwood-207 St (A),Manhattan,metrocard,Metrocard - Unlimited 7-Day,18.0,0.0
2022-05-31T16:00:00.000,subway,150,155 St (C),Manhattan,metrocard,Metrocard - Seniors & Disability,1.0,0.0
2022-05-31T04:00:00.000,subway,405,23 St (6),Manhattan,metrocard,Metrocard - Unlimited 7-Day,1.0,0.0
2022-05-31T18:00:00.000,subway,327,"Chambers St (1,2,3)",Manhattan,metrocard,Metrocard - Unlimited 30-Day,189.0,0.0
2022-05-31T15:00:00.000,subway,146,181 St (A),Manhattan,metrocard,Metrocard - Seniors & Disability,15.0,0.0
2022-05-31T18:00:00.000,subway,333,"Wall St (2,3)",Manhattan,metrocard,Metrocard - Full Fare,354.0,0.0
2022-05-31T05:00:00.000,subway,601,"14 St (F,M,1,2,3)/6 Av (L)",Manhattan,metrocard,Metrocard - Unlimited 7-Day,13.0,0.0
2022-05-31T05:00:00.000,subway,147,175 St (A),Manhattan,omny,OMNY - Full Fare,57.0,1.0
2022-05-31T10:00:00.000,subway,13,"28 St (R,W)",Manhattan,metrocard,Metrocard - Students,2.0,0.0
2022-05-31T16:00:00.000,subway,414,"Bowling Green (4,5)",Manhattan,metrocard,Metrocard - Full Fare,565.0,42.0
2022-05-31T12:00:00.000,subway,327,"Chambers St (1,2,3)",Manhattan,metrocard,Metrocard - Other,13.0,0.0
2022-05-31T11:00:00.000,subway,159,"81 St-Museum of Natural History (C,B)",Manhattan,metrocard,Metrocard - Fair Fare,1.0,0.0
2022-05-31T23:00:00.000,subway,160,"72 St (C,B)",Manhattan,metrocard,Metrocard - Unlimited 7-Day,8.0,0.0
2022-05-31T07:00:00.000,subway,9,"57 St-7 Av (N,Q,R,W)",Manhattan,metrocard,Metrocard - Unlimited 30-Day,72.0,0.0
2022-05-31T07:00:00.000,subway,158,"86 St (C,B)",Manhattan,metrocard,Metrocard - Unlimited 7-Day,11.0,0.0
2022-05-31T07:00:00.000,subway,150,155 St (C),Manhattan,metrocard,Metrocard - Unlimited 7-Day,20.0,0.0
2022-05-31T22:00:00.000,subway,409,Spring St (6),Manhattan,metrocard,Metrocard - Seniors & Disability,1.0,0.0
2022-05-31T20:00:00.000,subway,605,"168 St (A,C,1)",Manhattan,omny,OMNY - Full Fare,139.0,2.0
2022-05-31T05:00:00.000,subway,14,"23 St (R,W)",Manhattan,metrocard,Metrocard - Seniors & Disability,1.0,1.0
2022-05-31T06:00:00.000,subway,154,"116 St (C,B)",Manhattan,omny,OMNY - Full Fare,38.0,2.0
2022-05-31T11:00:00.000,subway,413,"Wall St (4,5)",Manhattan,metrocard,Metrocard - Fair Fare,5.0,0.0
2022-05-31T23:00:00.000,subway,601,"14 St (F,M,1,2,3)/6 Av (L)",Manhattan,omny,OMNY - Full Fare,199.0,1.0
2022-05-31T18:00:00.000,subway,607,"34 St-Herald Sq (B,D,F,M,N,Q,R,W)",Manhattan,metrocard,Metrocard - Seniors & Disability,154.0,9.0
2022-05-31T15:00:00.000,subway,150,155 St (C),Manhattan,omny,OMNY - Full Fare,24.0,0.0
2022-05-31T18:00:00.000,subway,152,"135 St (C,B)",Manhattan,metrocard,Metrocard - Students,26.0,0.0
2022-05-31T19:00:00.000,subway,160,"72 St (C,B)",Manhattan,metrocard,Metrocard - Other,15.0,0.0
2022-05-31T17:00:00.000,subway,609,"Bryant Pk (B,D,F,M)/5 Av (7)",Manhattan,metrocard,Metrocard - Fair Fare,127.0,3.0
2022-05-31T16:00:00.000,subway,328,WTC Cortlandt (1),Manhattan,metrocard,Metrocard - Other,39.0,0.0
2022-05-31T08:00:00.000,subway,9,"57 St-7 Av (N,Q,R,W)",Manhattan,metrocard,Metrocard - Other,45.0,2.0
2022-05-31T00:00:00.000,subway,16,"8 St-NYU (R,W)",Manhattan,metrocard,Metrocard - Other,3.0,0.0
2022-05-31T13:00:00.000,subway,150,155 St (C),Manhattan,omny,OMNY - Full Fare,25.0,1.0
2022-05-31T10:00:00.000,subway,328,WTC Cortlandt (1),Manhattan,metrocard,Metrocard - Other,7.0,0.0
2022-05-31T08:00:00.000,subway,162,"50 St (C,E)",Manhattan,metrocard,Metrocard - Full Fare,119.0,1.0
2022-05-31T22:00:00.000,subway,413,"Wall St (4,5)",Manhattan,metrocard,Metrocard - Other,10.0,0.0
2022-05-31T09:00:00.000,subway,155,"Cathedral Pkwy (110 St) (C,B)",Manhattan,metrocard,Metrocard - Full Fare,62.0,2.0
2022-05-31T20:00:00.000,subway,328,WTC Cortlandt (1),Manhattan,metrocard,Metrocard - Full Fare,48.0,0.0
2022-05-31T22:00:00.000,subway,14,"23 St (R,W)",Manhattan,metrocard,Metrocard - Full Fare,58.0,2.0
2022-05-31T15:00:00.000,subway,16,"8 St-NYU (R,W)",Manhattan,metrocard,Metrocard - Seniors & Disability,17.0,0.0
2022-05-31T14:00:00.000,subway,147,175 St (A),Manhattan,metrocard,Metrocard - Other,16.0,0.0
2022-05-31T06:00:00.000,subway,160,"72 St (C,B)",Manhattan,metrocard,Metrocard - Unlimited 30-Day,3.0,0.0
2022-05-31T06:00:00.000,subway,146,181 St (A),Manhattan,metrocard,Metrocard - Full Fare,105.0,1.0
2022-05-31T11:00:00.000,subway,9,"57 St-7 Av (N,Q,R,W)",Manhattan,metrocard,Metrocard - Students,3.0,0.0
2022-05-31T05:00:00.000,subway,151,"145 St (A,C,B,D)",Manhattan,metrocard,Metrocard - Seniors & Disability,6.0,0.0
2022-05-31T13:00:00.000,subway,605,"168 St (A,C,1)",Manhattan,metrocard,Metrocard - Seniors & Disability,58.0,5.0
2022-05-31T14:00:00.000,subway,16,"8 St-NYU (R,W)",Manhattan,metrocard,Metrocard - Unlimited 7-Day,56.0,0.0
2022-05-31T18:00:00.000,subway,145,190 St (A),Manhattan,metrocard,Metrocard - Fair Fare,5.0,0.0
2022-05-31T08:00:00.000,subway,159,"81 St-Museum of Natural History (C,B)",Manhattan,metrocard,Metrocard - Unlimited 7-Day,24.0,0.0
2022-05-31T22:00:00.000,subway,156,"103 St (C,B)",Manhattan,metrocard,Metrocard - Fair Fare,1.0,0.0
2022-05-31T00:00:00.000,subway,158,"86 St (C,B)",Manhattan,omny,OMNY - Full Fare,10.0,0.0
2022-05-31T11:00:00.000,subway,145,190 St (A),Manhattan,metrocard,Metrocard - Full Fare,30.0,0.0
2022-05-31T16:00:00.000,subway,158,"86 St (C,B)",Manhattan,metrocard,Metrocard - Other,35.0,10.0
2022-05-31T17:00:00.000,subway,156,"103 St (C,B)",Manhattan,omny,OMNY - Full Fare,84.0,0.0
2022-05-31T07:00:00.000,subway,149,163 St-Amsterdam Av (C),Manhattan,metrocard,Metrocard - Unlimited 30-Day,43.0,0.0
2022-05-31T07:00:00.000,subway,413,"Wall St (4,5)",Manhattan,metrocard,Metrocard - Unlimited 30-Day,47.0,0.0
2022-05-31T23:00:00.000,subway,160,"72 St (C,B)",Manhattan,metrocard,Metrocard - Unlimited 30-Day,8.0,0.0
2022-05-31T04:00:00.000,subway,327,"Chambers St (1,2,3)",Manhattan,metrocard,Metrocard - Fair Fare,1.0,0.0
2022-05-31T21:00:00.000,subway,152,"135 St (C,B)",Manhattan,metrocard,Metrocard - Fair Fare,4.0,0.0
2022-05-31T13:00:00.000,subway,153,"125 St (A,C,B,D)",Manhattan,metrocard,Metrocard - Full Fare,163.0,14.0
2022-05-31T18:00:00.000,subway,152,"135 St (C,B)",Manhattan,omny,OMNY - Full Fare,52.0,6.0
2022-05-31T13:00:00.000,subway,144,Dyckman St (A),Manhattan,metrocard,Metrocard - Other,2.0,0.0
2022-05-31T12:00:00.000,subway,149,163 St-Amsterdam Av (C),Manhattan,metrocard,Metrocard - Seniors & Disability,7.0,0.0
2022-05-31T11:00:00.000,subway,328,WTC Cortlandt (1),Manhattan,metrocard,Metrocard - Fair Fare,3.0,0.0
2022-05-31T08:00:00.000,subway,157,"96 St (C,B)",Manhattan,metrocard,Metrocard - Students,40.0,4.0
2022-05-31T08:00:00.000,subway,13,"28 St (R,W)",Manhattan,metrocard,Metrocard - Unlimited 7-Day,50.0,0.0
2022-05-31T14:00:00.000,subway,155,"Cathedral Pkwy (110 St) (C,B)",Manhattan,metrocard,Metrocard - Seniors & Disability,11.0,2.0
2022-05-31T16:00:00.000,subway,162,"50 St (C,E)",Manhattan,omny,OMNY - Full Fare,301.0,4.0
2022-05-31T22:00:00.000,subway,14,"23 St (R,W)",Manhattan,metrocard,Metrocard - Unlimited 30-Day,28.0,0.0
2022-05-31T17:00:00.000,subway,159,"81 St-Museum of Natural History (C,B)",Manhattan,metrocard,Metrocard - Full Fare,305.0,49.0
2022-05-31T16:00:00.000,subway,149,163 St-Amsterdam Av (C),Manhattan,metrocard,Metrocard - Other,5.0,0.0
2022-05-31T07:00:00.000,subway,602,"14 St-Union Sq (L,N,Q,R,W,4,5,6)",Manhattan,metrocard,Metrocard - Unlimited 30-Day,166.0,0.0
2022-05-31T13:00:00.000,subway,158,"86 St (C,B)",Manhattan,metrocard,Metrocard - Seniors & Disability,22.0,3.0
2022-05-31T15:00:00.000,subway,329,Rector St (1),Manhattan,metrocard,Metrocard - Full Fare,86.0,0.0
2022-05-31T18:00:00.000,subway,413,"Wall St (4,5)",Manhattan,metrocard,Metrocard - Fair Fare,16.0,0.0
2022-05-31T10:00:00.000,subway,151,"145 St (A,C,B,D)",Manhattan,metrocard,Metrocard - Fair Fare,27.0,1.0
2022-05-31T18:00:00.000,subway,144,Dyckman St (A),Manhattan,metrocard,Metrocard - Unlimited 7-Day,16.0,0.0
2022-05-31T20:00:00.000,subway,156,"103 St (C,B)",Manhattan,metrocard,Metrocard - Other,4.0,0.0
2022-05-31T16:00:00.000,subway,159,"81 St-Museum of Natural History (C,B)",Manhattan,metrocard,Metrocard - Students,39.0,9.0
2022-05-31T11:00:00.000,subway,150,155 St (C),Manhattan,metrocard,Metrocard - Fair Fare,8.0,0.0
2022-05-31T03:00:00.000,subway,607,"34 St-Herald Sq (B,D,F,M,N,Q,R,W)",Manhattan,metrocard,Metrocard - Unlimited 7-Day,10.0,0.0
2022-05-31T07:00:00.000,subway,144,Dyckman St (A),Manhattan,metrocard,Metrocard - Other,20.0,0.0
2022-05-31T00:00:00.000,subway,152,"135 St (C,B)",Manhattan,metrocard,Metrocard - Seniors & Disability,1.0,0.0
2022-05-31T12:00:00.000,subway,333,"Wall St (2,3)",Manhattan,metrocard,Metrocard - Unlimited 30-Day,27.0,0.0
2022-05-31T10:00:00.000,subway,162,"50 St (C,E)",Manhattan,metrocard,Metrocard - Fair Fare,4.0,0.0
2022-05-31T12:00:00.000,subway,153,"125 St (A,C,B,D)",Manhattan,metrocard,Metrocard - Unlimited 7-Day,103.0,0.0
2022-05-31T12:00:00.000,subway,609,"Bryant Pk (B,D,F,M)/5 Av (7)",Manhattan,metrocard,Metrocard - Fair Fare,12.0,1.0
2022-05-31T06:00:00.000,subway,160,"72 St (C,B)",Manhattan,metrocard,Metrocard - Full Fare,8.0,0.0
2022-05-31T08:00:00.000,subway,9,"57 St-7 Av (N,Q,R,W)",Manhattan,metrocard,Metrocard - Full Fare,202.0,4.0
2022-05-31T17:00:00.000,subway,153,"125 St (A,C,B,D)",Manhattan,omny,OMNY - Full Fare,395.0,17.0
2022-05-31T05:00:00.000,subway,147,175 St (A),Manhattan,metrocard,Metrocard - Unlimited 30-Day,23.0,0.0
2022-05-31T13:00:00.000,subway,16,"8 St-NYU (R,W)",Manhattan,metrocard,Metrocard - Students,2.0,0.0
2022-05-31T11:00:00.000,subway,605,"168 St (A,C,1)",Manhattan,metrocard,Metrocard - Students,17.0,0.0
2022-05-31T04:00:00.000,subway,146,181 St (A),Manhattan,omny,OMNY - Full Fare,3.0,0.0
2022-05-31T20:00:00.000,subway,143,Inwood-207 St (A),Manhattan,metrocard,Metrocard - Seniors & Disability,4.0,2.0
2022-05-31T00:00:00.000,subway,329,Rector St (1),Manhattan,metrocard,Metrocard - Unlimited 7-Day,1.0,0.0
2022-05-31T13:00:00.000,subway,327,"Chambers St (1,2,3)",Manhattan,metrocard,Metrocard - Other,11.0,0.0
2022-05-31T07:00:00.000,subway,146,181 St (A),Manhattan,metrocard,Metrocard - Fair Fare,21.0,0.0
2022-05-31T01:00:00.000,subway,409,Spring St (6),Manhattan,omny,OMNY - Full Fare,5.0,0.0
2022-05-31T07:00:00.000,subway,144,Dyckman St (A),Manhattan,metrocard,Metrocard - Seniors & Disability,22.0,0.0
2022-05-31T02:00:00.000,subway,328,WTC Cortlandt (1),Manhattan,omny,OMNY - Full Fare,1.0,0.0
2022-05-31T12:00:00.000,subway,407,Astor Pl (6),Manhattan,metrocard,Metrocard - Full Fare,63.0,1.0
2022-05-31T10:00:00.000,subway,414,"Bowling Green (4,5)",Manhattan,metrocard,Metrocard - Unlimited 30-Day,31.0,0.0
2022-05-31T22:00:00.000,subway,157,"96 St (C,B)",Manhattan,metrocard,Metrocard - Unlimited 30-Day,7.0,0.0
2022-05-31T22:00:00.000,subway,146,181 St (A),Manhattan,metrocard,Metrocard - Unlimited 7-Day,14.0,0.0
2022-05-31T12:00:00.000,subway,150,155 St (C),Manhattan,metrocard,Metrocard - Unlimited 7-Day,13.0,0.0
2022-05-31T06:00:00.000,subway,601,"14 St (F,M,1,2,3)/6 Av (L)",Manhattan,omny,OMNY - Full Fare,123.0,10.0
2022-05-31T14:00:00.000,subway,602,"14 St-Union Sq (L,N,Q,R,W,4,5,6)",Manhattan,metrocard,Metrocard - Seniors & Disability,164.0,16.0
2022-05-31T13:00:00.000,subway,154,"116 St (C,B)",Manhattan,metrocard,Metrocard - Fair Fare,10.0,0.0
2022-05-31T16:00:00.000,subway,147,175 St (A),Manhattan,metrocard,Metrocard - Unlimited 7-Day,59.0,0.0
2022-05-31T06:00:00.000,subway,413,"Wall St (4,5)",Manhattan,metrocard,Metrocard - Students,6.0,0.0
2022-05-31T22:00:00.000,subway,144,Dyckman St (A),Manhattan,metrocard,Metrocard - Unlimited 30-Day,4.0,0.0
2022-05-31T23:00:00.000,subway,143,Inwood-207 St (A),Manhattan,metrocard,Metrocard - Other,6.0,0.0
2022-05-31T18:00:00.000,subway,160,"72 St (C,B)",Manhattan,omny,OMNY - Full Fare,210.0,5.0
2022-05-31T01:00:00.000,subway,153,"125 St (A,C,B,D)",Manhattan,metrocard,Metrocard - Seniors & Disability,1.0,0.0
2022-05-31T05:00:00.000,subway,143,Inwood-207 St (A),Manhattan,metrocard,Metrocard - Seniors & Disability,3.0,0.0
2022-05-31T00:00:00.000,subway,405,23 St (6),Manhattan,metrocard,Metrocard - Other,3.0,0.0
2022-05-31T05:00:00.000,subway,607,"34 St-Herald Sq (B,D,F,M,N,Q,R,W)",Manhattan,metrocard,Metrocard - Fair Fare,6.0,0.0
2022-05-31T06:00:00.000,subway,601,"14 St (F,M,1,2,3)/6 Av (L)",Manhattan,metrocard,Metrocard - Other,41.0,2.0
2022-05-31T20:00:00.000,subway,14,"23 St (R,W)",Manhattan,omny,OMNY - Full Fare,245.0,2.0
2022-05-31T02:00:00.000,subway,16,"8 St-NYU (R,W)",Manhattan,metrocard,Metrocard - Fair Fare,2.0,0.0
2022-05-31T18:00:00.000,subway,9,"57 St-7 Av (N,Q,R,W)",Manhattan,metrocard,Metrocard - Full Fare,541.0,11.0
2022-05-31T18:00:00.000,subway,157,"96 St (C,B)",Manhattan,metrocard,Metrocard - Fair Fare,19.0,2.0
2022-05-31T15:00:00.000,subway,607,"34 St-Herald Sq (B,D,F,M,N,Q,R,W)",Manhattan,metrocard,Metrocard - Fair Fare,132.0,2.0
2022-05-31T16:00:00.000,subway,328,WTC Cortlandt (1),Manhattan,omny,OMNY - Full Fare,253.0,0.0
2022-05-31T13:00:00.000,subway,405,23 St (6),Manhattan,omny,OMNY - Full Fare,214.0,3.0
2022-05-31T20:00:00.000,subway,157,"96 St (C,B)",Manhattan,metrocard,Metrocard - Unlimited 7-Day,30.0,0.0
2022-05-31T13:00:00.000,subway,16,"8 St-NYU (R,W)",Manhattan,metrocard,Metrocard - Unlimited 7-Day,43.0,0.0
2022-05-31T00:00:00.000,subway,149,163 St-Amsterdam Av (C),Manhattan,metrocard,Metrocard - Full Fare,1.0,0.0
2022-05-31T17:00:00.000,subway,9,"57 St-7 Av (N,Q,R,W)",Manhattan,metrocard,Metrocard - Unlimited 7-Day,198.0,0.0
2022-05-31T05:00:00.000,subway,157,"96 St (C,B)",Manhattan,metrocard,Metrocard - Unlimited 30-Day,2.0,0.0
2022-05-31T18:00:00.000,subway,159,"81 St-Museum of Natural History (C,B)",Manhattan,metrocard,Metrocard - Unlimited 7-Day,72.0,0.0
2022-05-31T10:00:00.000,subway,149,163 St-Amsterdam Av (C),Manhattan,metrocard,Metrocard - Students,4.0,0.0
2022-05-31T12:00:00.000,subway,149,163 St-Amsterdam Av (C),Manhattan,metrocard,Metrocard - Unlimited 30-Day,19.0,0.0
2022-05-31T14:00:00.000,subway,149,163 St-Amsterdam Av (C),Manhattan,metrocard,Metrocard - Unlimited 7-Day,28.0,0.0
2022-05-31T21:00:00.000,subway,329,Rector St (1),Manhattan,omny,OMNY - Full Fare,25.0,0.0
2022-05-31T16:00:00.000,subway,145,190 St (A),Manhattan,metrocard,Metrocard - Unlimited 7-Day,15.0,0.0
2022-05-31T05:00:00.000,subway,159,"81 St-Museum of Natural History (C,B)",Manhattan,metrocard,Metrocard - Fair Fare,1.0,0.0
2022-05-31T19:00:00.000,subway,143,Inwood-207 St (A),Manhattan,metrocard,Metrocard - Students,5.0,0.0
2022-05-31T04:00:00.000,subway,153,"125 St (A,C,B,D)",Manhattan,metrocard,Metrocard - Unlimited 30-Day,11.0,0.0
2022-05-31T18:00:00.000,subway,9,"57 St-7 Av (N,Q,R,W)",Manhattan,metrocard,Metrocard - Other,133.0,2.0
2022-05-31T22:00:00.000,subway,326,Franklin St (1),Manhattan,omny,OMNY - Full Fare,52.0,0.0
2022-05-31T04:00:00.000,subway,162,"50 St (C,E)",Manhattan,metrocard,Metrocard - Unlimited 7-Day,1.0,0.0
2022-05-31T14:00:00.000,subway,147,175 St (A),Manhattan,metrocard,Metrocard - Unlimited 7-Day,45.0,0.0
2022-05-31T11:00:00.000,subway,153,"125 St (A,C,B,D)",Manhattan,metrocard,Metrocard - Unlimited 30-Day,72.0,0.0
2022-05-31T13:00:00.000,subway,9,"57 St-7 Av (N,Q,R,W)",Manhattan,metrocard,Metrocard - Other,23.0,0.0
2022-05-31T14:00:00.000,subway,607,"34 St-Herald Sq (B,D,F,M,N,Q,R,W)",Manhattan,metrocard,Metrocard - Other,136.0,1.0
2022-05-31T19:00:00.000,subway,154,"116 St (C,B)",Manhattan,metrocard,Metrocard - Unlimited 30-Day,19.0,0.0
2022-05-31T06:00:00.000,subway,145,190 St (A),Manhattan,metrocard,Metrocard - Full Fare,31.0,0.0
2022-05-31T05:00:00.000,subway,156,"103 St (C,B)",Manhattan,metrocard,Metrocard - Full Fare,2.0,0.0
2022-05-31T11:00:00.000,subway,144,Dyckman St (A),Manhattan,omny,OMNY - Full Fare,56.0,0.0
2022-05-31T09:00:00.000,subway,143,Inwood-207 St (A),Manhattan,metrocard,Metrocard - Students,18.0,2.0
2022-05-31T21:00:00.000,subway,146,181 St (A),Manhattan,metrocard,Metrocard - Full Fare,7.0,0.0
2022-05-31T17:00:00.000,subway,162,"50 St (C,E)",Manhattan,metrocard,Metrocard - Unlimited 7-Day,91.0,0.0
2022-05-31T20:00:00.000,subway,333,"Wall St (2,3)",Manhattan,metrocard,Metrocard - Other,11.0,0.0
2022-05-31T14:00:00.000,subway,144,Dyckman St (A),Manhattan,metrocard,Metrocard - Full Fare,45.0,0.0
2022-05-31T05:00:00.000,subway,602,"14 St-Union Sq (L,N,Q,R,W,4,5,6)",Manhattan,metrocard,Metrocard - Other,9.0,0.0
2022-05-31T01:00:00.000,subway,150,155 St (C),Manhattan,metrocard,Metrocard - Other,1.0,0.0
2022-05-31T23:00:00.000,subway,14,"23 St (R,W)",Manhattan,metrocard,Metrocard - Fair Fare,4.0,0.0
2022-05-31T21:00:00.000,subway,329,Rector St (1),Manhattan,metrocard,Metrocard - Unlimited 7-Day,13.0,0.0
2022-05-31T23:00:00.000,subway,159,"81 St-Museum of Natural History (C,B)",Manhattan,metrocard,Metrocard - Unlimited 7-Day,11.0,0.0
2022-05-31T08:00:00.000,subway,329,Rector St (1),Manhattan,omny,OMNY - Full Fare,156.0,22.0
2022-05-31T16:00:00.000,subway,145,190 St (A),Manhattan,metrocard,Metrocard - Unlimited 30-Day,24.0,0.0
2022-05-31T16:00:00.000,subway,607,"34 St-Herald Sq (B,D,F,M,N,Q,R,W)",Manhattan,metrocard,Metrocard - Full Fare,1672.0,22.0
2022-05-31T07:00:00.000,subway,160,"72 St (C,B)",Manhattan,metrocard,Metrocard - Fair Fare,3.0,0.0
2022-05-31T13:00:00.000,subway,602,"14 St-Union Sq (L,N,Q,R,W,4,5,6)",Manhattan,metrocard,Metrocard - Students,183.0,4.0
2022-05-31T18:00:00.000,subway,150,155 St (C),Manhattan,omny,OMNY - Full Fare,16.0,0.0
2022-05-31T13:00:00.000,subway,13,"28 St (R,W)",Manhattan,metrocard,Metrocard - Unlimited 7-Day,48.0,0.0
2022-05-31T12:00:00.000,subway,146,181 St (A),Manhattan,metrocard,Metrocard - Unlimited 30-Day,42.0,0.0
2022-05-31T10:00:00.000,subway,150,155 St (C),Manhattan,metrocard,Metrocard - Full Fare,17.0,1.0
2022-05-31T19:00:00.000,subway,333,"Wall St (2,3)",Manhattan,metrocard,Metrocard - Unlimited 30-Day,64.0,0.0
2022-05-31T14:00:00.000,subway,14,"23 St (R,W)",Manhattan,metrocard,Metrocard - Fair Fare,17.0,1.0
2022-05-31T09:00:00.000,subway,405,23 St (6),Manhattan,metrocard,Metrocard - Seniors & Disability,23.0,4.0
2022-05-31T06:00:00.000,subway,413,"Wall St (4,5)",Manhattan,omny,OMNY - Full Fare,71.0,5.0
2022-05-31T11:00:00.000,subway,609,"Bryant Pk (B,D,F,M)/5 Av (7)",Manhattan,metrocard,Metrocard - Full Fare,223.0,2.0
2022-05-31T02:00:00.000,subway,601,"14 St (F,M,1,2,3)/6 Av (L)",Manhattan,metrocard,Metrocard - Full Fare,6.0,0.0
2022-05-31T15:00:00.000,subway,602,"14 St-Union Sq (L,N,Q,R,W,4,5,6)",Manhattan,omny,OMNY - Full Fare,1308.0,16.0
2022-05-31T07:00:00.000,subway,155,"Cathedral Pkwy (110 St) (C,B)",Manhattan,metrocard,Metrocard - Unlimited 7-Day,21.0,0.0
2022-05-31T20:00:00.000,subway,146,181 St (A),Manhattan,metrocard,Metrocard - Other,5.0,0.0
2022-05-31T23:00:00.000,subway,149,163 St-Amsterdam Av (C),Manhattan,omny,OMNY - Full Fare,1.0,0.0
2022-05-31T23:00:00.000,subway,9,"57 St-7 Av (N,Q,R,W)",Manhattan,metrocard,Metrocard - Other,22.0,0.0
2022-05-31T00:00:00.000,subway,156,"103 St (C,B)",Manhattan,metrocard,Metrocard - Other,1.0,0.0
2022-05-31T21:00:00.000,subway,609,"Bryant Pk (B,D,F,M)/5 Av (7)",Manhattan,metrocard,Metrocard - Other,36.0,0.0
2022-05-31T16:00:00.000,subway,152,"135 St (C,B)",Manhattan,omny,OMNY - Seniors & Disability,1.0,0.0
2022-05-31T17:00:00.000,subway,157,"96 St (C,B)",Manhattan,metrocard,Metrocard - Fair Fare,27.0,3.0
2022-05-31T18:00:00.000,subway,409,Spring St (6),Manhattan,metrocard,Metrocard - Other,26.0,0.0
2022-05-31T21:00:00.000,subway,14,"23 St (R,W)",Manhattan,metrocard,Metrocard - Unlimited 7-Day,62.0,0.0
2022-05-31T13:00:00.000,subway,157,"96 St (C,B)",Manhattan,metrocard,Metrocard - Seniors & Disability,18.0,1.0
2022-05-31T21:00:00.000,subway,13,"28 St (R,W)",Manhattan,omny,OMNY - Full Fare,107.0,0.0
2022-05-31T19:00:00.000,subway,333,"Wall St (2,3)",Manhattan,omny,OMNY - Full Fare,225.0,0.0
2022-05-31T23:00:00.000,subway,328,WTC Cortlandt (1),Manhattan,metrocard,Metrocard - Other,5.0,0.0
2022-05-31T11:00:00.000,subway,149,163 St-Amsterdam Av (C),Manhattan,metrocard,Metrocard - Other,4.0,0.0
2022-05-31T12:00:00.000,subway,158,"86 St (C,B)",Manhattan,metrocard,Metrocard - Students,5.0,1.0
2022-05-31T11:00:00.000,subway,605,"168 St (A,C,1)",Manhattan,metrocard,Metrocard - Seniors & Disability,39.0,5.0
2022-05-31T12:00:00.000,subway,144,Dyckman St (A),Manhattan,metrocard,Metrocard - Unlimited 7-Day,31.0,0.0
2022-05-31T21:00:00.000,subway,155,"Cathedral Pkwy (110 St) (C,B)",Manhattan,metrocard,Metrocard - Full Fare,21.0,0.0
2022-05-31T19:00:00.000,subway,155,"Cathedral Pkwy (110 St) (C,B)",Manhattan,omny,OMNY - Full Fare,87.0,3.0
2022-05-31T02:00:00.000,subway,143,Inwood-207 St (A),Manhattan,metrocard,Metrocard - Fair Fare,1.0,1.0
2022-05-31T06:00:00.000,subway,609,"Bryant Pk (B,D,F,M)/5 Av (7)",Manhattan,metrocard,Metrocard - Other,10.0,3.0
2022-05-31T15:00:00.000,subway,156,"103 St (C,B)",Manhattan,metrocard,Metrocard - Unlimited 30-Day,25.0,0.0
2022-05-31T00:00:00.000,subway,9,"57 St-7 Av (N,Q,R,W)",Manhattan,metrocard,Metrocard - Unlimited 30-Day,24.0,0.0
2022-05-31T05:00:00.000,subway,153,"125 St (A,C,B,D)",Manhattan,metrocard,Metrocard - Fair Fare,10.0,2.0
2022-05-31T18:00:00.000,subway,405,23 St (6),Manhattan,omny,OMNY - Full Fare,456.0,11.0
2022-05-31T07:00:00.000,subway,159,"81 St-Museum of Natural History (C,B)",Manhattan,metrocard,Metrocard - Seniors & Disability,8.0,1.0
2022-05-31T21:00:00.000,subway,146,181 St (A),Manhattan,metrocard,Metrocard - Seniors & Disability,2.0,0.0
2022-05-31T16:00:00.000,subway,145,190 St (A),Manhattan,omny,OMNY - Full Fare,43.0,1.0
2022-05-31T10:00:00.000,subway,329,Rector St (1),Manhattan,metrocard,Metrocard - Seniors & Disability,12.0,0.0
2022-05-31T22:00:00.000,subway,143,Inwood-207 St (A),Manhattan,metrocard,Metrocard - Unlimited 30-Day,8.0,0.0
2022-05-31T05:00:00.000,subway,405,23 St (6),Manhattan,metrocard,Metrocard - Unlimited 30-Day,8.0,0.0
2022-05-31T01:00:00.000,subway,605,"168 St (A,C,1)",Manhattan,omny,OMNY - Full Fare,2.0,0.0
2022-05-31T15:00:00.000,subway,144,Dyckman St (A),Manhattan,metrocard,Metrocard - Other,7.0,0.0
2022-05-31T12:00:00.000,subway,405,23 St (6),Manhattan,omny,OMNY - Full Fare,186.0,8.0
2022-05-31T10:00:00.000,subway,409,Spring St (6),Manhattan,metrocard,Metrocard - Full Fare,42.0,0.0
2022-05-31T18:00:00.000,subway,407,Astor Pl (6),Manhattan,metrocard,Metrocard - Students,14.0,0.0
2022-05-31T15:00:00.000,subway,143,Inwood-207 St (A),Manhattan,metrocard,Metrocard - Full Fare,68.0,6.0
2022-05-31T12:00:00.000,subway,605,"168 St (A,C,1)",Manhattan,metrocard,Metrocard - Unlimited 7-Day,66.0,0.0
2022-05-31T23:00:00.000,subway,149,163 St-Amsterdam Av (C),Manhattan,metrocard,Metrocard - Seniors & Disability,1.0,0.0
2022-05-31T14:00:00.000,subway,144,Dyckman St (A),Manhattan,metrocard,Metrocard - Unlimited 30-Day,18.0,0.0
2022-05-31T06:00:00.000,subway,149,163 St-Amsterdam Av (C),Manhattan,metrocard,Metrocard - Full Fare,46.0,0.0
2022-05-31T09:00:00.000,subway,158,"86 St (C,B)",Manhattan,omny,OMNY - Full Fare,164.0,10.0
2022-05-31T14:00:00.000,subway,146,181 St (A),Manhattan,metrocard,Metrocard - Unlimited 30-Day,44.0,0.0
2022-05-31T12:00:00.000,subway,154,"116 St (C,B)",Manhattan,omny,OMNY - Full Fare,73.0,3.0
2022-05-31T13:00:00.000,subway,405,23 St (6),Manhattan,metrocard,Metrocard - Unlimited 7-Day,73.0,0.0
2022-05-31T02:00:00.000,subway,407,Astor Pl (6),Manhattan,metrocard,Metrocard - Unlimited 30-Day,1.0,0.0
2022-05-31T04:00:00.000,subway,147,175 St (A),Manhattan,metrocard,Metrocard - Full Fare,18.0,2.0
2022-05-31T11:00:00.000,subway,150,155 St (C),Manhattan,metrocard,Metrocard - Unlimited 30-Day,10.0,0.0
2022-05-31T23:00:00.000,subway,151,"145 St (A,C,B,D)",Manhattan,metrocard,Metrocard - Full Fare,18.0,0.0
2022-05-31T09:00:00.000,subway,153,"125 St (A,C,B,D)",Manhattan,metrocard,Metrocard - Unlimited 7-Day,107.0,0.0
2022-05-31T19:00:00.000,subway,413,"Wall St (4,5)",Manhattan,omny,OMNY - Full Fare,208.0,0.0
2022-05-31T13:00:00.000,subway,405,23 St (6),Manhattan,metrocard,Metrocard - Full Fare,170.0,3.0
2022-05-31T21:00:00.000,subway,160,"72 St (C,B)",Manhattan,omny,OMNY - Full Fare,57.0,0.0
2022-05-31T17:00:00.000,subway,9,"57 St-7 Av (N,Q,R,W)",Manhattan,metrocard,Metrocard - Unlimited 30-Day,335.0,0.0
2022-05-31T08:00:00.000,subway,153,"125 St (A,C,B,D)",Manhattan,metrocard,Metrocard - Other,77.0,3.0
2022-05-31T17:00:00.000,subway,146,181 St (A),Manhattan,metrocard,Metrocard - Full Fare,104.0,4.0
2022-05-31T21:00:00.000,subway,13,"28 St (R,W)",Manhattan,metrocard,Metrocard - Seniors & Disability,2.0,0.0
2022-05-31T23:00:00.000,subway,328,WTC Cortlandt (1),Manhattan,omny,OMNY - Full Fare,19.0,0.0
2022-05-31T15:00:00.000,subway,414,"Bowling Green (4,5)",Manhattan,metrocard,Metrocard - Unlimited 7-Day,145.0,0.0
2022-05-31T12:00:00.000,subway,333,"Wall St (2,3)",Manhattan,metrocard,Metrocard - Unlimited 7-Day,20.0,0.0
2022-05-31T17:00:00.000,subway,146,181 St (A),Manhattan,metrocard,Metrocard - Unlimited 30-Day,78.0,0.0
2022-05-31T13:00:00.000,subway,160,"72 St (C,B)",Manhattan,metrocard,Metrocard - Full Fare,68.0,2.0
2022-05-31T14:00:00.000,subway,145,190 St (A),Manhattan,metrocard,Metrocard - Other,8.0,0.0
2022-05-31T00:00:00.000,subway,407,Astor Pl (6),Manhattan,metrocard,Metrocard - Unlimited 7-Day,15.0,0.0
2022-05-31T16:00:00.000,subway,16,"8 St-NYU (R,W)",Manhattan,metrocard,Metrocard - Fair Fare,9.0,0.0
2022-05-31T06:00:00.000,subway,149,163 St-Amsterdam Av (C),Manhattan,omny,OMNY - Full Fare,33.0,0.0
2022-05-31T15:00:00.000,subway,162,"50 St (C,E)",Manhattan,metrocard,Metrocard - Seniors & Disability,26.0,0.0
2022-05-31T07:00:00.000,subway,409,Spring St (6),Manhattan,metrocard,Metrocard - Other,7.0,0.0
2022-05-31T01:00:00.000,subway,605,"168 St (A,C,1)",Manhattan,metrocard,Metrocard - Fair Fare,2.0,0.0
2022-05-31T19:00:00.000,subway,609,"Bryant Pk (B,D,F,M)/5 Av (7)",Manhattan,metrocard,Metrocard - Full Fare,570.0,5.0
2022-05-31T19:00:00.000,subway,13,"28 St (R,W)",Manhattan,metrocard,Metrocard - Unlimited 30-Day,49.0,0.0
2022-05-31T11:00:00.000,subway,16,"8 St-NYU (R,W)",Manhattan,metrocard,Metrocard - Unlimited 30-Day,36.0,0.0
2022-05-31T10:00:00.000,subway,149,163 St-Amsterdam Av (C),Manhattan,metrocard,Metrocard - Unlimited 7-Day,23.0,0.0
2022-05-31T19:00:00.000,subway,162,"50 St (C,E)",Manhattan,metrocard,Metrocard - Other,29.0,1.0
2022-05-31T12:00:00.000,subway,9,"57 St-7 Av (N,Q,R,W)",Manhattan,omny,OMNY - Full Fare,222.0,2.0
2022-05-31T08:00:00.000,subway,147,175 St (A),Manhattan,metrocard,Metrocard - Fair Fare,37.0,0.0
2022-05-31T07:00:00.000,subway,601,"14 St (F,M,1,2,3)/6 Av (L)",Manhattan,metrocard,Metrocard - Unlimited 30-Day,92.0,0.0
2022-05-31T08:00:00.000,subway,414,"Bowling Green (4,5)",Manhattan,metrocard,Metrocard - Fair Fare,19.0,5.0
2022-05-31T00:00:00.000,subway,407,Astor Pl (6),Manhattan,metrocard,Metrocard - Seniors & Disability,1.0,0.0
2022-05-31T16:00:00.000,subway,160,"72 St (C,B)",Manhattan,metrocard,Metrocard - Unlimited 30-Day,54.0,0.0
2022-05-31T11:00:00.000,subway,14,"23 St (R,W)",Manhattan,metrocard,Metrocard - Seniors & Disability,22.0,4.0
2022-05-31T05:00:00.000,subway,150,155 St (C),Manhattan,metrocard,Metrocard - Seniors & Disability,3.0,0.0
2022-05-31T23:00:00.000,subway,150,155 St (C),Manhattan,omny,OMNY - Full Fare,2.0,0.0
2022-05-31T16:00:00.000,subway,602,"14 St-Union Sq (L,N,Q,R,W,4,5,6)",Manhattan,metrocard,Metrocard - Full Fare,1352.0,29.0
2022-05-31T17:00:00.000,subway,143,Inwood-207 St (A),Manhattan,omny,OMNY - Full Fare,69.0,8.0
2022-05-31T20:00:00.000,subway,156,"103 St (C,B)",Manhattan,metrocard,Metrocard - Students,1.0,0.0
2022-05-31T00:00:00.000,subway,13,"28 St (R,W)",Manhattan,metrocard,Metrocard - Seniors & Disability,1.0,0.0
2022-05-31T03:00:00.000,subway,311,86 St (1),Manhattan,omny,OMNY - Full Fare,1.0,0.0
2022-05-31T09:00:00.000,subway,14,"23 St (R,W)",Manhattan,metrocard,Metrocard - Other,11.0,0.0
2022-05-31T10:00:00.000,subway,327,"Chambers St (1,2,3)",Manhattan,metrocard,Metrocard - Full Fare,45.0,0.0
2022-05-31T23:00:00.000,subway,407,Astor Pl (6),Manhattan,omny,OMNY - Full Fare,113.0,1.0
2022-05-31T03:00:00.000,subway,602,"14 St-Union Sq (L,N,Q,R,W,4,5,6)",Manhattan,metrocard,Metrocard - Unlimited 30-Day,4.0,0.0
2022-05-31T13:00:00.000,subway,328,WTC Cortlandt (1),Manhattan,metrocard,Metrocard - Unlimited 7-Day,50.0,0.0
2022-05-31T13:00:00.000,subway,601,"14 St (F,M,1,2,3)/6 Av (L)",Manhattan,metrocard,Metrocard - Students,47.0,1.0
2022-05-31T04:00:00.000,subway,327,"Chambers St (1,2,3)",Manhattan,metrocard,Metrocard - Unlimited 7-Day,1.0,0.0
2022-05-31T06:00:00.000,subway,155,"Cathedral Pkwy (110 St) (C,B)",Manhattan,omny,OMNY - Full Fare,43.0,0.0
2022-05-31T01:00:00.000,subway,154,"116 St (C,B)",Manhattan,metrocard,Metrocard - Unlimited 30-Day,3.0,0.0
2022-05-31T20:00:00.000,subway,153,"125 St (A,C,B,D)",Manhattan,omny,OMNY - Full Fare,151.0,6.0
2022-05-31T20:00:00.000,subway,414,"Bowling Green (4,5)",Manhattan,metrocard,Metrocard - Unlimited 30-Day,25.0,0.0
2022-05-31T06:00:00.000,subway,158,"86 St (C,B)",Manhattan,metrocard,Metrocard - Other,4.0,0.0
2022-05-31T09:00:00.000,subway,147,175 St (A),Manhattan,metrocard,Metrocard - Students,31.0,4.0
2022-05-31T23:00:00.000,subway,155,"Cathedral Pkwy (110 St) (C,B)",Manhattan,metrocard,Metrocard - Unlimited 30-Day,2.0,0.0
2022-05-31T20:00:00.000,subway,157,"96 St (C,B)",Manhattan,metrocard,Metrocard - Other,4.0,1.0
2022-05-31T09:00:00.000,subway,144,Dyckman St (A),Manhattan,metrocard,Metrocard - Unlimited 30-Day,40.0,0.0
2022-05-31T15:00:00.000,subway,162,"50 St (C,E)",Manhattan,metrocard,Metrocard - Unlimited 30-Day,80.0,0.0
2022-05-31T08:00:00.000,subway,150,155 St (C),Manhattan,metrocard,Metrocard - Unlimited 30-Day,20.0,0.0
2022-05-31T02:00:00.000,subway,9,"57 St-7 Av (N,Q,R,W)",Manhattan,metrocard,Metrocard - Unlimited 7-Day,4.0,0.0
2022-05-31T08:00:00.000,subway,151,"145 St (A,C,B,D)",Manhattan,metrocard,Metrocard - Full Fare,292.0,12.0
2022-05-31T00:00:00.000,subway,607,"34 St-Herald Sq (B,D,F,M,N,Q,R,W)",Manhattan,metrocard,Metrocard - Seniors & Disability,7.0,1.0
2022-05-31T22:00:00.000,subway,16,"8 St-NYU (R,W)",Manhattan,omny,OMNY - Full Fare,133.0,0.0
2022-05-31T11:00:00.000,subway,14,"23 St (R,W)",Manhattan,metrocard,Metrocard - Unlimited 30-Day,35.0,0.0
2022-05-31T15:00:00.000,subway,605,"168 St (A,C,1)",Manhattan,metrocard,Metrocard - Fair Fare,65.0,0.0
2022-05-31T21:00:00.000,subway,413,"Wall St (4,5)",Manhattan,metrocard,Metrocard - Fair Fare,2.0,0.0
2022-05-31T14:00:00.000,subway,413,"Wall St (4,5)",Manhattan,metrocard,Metrocard - Unlimited 7-Day,78.0,0.0
2022-05-31T15:00:00.000,subway,605,"168 St (A,C,1)",Manhattan,omny,OMNY - Full Fare,350.0,2.0
2022-05-31T17:00:00.000,subway,156,"103 St (C,B)",Manhattan,metrocard,Metrocard - Seniors & Disability,6.0,0.0
2022-05-31T23:00:00.000,subway,149,163 St-Amsterdam Av (C),Manhattan,metrocard,Metrocard - Full Fare,2.0,0.0
2022-05-31T07:00:00.000,subway,151,"145 St (A,C,B,D)",Manhattan,metrocard,Metrocard - Other,58.0,0.0
2022-05-31T08:00:00.000,subway,159,"81 St-Museum of Natural History (C,B)",Manhattan,metrocard,Metrocard - Seniors & Disability,11.0,1.0
2022-05-31T01:00:00.000,subway,151,"145 St (A,C,B,D)",Manhattan,omny,OMNY - Full Fare,3.0,0.0
2022-05-31T16:00:00.000,subway,157,"96 St (C,B)",Manhattan,metrocard,Metrocard - Full Fare,205.0,66.0
2022-05-31T01:00:00.000,subway,153,"125 St (A,C,B,D)",Manhattan,metrocard,Metrocard - Unlimited 30-Day,4.0,0.0
2022-05-31T19:00:00.000,subway,147,175 St (A),Manhattan,metrocard,Metrocard - Full Fare,70.0,1.0
2022-05-31T10:00:00.000,subway,605,"168 St (A,C,1)",Manhattan,metrocard,Metrocard - Full Fare,123.0,3.0
2022-05-31T12:00:00.000,subway,152,"135 St (C,B)",Manhattan,metrocard,Metrocard - Unlimited 30-Day,25.0,0.0
2022-05-31T05:00:00.000,subway,157,"96 St (C,B)",Manhattan,metrocard,Metrocard - Seniors & Disability,1.0,0.0
2022-05-31T22:00:00.000,subway,155,"Cathedral Pkwy (110 St) (C,B)",Manhattan,metrocard,Metrocard - Full Fare,18.0,1.0
2022-05-31T19:00:00.000,subway,158,"86 St (C,B)",Manhattan,metrocard,Metrocard - Other,14.0,1.0
2022-05-31T23:00:00.000,subway,605,"168 St (A,C,1)",Manhattan,metrocard,Metrocard - Full Fare,36.0,0.0
2022-05-31T09:00:00.000,subway,409,Spring St (6),Manhattan,metrocard,Metrocard - Students,3.0,0.0
2022-05-31T11:00:00.000,subway,16,"8 St-NYU (R,W)",Manhattan,omny,OMNY - Full Fare,117.0,0.0
2022-05-31T07:00:00.000,subway,327,"Chambers St (1,2,3)",Manhattan,metrocard,Metrocard - Seniors & Disability,10.0,0.0
2022-05-31T02:00:00.000,subway,327,"Chambers St (1,2,3)",Manhattan,metrocard,Metrocard - Full Fare,1.0,0.0
2022-05-31T05:00:00.000,subway,327,"Chambers St (1,2,3)",Manhattan,metrocard,Metrocard - Full Fare,7.0,3.0
2022-05-31T19:00:00.000,subway,605,"168 St (A,C,1)",Manhattan,metrocard,Metrocard - Fair Fare,24.0,0.0
2022-05-31T23:00:00.000,subway,300,191 St (1),Manhattan,omny,OMNY - Full Fare,6.0,0.0
2022-05-31T09:00:00.000,subway,602,"14 St-Union Sq (L,N,Q,R,W,4,5,6)",Manhattan,metrocard,Metrocard - Other,95.0,2.0
2022-05-31T04:00:00.000,subway,150,155 St (C),Manhattan,metrocard,Metrocard - Unlimited 7-Day,3.0,0.0
2022-05-31T15:00:00.000,subway,413,"Wall St (4,5)",Manhattan,metrocard,Metrocard - Full Fare,227.0,4.0
2022-05-31T05:00:00.000,subway,159,"81 St-Museum of Natural History (C,B)",Manhattan,metrocard,Metrocard - Unlimited 30-Day,2.0,0.0
2022-05-31T09:00:00.000,subway,156,"103 St (C,B)",Manhattan,metrocard,Metrocard - Students,15.0,0.0
2022-05-31T09:00:00.000,subway,154,"116 St (C,B)",Manhattan,metrocard,Metrocard - Other,9.0,0.0
2022-05-31T19:00:00.000,subway,327,"Chambers St (1,2,3)",Manhattan,metrocard,Metrocard - Unlimited 7-Day,51.0,0.0
2022-05-31T09:00:00.000,subway,607,"34 St-Herald Sq (B,D,F,M,N,Q,R,W)",Manhattan,omny,OMNY - Full Fare,1065.0,37.0
2022-05-31T20:00:00.000,subway,147,175 St (A),Manhattan,metrocard,Metrocard - Unlimited 30-Day,11.0,0.0
2022-05-31T17:00:00.000,subway,160,"72 St (C,B)",Manhattan,metrocard,Metrocard - Seniors & Disability,25.0,6.0
2022-05-31T22:00:00.000,subway,152,"135 St (C,B)",Manhattan,metrocard,Metrocard - Unlimited 7-Day,5.0,0.0
2022-05-31T04:00:00.000,subway,158,"86 St (C,B)",Manhattan,metrocard,Metrocard - Unlimited 7-Day,2.0,0.0
2022-05-31T05:00:00.000,subway,145,190 St (A),Manhattan,metrocard,Metrocard - Unlimited 7-Day,4.0,0.0
2022-05-31T06:00:00.000,subway,333,"Wall St (2,3)",Manhattan,metrocard,Metrocard - Fair Fare,1.0,0.0
2022-05-31T03:00:00.000,subway,144,Dyckman St (A),Manhattan,metrocard,Metrocard - Unlimited 30-Day,1.0,0.0
2022-05-31T12:00:00.000,subway,155,"Cathedral Pkwy (110 St) (C,B)",Manhattan,metrocard,Metrocard - Fair Fare,9.0,0.0
2022-05-31T17:00:00.000,subway,605,"168 St (A,C,1)",Manhattan,metrocard,Metrocard - Fair Fare,65.0,0.0
2022-05-31T16:00:00.000,subway,14,"23 St (R,W)",Manhattan,metrocard,Metrocard - Seniors & Disability,23.0,1.0
2022-05-31T11:00:00.000,subway,157,"96 St (C,B)",Manhattan,omny,OMNY - Full Fare,83.0,6.0
2022-05-31T16:00:00.000,subway,9,"57 St-7 Av (N,Q,R,W)",Manhattan,metrocard,Metrocard - Students,70.0,8.0
2022-05-31T22:00:00.000,subway,159,"81 St-Museum of Natural History (C,B)",Manhattan,metrocard,Metrocard - Other,1.0,0.0
2022-05-31T13:00:00.000,subway,160,"72 St (C,B)",Manhattan,metrocard,Metrocard - Unlimited 30-Day,27.0,0.0
2022-05-31T00:00:00.000,subway,158,"86 St (C,B)",Manhattan,metrocard,Metrocard - Fair Fare,1.0,0.0
2022-05-31T02:00:00.000,subway,333,"Wall St (2,3)",Manhattan,omny,OMNY - Full Fare,1.0,0.0
2022-05-31T16:00:00.000,subway,152,"135 St (C,B)",Manhattan,metrocard,Metrocard - Fair Fare,16.0,1.0
2022-05-31T14:00:00.000,subway,607,"34 St-Herald Sq (B,D,F,M,N,Q,R,W)",Manhattan,metrocard,Metrocard - Unlimited 30-Day,347.0,0.0
2022-05-31T19:00:00.000,subway,145,190 St (A),Manhattan,metrocard,Metrocard - Other,2.0,0.0
2022-05-31T17:00:00.000,subway,149,163 St-Amsterdam Av (C),Manhattan,metrocard,Metrocard - Seniors & Disability,2.0,1.0
2022-05-31T01:00:00.000,subway,327,"Chambers St (1,2,3)",Manhattan,metrocard,Metrocard - Full Fare,1.0,0.0
2022-05-31T05:00:00.000,subway,605,"168 St (A,C,1)",Manhattan,metrocard,Metrocard - Unlimited 30-Day,27.0,0.0
2022-05-31T13:00:00.000,subway,13,"28 St (R,W)",Manhattan,omny,OMNY - Full Fare,103.0,1.0
2022-05-31T12:00:00.000,subway,607,"34 St-Herald Sq (B,D,F,M,N,Q,R,W)",Manhattan,metrocard,Metrocard - Unlimited 7-Day,354.0,0.0
2022-05-31T05:00:00.000,subway,146,181 St (A),Manhattan,metrocard,Metrocard - Students,2.0,0.0
2022-05-31T19:00:00.000,subway,158,"86 St (C,B)",Manhattan,omny,OMNY - Full Fare,115.0,11.0
2022-05-31T06:00:00.000,subway,160,"72 St (C,B)",Manhattan,metrocard,Metrocard - Unlimited 7-Day,2.0,0.0
2022-05-31T15:00:00.000,subway,326,Franklin St (1),Manhattan,omny,OMNY - Full Fare,55.0,0.0
2022-05-31T08:00:00.000,subway,607,"34 St-Herald Sq (B,D,F,M,N,Q,R,W)",Manhattan,metrocard,Metrocard - Seniors & Disability,78.0,4.0
2022-05-31T12:00:00.000,subway,143,Inwood-207 St (A),Manhattan,metrocard,Metrocard - Fair Fare,7.0,1.0
2022-05-31T07:00:00.000,subway,16,"8 St-NYU (R,W)",Manhattan,metrocard,Metrocard - Unlimited 7-Day,8.0,0.0
2022-05-31T06:00:00.000,subway,414,"Bowling Green (4,5)",Manhattan,omny,OMNY - Full Fare,111.0,73.0
2022-05-31T07:00:00.000,subway,162,"50 St (C,E)",Manhattan,metrocard,Metrocard - Fair Fare,4.0,0.0
2022-05-31T22:00:00.000,subway,413,"Wall St (4,5)",Manhattan,metrocard,Metrocard - Unlimited 7-Day,39.0,0.0
2022-05-31T17:00:00.000,subway,326,Franklin St (1),Manhattan,omny,OMNY - Full Fare,251.0,1.0
2022-05-31T21:00:00.000,subway,413,"Wall St (4,5)",Manhattan,omny,OMNY - Full Fare,77.0,1.0
2022-05-31T12:00:00.000,subway,150,155 St (C),Manhattan,metrocard,Metrocard - Seniors & Disability,2.0,0.0
2022-05-31T21:00:00.000,subway,607,"34 St-Herald Sq (B,D,F,M,N,Q,R,W)",Manhattan,metrocard,Metrocard - Students,3.0,0.0
2022-05-31T11:00:00.000,subway,150,155 St (C),Manhattan,metrocard,Metrocard - Students,5.0,0.0
2022-05-31T02:00:00.000,subway,413,"Wall St (4,5)",Manhattan,metrocard,Metrocard - Full Fare,1.0,0.0
2022-05-31T12:00:00.000,subway,162,"50 St (C,E)",Manhattan,metrocard,Metrocard - Students,25.0,0.0
2022-05-31T05:00:00.000,subway,329,Rector St (1),Manhattan,metrocard,Metrocard - Unlimited 30-Day,4.0,0.0
2022-05-31T21:00:00.000,subway,413,"Wall St (4,5)",Manhattan,metrocard,Metrocard - Seniors & Disability,6.0,0.0
2022-05-31T06:00:00.000,subway,414,"Bowling Green (4,5)",Manhattan,metrocard,Metrocard - Students,10.0,5.0
2022-05-31T08:00:00.000,subway,145,190 St (A),Manhattan,metrocard,Metrocard - Students,37.0,0.0
2022-05-31T20:00:00.000,subway,327,"Chambers St (1,2,3)",Manhattan,metrocard,Metrocard - Seniors & Disability,13.0,0.0
2022-05-31T23:00:00.000,subway,143,Inwood-207 St (A),Manhattan,metrocard,Metrocard - Unlimited 7-Day,7.0,0.0
2022-05-31T08:00:00.000,subway,602,"14 St-Union Sq (L,N,Q,R,W,4,5,6)",Manhattan,metrocard,Metrocard - Unlimited 7-Day,117.0,0.0
2022-05-31T12:00:00.000,subway,329,Rector St (1),Manhattan,metrocard,Metrocard - Other,12.0,0.0
2022-05-31T11:00:00.000,subway,146,181 St (A),Manhattan,metrocard,Metrocard - Seniors & Disability,27.0,0.0
2022-05-31T14:00:00.000,subway,327,"Chambers St (1,2,3)",Manhattan,metrocard,Metrocard - Unlimited 30-Day,72.0,0.0
2022-05-31T01:00:00.000,subway,13,"28 St (R,W)",Manhattan,metrocard,Metrocard - Fair Fare,2.0,0.0
2022-05-31T06:00:00.000,subway,9,"57 St-7 Av (N,Q,R,W)",Manhattan,metrocard,Metrocard - Students,2.0,0.0
2022-05-31T20:00:00.000,subway,16,"8 St-NYU (R,W)",Manhattan,metrocard,Metrocard - Unlimited 7-Day,57.0,0.0
2022-05-31T13:00:00.000,subway,153,"125 St (A,C,B,D)",Manhattan,omny,OMNY - Other,2.0,0.0
2022-05-31T03:00:00.000,subway,414,"Bowling Green (4,5)",Manhattan,metrocard,Metrocard - Unlimited 7-Day,5.0,0.0
2022-05-31T04:00:00.000,subway,152,"135 St (C,B)",Manhattan,metrocard,Metrocard - Other,5.0,0.0
2022-05-31T08:00:00.000,subway,162,"50 St (C,E)",Manhattan,metrocard,Metrocard - Other,35.0,0.0
2022-05-31T04:00:00.000,subway,14,"23 St (R,W)",Manhattan,metrocard,Metrocard - Fair Fare,2.0,0.0
2022-05-31T05:00:00.000,subway,414,"Bowling Green (4,5)",Manhattan,metrocard,Metrocard - Unlimited 30-Day,10.0,0.0
2022-05-31T21:00:00.000,subway,329,Rector St (1),Manhattan,metrocard,Metrocard - Seniors & Disability,2.0,0.0
2022-05-31T15:00:00.000,subway,150,155 St (C),Manhattan,metrocard,Metrocard - Fair Fare,7.0,1.0
2022-05-31T00:00:00.000,subway,602,"14 St-Union Sq (L,N,Q,R,W,4,5,6)",Manhattan,metrocard,Metrocard - Seniors & Disability,11.0,0.0
2022-05-31T12:00:00.000,subway,159,"81 St-Museum of Natural History (C,B)",Manhattan,metrocard,Metrocard - Students,4.0,0.0
2022-05-31T19:00:00.000,subway,149,163 St-Amsterdam Av (C),Manhattan,omny,OMNY - Full Fare,19.0,3.0
2022-05-31T11:00:00.000,subway,16,"8 St-NYU (R,W)",Manhattan,metrocard,Metrocard - Fair Fare,4.0,0.0
2022-05-31T21:00:00.000,subway,162,"50 St (C,E)",Manhattan,omny,OMNY - Full Fare,359.0,0.0
2022-05-31T09:00:00.000,subway,16,"8 St-NYU (R,W)",Manhattan,metrocard,Metrocard - Students,5.0,0.0
2022-05-31T10:00:00.000,subway,407,Astor Pl (6),Manhattan,omny,OMNY - Full Fare,141.0,0.0
2022-05-31T12:00:00.000,subway,162,"50 St (C,E)",Manhattan,metrocard,Metrocard - Full Fare,95.0,1.0
2022-05-31T02:00:00.000,subway,409,Spring St (6),Manhattan,metrocard,Metrocard - Unlimited 30-Day,1.0,0.0
2022-05-31T00:00:00.000,subway,154,"116 St (C,B)",Manhattan,omny,OMNY - Full Fare,12.0,0.0
2022-05-31T18:00:00.000,subway,156,"103 St (C,B)",Manhattan,metrocard,Metrocard - Fair Fare,6.0,0.0
2022-05-31T17:00:00.000,subway,16,"8 St-NYU (R,W)",Manhattan,metrocard,Metrocard - Students,17.0,0.0
2022-05-31T22:00:00.000,subway,329,Rector St (1),Manhattan,metrocard,Metrocard - Fair Fare,1.0,0.0
2022-05-31T20:00:00.000,subway,160,"72 St (C,B)",Manhattan,metrocard,Metrocard - Seniors & Disability,8.0,0.0
2022-05-31T02:00:00.000,subway,14,"23 St (R,W)",Manhattan,metrocard,Metrocard - Unlimited 7-Day,5.0,0.0
2022-05-31T14:00:00.000,subway,327,"Chambers St (1,2,3)",Manhattan,metrocard,Metrocard - Students,230.0,0.0
2022-05-31T18:00:00.000,subway,414,"Bowling Green (4,5)",Manhattan,omny,OMNY - Full Fare,447.0,10.0
2022-05-31T19:00:00.000,subway,413,"Wall St (4,5)",Manhattan,metrocard,Metrocard - Unlimited 30-Day,54.0,0.0
2022-05-31T21:00:00.000,subway,13,"28 St (R,W)",Manhattan,metrocard,Metrocard - Unlimited 7-Day,55.0,0.0
2022-05-31T12:00:00.000,subway,160,"72 St (C,B)",Manhattan,metrocard,Metrocard - Fair Fare,2.0,0.0
2022-05-31T15:00:00.000,subway,605,"168 St (A,C,1)",Manhattan,metrocard,Metrocard - Seniors & Disability,43.0,2.0
2022-05-31T22:00:00.000,subway,602,"14 St-Union Sq (L,N,Q,R,W,4,5,6)",Manhattan,metrocard,Metrocard - Other,74.0,0.0
2022-05-31T18:00:00.000,subway,144,Dyckman St (A),Manhattan,metrocard,Metrocard - Full Fare,35.0,0.0
2022-05-31T13:00:00.000,subway,156,"103 St (C,B)",Manhattan,metrocard,Metrocard - Unlimited 7-Day,28.0,0.0
2022-05-31T08:00:00.000,subway,157,"96 St (C,B)",Manhattan,metrocard,Metrocard - Fair Fare,10.0,2.0
2022-05-31T15:00:00.000,subway,146,181 St (A),Manhattan,metrocard,Metrocard - Unlimited 7-Day,34.0,0.0
2022-05-31T19:00:00.000,subway,150,155 St (C),Manhattan,metrocard,Metrocard - Unlimited 7-Day,3.0,0.0
2022-05-31T15:00:00.000,subway,154,"116 St (C,B)",Manhattan,metrocard,Metrocard - Unlimited 30-Day,47.0,0.0
2022-05-31T09:00:00.000,subway,145,190 St (A),Manhattan,metrocard,Metrocard - Other,15.0,0.0
2022-05-31T15:00:00.000,subway,156,"103 St (C,B)",Manhattan,metrocard,Metrocard - Full Fare,43.0,0.0
2022-05-31T09:00:00.000,subway,156,"103 St (C,B)",Manhattan,metrocard,Metrocard - Full Fare,47.0,0.0
2022-05-31T02:00:00.000,subway,159,"81 St-Museum of Natural History (C,B)",Manhattan,metrocard,Metrocard - Unlimited 7-Day,1.0,0.0
2022-05-31T16:00:00.000,subway,605,"168 St (A,C,1)",Manhattan,metrocard,Metrocard - Unlimited 30-Day,262.0,0.0
2022-05-31T12:00:00.000,subway,157,"96 St (C,B)",Manhattan,metrocard,Metrocard - Students,6.0,0.0
2022-05-31T17:00:00.000,subway,409,Spring St (6),Manhattan,metrocard,Metrocard - Unlimited 30-Day,74.0,0.0
2022-05-31T14:00:00.000,subway,328,WTC Cortlandt (1),Manhattan,metrocard,Metrocard - Unlimited 30-Day,22.0,0.0
2022-05-31T00:00:00.000,subway,328,WTC Cortlandt (1),Manhattan,metrocard,Metrocard - Other,1.0,0.0
2022-05-31T21:00:00.000,subway,601,"14 St (F,M,1,2,3)/6 Av (L)",Manhattan,metrocard,Metrocard - Full Fare,228.0,3.0
2022-05-31T13:00:00.000,subway,155,"Cathedral Pkwy (110 St) (C,B)",Manhattan,metrocard,Metrocard - Unlimited 30-Day,27.0,0.0
2022-05-31T23:00:00.000,subway,160,"72 St (C,B)",Manhattan,metrocard,Metrocard - Fair Fare,1.0,0.0
2022-05-31T22:00:00.000,subway,601,"14 St (F,M,1,2,3)/6 Av (L)",Manhattan,metrocard,Metrocard - Fair Fare,27.0,1.0
2022-05-31T15:00:00.000,subway,16,"8 St-NYU (R,W)",Manhattan,metrocard,Metrocard - Other,21.0,1.0
2022-05-31T09:00:00.000,subway,157,"96 St (C,B)",Manhattan,metrocard,Metrocard - Full Fare,76.0,7.0
2022-05-31T05:00:00.000,subway,153,"125 St (A,C,B,D)",Manhattan,omny,OMNY - Full Fare,41.0,2.0
2022-05-31T16:00:00.000,subway,144,Dyckman St (A),Manhattan,omny,OMNY - Full Fare,83.0,1.0
2022-05-31T22:00:00.000,subway,409,Spring St (6),Manhattan,metrocard,Metrocard - Unlimited 30-Day,18.0,0.0
2022-05-31T08:00:00.000,subway,143,Inwood-207 St (A),Manhattan,metrocard,Metrocard - Seniors & Disability,26.0,6.0
2022-05-31T03:00:00.000,subway,9,"57 St-7 Av (N,Q,R,W)",Manhattan,metrocard,Metrocard - Full Fare,3.0,0.0
2022-05-31T23:00:00.000,subway,602,"14 St-Union Sq (L,N,Q,R,W,4,5,6)",Manhattan,metrocard,Metrocard - Fair Fare,45.0,1.0
2022-05-31T10:00:00.000,subway,147,175 St (A),Manhattan,metrocard,Metrocard - Other,13.0,2.0
2022-05-31T05:00:00.000,subway,156,"103 St (C,B)",Manhattan,omny,OMNY - Full Fare,2.0,0.0
2022-05-31T08:00:00.000,subway,327,"Chambers St (1,2,3)",Manhattan,metrocard,Metrocard - Students,63.0,3.0
2022-05-31T01:00:00.000,subway,146,181 St (A),Manhattan,metrocard,Metrocard - Full Fare,2.0,0.0
2022-05-31T07:00:00.000,subway,145,190 St (A),Manhattan,metrocard,Metrocard - Seniors & Disability,12.0,0.0
2022-05-31T23:00:00.000,subway,607,"34 St-Herald Sq (B,D,F,M,N,Q,R,W)",Manhattan,metrocard,Metrocard - Full Fare,219.0,2.0
2022-05-31T22:00:00.000,subway,151,"145 St (A,C,B,D)",Manhattan,metrocard,Metrocard - Fair Fare,10.0,0.0
2022-05-31T09:00:00.000,subway,157,"96 St (C,B)",Manhattan,metrocard,Metrocard - Unlimited 30-Day,42.0,0.0
2022-05-31T15:00:00.000,subway,158,"86 St (C,B)",Manhattan,metrocard,Metrocard - Students,185.0,6.0
2022-05-31T10:00:00.000,subway,146,181 St (A),Manhattan,metrocard,Metrocard - Unlimited 7-Day,29.0,0.0
2022-05-31T17:00:00.000,subway,153,"125 St (A,C,B,D)",Manhattan,metrocard,Metrocard - Full Fare,342.0,40.0
2022-05-31T10:00:00.000,subway,158,"86 St (C,B)",Manhattan,metrocard,Metrocard - Unlimited 30-Day,26.0,0.0
2022-05-31T01:00:00.000,subway,607,"34 St-Herald Sq (B,D,F,M,N,Q,R,W)",Manhattan,metrocard,Metrocard - Fair Fare,6.0,0.0
2022-05-31T22:00:00.000,subway,150,155 St (C),Manhattan,metrocard,Metrocard - Unlimited 7-Day,2.0,0.0
2022-05-31T08:00:00.000,subway,154,"116 St (C,B)",Manhattan,metrocard,Metrocard - Seniors & Disability,10.0,0.0
2022-05-31T16:00:00.000,subway,151,"145 St (A,C,B,D)",Manhattan,metrocard,Metrocard - Seniors & Disability,23.0,2.0
2022-05-31T19:00:00.000,subway,329,Rector St (1),Manhattan,metrocard,Metrocard - Full Fare,36.0,0.0
2022-05-31T15:00:00.000,subway,328,WTC Cortlandt (1),Manhattan,metrocard,Metrocard - Fair Fare,5.0,0.0
2022-05-31T09:00:00.000,subway,151,"145 St (A,C,B,D)",Manhattan,metrocard,Metrocard - Unlimited 30-Day,168.0,0.0
2022-05-31T02:00:00.000,subway,13,"28 St (R,W)",Manhattan,omny,OMNY - Full Fare,2.0,0.0
2022-05-31T20:00:00.000,subway,153,"125 St (A,C,B,D)",Manhattan,metrocard,Metrocard - Fair Fare,30.0,2.0
2022-05-31T02:00:00.000,subway,14,"23 St (R,W)",Manhattan,omny,OMNY - Full Fare,7.0,0.0
2022-05-31T04:00:00.000,subway,605,"168 St (A,C,1)",Manhattan,metrocard,Metrocard - Other,2.0,0.0
2022-05-31T03:00:00.000,subway,414,"Bowling Green (4,5)",Manhattan,metrocard,Metrocard - Full Fare,2.0,1.0
2022-05-31T08:00:00.000,subway,14,"23 St (R,W)",Manhattan,metrocard,Metrocard - Students,10.0,2.0
2022-05-31T14:00:00.000,subway,333,"Wall St (2,3)",Manhattan,metrocard,Metrocard - Full Fare,163.0,1.0
2022-05-31T15:00:00.000,subway,327,"Chambers St (1,2,3)",Manhattan,metrocard,Metrocard - Other,47.0,0.0
2022-05-31T11:00:00.000,subway,146,181 St (A),Manhattan,metrocard,Metrocard - Fair Fare,7.0,0.0
2022-05-31T01:00:00.000,subway,602,"14 St-Union Sq (L,N,Q,R,W,4,5,6)",Manhattan,metrocard,Metrocard - Full Fare,30.0,0.0
2022-05-31T16:00:00.000,subway,333,"Wall St (2,3)",Manhattan,omny,OMNY - Full Fare,499.0,0.0
2022-05-31T00:00:00.000,subway,605,"168 St (A,C,1)",Manhattan,metrocard,Metrocard - Unlimited 30-Day,10.0,0.0
2022-05-31T05:00:00.000,subway,407,Astor Pl (6),Manhattan,metrocard,Metrocard - Full Fare,7.0,0.0
2022-05-31T16:00:00.000,subway,146,181 St (A),Manhattan,omny,OMNY - Full Fare,114.0,1.0
2022-05-31T19:00:00.000,subway,160,"72 St (C,B)",Manhattan,metrocard,Metrocard - Full Fare,75.0,2.0
2022-05-31T20:00:00.000,subway,329,Rector St (1),Manhattan,metrocard,Metrocard - Unlimited 30-Day,9.0,0.0
2022-05-31T21:00:00.000,subway,405,23 St (6),Manhattan,metrocard,Metrocard - Other,9.0,0.0
2022-05-31T23:00:00.000,subway,405,23 St (6),Manhattan,metrocard,Metrocard - Other,8.0,0.0
2022-05-31T23:00:00.000,subway,607,"34 St-Herald Sq (B,D,F,M,N,Q,R,W)",Manhattan,metrocard,Metrocard - Seniors & Disability,14.0,0.0
2022-05-31T22:00:00.000,subway,160,"72 St (C,B)",Manhattan,metrocard,Metrocard - Other,6.0,0.0
2022-05-31T11:00:00.000,subway,407,Astor Pl (6),Manhattan,metrocard,Metrocard - Fair Fare,3.0,0.0
2022-05-31T19:00:00.000,subway,154,"116 St (C,B)",Manhattan,metrocard,Metrocard - Unlimited 7-Day,39.0,0.0
2022-05-31T21:00:00.000,subway,9,"57 St-7 Av (N,Q,R,W)",Manhattan,metrocard,Metrocard - Unlimited 7-Day,113.0,0.0
2022-05-31T16:00:00.000,subway,156,"103 St (C,B)",Manhattan,metrocard,Metrocard - Other,13.0,0.0
2022-05-31T20:00:00.000,subway,143,Inwood-207 St (A),Manhattan,omny,OMNY - Full Fare,22.0,0.0
2022-05-31T13:00:00.000,subway,147,175 St (A),Manhattan,metrocard,Metrocard - Fair Fare,19.0,0.0
2022-05-31T09:00:00.000,subway,152,"135 St (C,B)",Manhattan,metrocard,Metrocard - Other,12.0,0.0
2022-05-31T00:00:00.000,subway,144,Dyckman St (A),Manhattan,metrocard,Metrocard - Full Fare,3.0,0.0
2022-05-31T22:00:00.000,subway,407,Astor Pl (6),Manhattan,metrocard,Metrocard - Unlimited 30-Day,51.0,0.0
2022-05-31T00:00:00.000,subway,153,"125 St (A,C,B,D)",Manhattan,omny,OMNY - Full Fare,19.0,1.0
2022-05-31T08:00:00.000,subway,143,Inwood-207 St (A),Manhattan,metrocard,Metrocard - Unlimited 30-Day,111.0,0.0
2022-05-31T08:00:00.000,subway,155,"Cathedral Pkwy (110 St) (C,B)",Manhattan,metrocard,Metrocard - Unlimited 30-Day,111.0,0.0
2022-05-31T00:00:00.000,subway,143,Inwood-207 St (A),Manhattan,metrocard,Metrocard - Other,6.0,0.0
2022-05-31T15:00:00.000,subway,327,"Chambers St (1,2,3)",Manhattan,metrocard,Metrocard - Full Fare,277.0,1.0
2022-05-31T16:00:00.000,subway,146,181 St (A),Manhattan,metrocard,Metrocard - Other,7.0,0.0
2022-05-31T22:00:00.000,subway,144,Dyckman St (A),Manhattan,metrocard,Metrocard - Unlimited 7-Day,2.0,0.0
2022-05-31T16:00:00.000,subway,157,"96 St (C,B)",Manhattan,metrocard,Metrocard - Unlimited 7-Day,82.0,0.0
2022-05-31T20:00:00.000,subway,158,"86 St (C,B)",Manhattan,metrocard,Metrocard - Unlimited 30-Day,42.0,0.0
2022-05-31T17:00:00.000,subway,329,Rector St (1),Manhattan,metrocard,Metrocard - Unlimited 7-Day,42.0,0.0
2022-05-31T13:00:00.000,subway,405,23 St (6),Manhattan,metrocard,Metrocard - Seniors & Disability,30.0,8.0
2022-05-31T13:00:00.000,subway,414,"Bowling Green (4,5)",Manhattan,metrocard,Metrocard - Other,77.0,1.0
2022-05-31T13:00:00.000,subway,13,"28 St (R,W)",Manhattan,metrocard,Metrocard - Fair Fare,7.0,0.0
2022-05-31T13:00:00.000,subway,152,"135 St (C,B)",Manhattan,metrocard,Metrocard - Students,29.0,0.0
2022-05-31T08:00:00.000,subway,147,175 St (A),Manhattan,metrocard,Metrocard - Unlimited 7-Day,67.0,0.0
2022-05-31T04:00:00.000,subway,155,"Cathedral Pkwy (110 St) (C,B)",Manhattan,metrocard,Metrocard - Full Fare,4.0,0.0
2022-05-31T04:00:00.000,subway,157,"96 St (C,B)",Manhattan,omny,OMNY - Full Fare,1.0,0.0
2022-05-31T11:00:00.000,subway,145,190 St (A),Manhattan,metrocard,Metrocard - Fair Fare,3.0,0.0
2022-05-31T20:00:00.000,subway,146,181 St (A),Manhattan,metrocard,Metrocard - Students,5.0,0.0
2022-05-31T21:00:00.000,subway,162,"50 St (C,E)",Manhattan,metrocard,Metrocard - Unlimited 7-Day,144.0,0.0
2022-05-31T00:00:00.000,subway,407,Astor Pl (6),Manhattan,metrocard,Metrocard - Full Fare,27.0,0.0
2022-05-31T22:00:00.000,subway,162,"50 St (C,E)",Manhattan,metrocard,Metrocard - Unlimited 30-Day,47.0,0.0
2022-05-31T20:00:00.000,subway,9,"57 St-7 Av (N,Q,R,W)",Manhattan,metrocard,Metrocard - Full Fare,214.0,5.0
2022-05-31T14:00:00.000,subway,413,"Wall St (4,5)",Manhattan,metrocard,Metrocard - Unlimited 30-Day,49.0,0.0
2022-05-31T12:00:00.000,subway,13,"28 St (R,W)",Manhattan,metrocard,Metrocard - Full Fare,57.0,0.0
2022-05-31T14:00:00.000,subway,152,"135 St (C,B)",Manhattan,omny,OMNY - Full Fare,76.0,0.0
2022-05-31T15:00:00.000,subway,407,Astor Pl (6),Manhattan,metrocard,Metrocard - Unlimited 7-Day,69.0,0.0
2022-05-31T14:00:00.000,subway,405,23 St (6),Manhattan,metrocard,Metrocard - Students,205.0,0.0
2022-05-31T22:00:00.000,subway,601,"14 St (F,M,1,2,3)/6 Av (L)",Manhattan,metrocard,Metrocard - Unlimited 30-Day,80.0,0.0
2022-05-31T07:00:00.000,subway,333,"Wall St (2,3)",Manhattan,metrocard,Metrocard - Seniors & Disability,5.0,0.0
2022-05-31T14:00:00.000,subway,9,"57 St-7 Av (N,Q,R,W)",Manhattan,metrocard,Metrocard - Seniors & Disability,54.0,3.0
2022-05-31T17:00:00.000,subway,328,WTC Cortlandt (1),Manhattan,metrocard,Metrocard - Students,5.0,0.0
2022-05-31T21:00:00.000,subway,150,155 St (C),Manhattan,metrocard,Metrocard - Full Fare,4.0,0.0
2022-05-31T07:00:00.000,subway,607,"34 St-Herald Sq (B,D,F,M,N,Q,R,W)",Manhattan,omny,OMNY - Full Fare,741.0,35.0
2022-05-31T05:00:00.000,subway,602,"14 St-Union Sq (L,N,Q,R,W,4,5,6)",Manhattan,omny,OMNY - Full Fare,27.0,3.0
2022-05-31T11:00:00.000,subway,327,"Chambers St (1,2,3)",Manhattan,metrocard,Metrocard - Fair Fare,4.0,0.0
2022-05-31T19:00:00.000,subway,14,"23 St (R,W)",Manhattan,metrocard,Metrocard - Students,8.0,0.0
2022-05-31T21:00:00.000,subway,151,"145 St (A,C,B,D)",Manhattan,metrocard,Metrocard - Other,18.0,0.0
2022-05-31T09:00:00.000,subway,607,"34 St-Herald Sq (B,D,F,M,N,Q,R,W)",Manhattan,metrocard,Metrocard - Unlimited 30-Day,230.0,0.0
2022-05-31T07:00:00.000,subway,156,"103 St (C,B)",Manhattan,metrocard,Metrocard - Other,20.0,0.0
2022-05-31T19:00:00.000,subway,407,Astor Pl (6),Manhattan,metrocard,Metrocard - Full Fare,118.0,2.0
2022-05-31T17:00:00.000,subway,605,"168 St (A,C,1)",Manhattan,metrocard,Metrocard - Unlimited 30-Day,310.0,0.0
2022-05-31T10:00:00.000,subway,413,"Wall St (4,5)",Manhattan,metrocard,Metrocard - Other,19.0,0.0
2022-05-31T07:00:00.000,subway,149,163 St-Amsterdam Av (C),Manhattan,metrocard,Metrocard - Seniors & Disability,7.0,0.0
2022-05-31T08:00:00.000,subway,407,Astor Pl (6),Manhattan,omny,OMNY - Full Fare,475.0,6.0
2022-05-31T17:00:00.000,subway,151,"145 St (A,C,B,D)",Manhattan,metrocard,Metrocard - Unlimited 30-Day,120.0,0.0
2022-05-31T07:00:00.000,subway,13,"28 St (R,W)",Manhattan,metrocard,Metrocard - Other,6.0,0.0
2022-05-31T06:00:00.000,subway,405,23 St (6),Manhattan,metrocard,Metrocard - Other,13.0,3.0
2022-05-31T16:00:00.000,subway,153,"125 St (A,C,B,D)",Manhattan,metrocard,Metrocard - Unlimited 30-Day,221.0,0.0
2022-05-31T12:00:00.000,subway,154,"116 St (C,B)",Manhattan,metrocard,Metrocard - Full Fare,53.0,4.0
2022-05-31T06:00:00.000,subway,328,WTC Cortlandt (1),Manhattan,omny,OMNY - Full Fare,52.0,1.0
2022-05-31T06:00:00.000,subway,153,"125 St (A,C,B,D)",Manhattan,metrocard,Metrocard - Seniors & Disability,13.0,2.0
2022-05-31T10:00:00.000,subway,145,190 St (A),Manhattan,metrocard,Metrocard - Fair Fare,1.0,0.0
2022-05-31T12:00:00.000,subway,409,Spring St (6),Manhattan,metrocard,Metrocard - Unlimited 7-Day,44.0,0.0
2022-05-31T14:00:00.000,subway,13,"28 St (R,W)",Manhattan,metrocard,Metrocard - Unlimited 30-Day,36.0,0.0
2022-05-31T17:00:00.000,subway,162,"50 St (C,E)",Manhattan,metrocard,Metrocard - Fair Fare,24.0,1.0
2022-05-31T15:00:00.000,subway,155,"Cathedral Pkwy (110 St) (C,B)",Manhattan,metrocard,Metrocard - Other,7.0,0.0
2022-05-31T17:00:00.000,subway,158,"86 St (C,B)",Manhattan,metrocard,Metrocard - Unlimited 30-Day,125.0,0.0
2022-05-31T12:00:00.000,subway,9,"57 St-7 Av (N,Q,R,W)",Manhattan,metrocard,Metrocard - Fair Fare,19.0,0.0
2022-05-31T12:00:00.000,subway,407,Astor Pl (6),Manhattan,metrocard,Metrocard - Fair Fare,3.0,0.0
2022-05-31T15:00:00.000,subway,159,"81 St-Museum of Natural History (C,B)",Manhattan,metrocard,Metrocard - Fair Fare,17.0,0.0
2022-05-31T01:00:00.000,subway,157,"96 St (C,B)",Manhattan,metrocard,Metrocard - Fair Fare,1.0,0.0
2022-05-31T18:00:00.000,subway,147,175 St (A),Manhattan,metrocard,Metrocard - Fair Fare,14.0,1.0
2022-05-31T22:00:00.000,subway,409,Spring St (6),Manhattan,metrocard,Metrocard - Other,1.0,0.0
2022-05-31T19:00:00.000,subway,413,"Wall St (4,5)",Manhattan,metrocard,Metrocard - Students,3.0,0.0
2022-05-31T19:00:00.000,subway,151,"145 St (A,C,B,D)",Manhattan,metrocard,Metrocard - Students,18.0,1.0
2022-05-31T17:00:00.000,subway,13,"28 St (R,W)",Manhattan,omny,OMNY - Full Fare,368.0,0.0
2022-05-31T05:00:00.000,subway,157,"96 St (C,B)",Manhattan,metrocard,Metrocard - Unlimited 7-Day,2.0,0.0
2022-05-31T23:00:00.000,subway,609,"Bryant Pk (B,D,F,M)/5 Av (7)",Manhattan,metrocard,Metrocard - Fair Fare,20.0,0.0
2022-05-31T11:00:00.000,subway,601,"14 St (F,M,1,2,3)/6 Av (L)",Manhattan,metrocard,Metrocard - Unlimited 30-Day,85.0,0.0
2022-05-31T23:00:00.000,subway,602,"14 St-Union Sq (L,N,Q,R,W,4,5,6)",Manhattan,metrocard,Metrocard - Seniors & Disability,16.0,1.0
2022-05-31T18:00:00.000,subway,160,"72 St (C,B)",Manhattan,metrocard,Metrocard - Seniors & Disability,25.0,1.0
2022-05-31T22:00:00.000,subway,151,"145 St (A,C,B,D)",Manhattan,metrocard,Metrocard - Seniors & Disability,3.0,0.0
2022-05-31T10:00:00.000,subway,9,"57 St-7 Av (N,Q,R,W)",Manhattan,metrocard,Metrocard - Other,23.0,0.0
2022-05-31T07:00:00.000,subway,157,"96 St (C,B)",Manhattan,omny,OMNY - Full Fare,118.0,6.0
2022-05-31T18:00:00.000,subway,329,Rector St (1),Manhattan,omny,OMNY - Full Fare,151.0,1.0
2022-05-31T15:00:00.000,subway,149,163 St-Amsterdam Av (C),Manhattan,omny,OMNY - Full Fare,47.0,8.0
2022-05-31T06:00:00.000,subway,147,175 St (A),Manhattan,metrocard,Metrocard - Students,22.0,0.0
2022-05-31T00:00:00.000,subway,9,"57 St-7 Av (N,Q,R,W)",Manhattan,omny,OMNY - Full Fare,45.0,0.0
2022-05-31T22:00:00.000,subway,414,"Bowling Green (4,5)",Manhattan,metrocard,Metrocard - Fair Fare,11.0,2.0
2022-05-31T16:00:00.000,subway,328,WTC Cortlandt (1),Manhattan,metrocard,Metrocard - Unlimited 30-Day,54.0,0.0
2022-05-31T23:00:00.000,subway,146,181 St (A),Manhattan,metrocard,Metrocard - Unlimited 7-Day,2.0,0.0
2022-05-31T01:00:00.000,subway,414,"Bowling Green (4,5)",Manhattan,metrocard,Metrocard - Unlimited 30-Day,1.0,0.0
2022-05-31T07:00:00.000,subway,160,"72 St (C,B)",Manhattan,omny,OMNY - Full Fare,68.0,2.0
2022-05-31T02:00:00.000,subway,162,"50 St (C,E)",Manhattan,omny,OMNY - Full Fare,3.0,0.0
2022-05-31T08:00:00.000,subway,146,181 St (A),Manhattan,metrocard,Metrocard - Other,47.0,1.0
2022-05-31T18:00:00.000,subway,414,"Bowling Green (4,5)",Manhattan,omny,OMNY - Other,1.0,0.0
2022-05-31T19:00:00.000,subway,149,163 St-Amsterdam Av (C),Manhattan,metrocard,Metrocard - Students,3.0,0.0
2022-05-31T15:00:00.000,subway,153,"125 St (A,C,B,D)",Manhattan,metrocard,Metrocard - Other,76.0,4.0
2022-05-31T11:00:00.000,subway,602,"14 St-Union Sq (L,N,Q,R,W,4,5,6)",Manhattan,metrocard,Metrocard - Unlimited 7-Day,167.0,0.0
2022-05-31T09:00:00.000,subway,159,"81 St-Museum of Natural History (C,B)",Manhattan,metrocard,Metrocard - Fair Fare,1.0,1.0
2022-05-31T15:00:00.000,subway,407,Astor Pl (6),Manhattan,metrocard,Metrocard - Full Fare,127.0,0.0
2022-05-31T09:00:00.000,subway,605,"168 St (A,C,1)",Manhattan,metrocard,Metrocard - Other,27.0,0.0
2022-05-31T05:00:00.000,subway,16,"8 St-NYU (R,W)",Manhattan,metrocard,Metrocard - Seniors & Disability,1.0,0.0
2022-05-31T11:00:00.000,subway,333,"Wall St (2,3)",Manhattan,metrocard,Metrocard - Fair Fare,3.0,0.0
2022-05-31T07:00:00.000,subway,147,175 St (A),Manhattan,metrocard,Metrocard - Fair Fare,28.0,0.0
2022-05-31T05:00:00.000,subway,9,"57 St-7 Av (N,Q,R,W)",Manhattan,omny,OMNY - Full Fare,9.0,1.0
2022-05-31T11:00:00.000,subway,9,"57 St-7 Av (N,Q,R,W)",Manhattan,metrocard,Metrocard - Full Fare,150.0,3.0
2022-05-31T12:00:00.000,subway,607,"34 St-Herald Sq (B,D,F,M,N,Q,R,W)",Manhattan,omny,OMNY - Full Fare,755.0,7.0
2022-05-31T00:00:00.000,subway,147,175 St (A),Manhattan,metrocard,Metrocard - Full Fare,4.0,0.0
2022-05-31T15:00:00.000,subway,409,Spring St (6),Manhattan,metrocard,Metrocard - Unlimited 30-Day,40.0,0.0
2022-05-31T15:00:00.000,subway,413,"Wall St (4,5)",Manhattan,metrocard,Metrocard - Other,27.0,0.0
2022-05-31T20:00:00.000,subway,14,"23 St (R,W)",Manhattan,metrocard,Metrocard - Full Fare,120.0,0.0
2022-05-31T01:00:00.000,subway,154,"116 St (C,B)",Manhattan,metrocard,Metrocard - Fair Fare,1.0,0.0
2022-05-31T19:00:00.000,subway,160,"72 St (C,B)",Manhattan,metrocard,Metrocard - Unlimited 30-Day,43.0,0.0
2022-05-31T18:00:00.000,subway,13,"28 St (R,W)",Manhattan,metrocard,Metrocard - Fair Fare,7.0,0.0
2022-05-31T16:00:00.000,subway,143,Inwood-207 St (A),Manhattan,metrocard,Metrocard - Students,11.0,1.0
2022-05-31T16:00:00.000,subway,16,"8 St-NYU (R,W)",Manhattan,metrocard,Metrocard - Unlimited 7-Day,73.0,0.0
2022-05-31T10:00:00.000,subway,407,Astor Pl (6),Manhattan,metrocard,Metrocard - Other,12.0,0.0
2022-05-31T13:00:00.000,subway,409,Spring St (6),Manhattan,metrocard,Metrocard - Students,5.0,0.0
2022-05-31T21:00:00.000,subway,143,Inwood-207 St (A),Manhattan,metrocard,Metrocard - Full Fare,7.0,2.0
2022-05-31T02:00:00.000,subway,16,"8 St-NYU (R,W)",Manhattan,omny,OMNY - Full Fare,2.0,0.0
2022-05-31T14:00:00.000,subway,144,Dyckman St (A),Manhattan,omny,OMNY - Full Fare,58.0,2.0
2022-05-31T10:00:00.000,subway,152,"135 St (C,B)",Manhattan,metrocard,Metrocard - Other,5.0,0.0
2022-05-31T23:00:00.000,subway,152,"135 St (C,B)",Manhattan,metrocard,Metrocard - Unlimited 7-Day,3.0,0.0
2022-05-31T07:00:00.000,subway,158,"86 St (C,B)",Manhattan,metrocard,Metrocard - Unlimited 30-Day,47.0,0.0
2022-05-31T17:00:00.000,subway,9,"57 St-7 Av (N,Q,R,W)",Manhattan,metrocard,Metrocard - Seniors & Disability,65.0,7.0
2022-05-31T05:00:00.000,subway,145,190 St (A),Manhattan,metrocard,Metrocard - Fair Fare,3.0,0.0
2022-05-31T06:00:00.000,subway,605,"168 St (A,C,1)",Manhattan,metrocard,Metrocard - Seniors & Disability,12.0,1.0
2022-05-31T08:00:00.000,subway,153,"125 St (A,C,B,D)",Manhattan,metrocard,Metrocard - Students,187.0,8.0
2022-05-31T18:00:00.000,subway,152,"135 St (C,B)",Manhattan,metrocard,Metrocard - Unlimited 7-Day,24.0,0.0
2022-05-31T18:00:00.000,subway,413,"Wall St (4,5)",Manhattan,metrocard,Metrocard - Students,19.0,0.0
2022-05-31T20:00:00.000,subway,326,Franklin St (1),Manhattan,omny,OMNY - Full Fare,55.0,0.0
2022-05-31T11:00:00.000,subway,405,23 St (6),Manhattan,metrocard,Metrocard - Other,17.0,0.0
2022-05-31T20:00:00.000,subway,605,"168 St (A,C,1)",Manhattan,metrocard,Metrocard - Seniors & Disability,11.0,1.0
2022-05-31T20:00:00.000,subway,162,"50 St (C,E)",Manhattan,metrocard,Metrocard - Fair Fare,14.0,0.0
2022-05-31T13:00:00.000,subway,475,96 St (Q),Manhattan,omny,OMNY - Full Fare,124.0,3.0
2022-05-31T13:00:00.000,subway,143,Inwood-207 St (A),Manhattan,metrocard,Metrocard - Fair Fare,10.0,0.0
2022-05-31T12:00:00.000,subway,405,23 St (6),Manhattan,metrocard,Metrocard - Seniors & Disability,33.0,6.0
2022-05-31T08:00:00.000,subway,146,181 St (A),Manhattan,metrocard,Metrocard - Seniors & Disability,35.0,1.0
2022-05-31T13:00:00.000,subway,159,"81 St-Museum of Natural History (C,B)",Manhattan,omny,OMNY - Full Fare,124.0,4.0
2022-05-31T05:00:00.000,subway,144,Dyckman St (A),Manhattan,metrocard,Metrocard - Other,2.0,0.0
2022-05-31T05:00:00.000,subway,146,181 St (A),Manhattan,metrocard,Metrocard - Unlimited 30-Day,25.0,0.0
2022-05-31T22:00:00.000,subway,414,"Bowling Green (4,5)",Manhattan,metrocard,Metrocard - Full Fare,57.0,6.0
2022-05-31T12:00:00.000,subway,607,"34 St-Herald Sq (B,D,F,M,N,Q,R,W)",Manhattan,metrocard,Metrocard - Seniors & Disability,122.0,8.0
2022-05-31T10:00:00.000,subway,157,"96 St (C,B)",Manhattan,metrocard,Metrocard - Fair Fare,7.0,0.0
2022-05-31T01:00:00.000,subway,329,Rector St (1),Manhattan,omny,OMNY - Full Fare,2.0,0.0
2022-05-31T05:00:00.000,subway,153,"125 St (A,C,B,D)",Manhattan,metrocard,Metrocard - Students,5.0,0.0
2022-05-31T21:00:00.000,subway,160,"72 St (C,B)",Manhattan,metrocard,Metrocard - Fair Fare,3.0,0.0
2022-05-31T18:00:00.000,subway,155,"Cathedral Pkwy (110 St) (C,B)",Manhattan,metrocard,Metrocard - Fair Fare,9.0,0.0
2022-05-31T21:00:00.000,subway,413,"Wall St (4,5)",Manhattan,metrocard,Metrocard - Unlimited 7-Day,30.0,0.0
2022-05-31T12:00:00.000,subway,143,Inwood-207 St (A),Manhattan,metrocard,Metrocard - Other,24.0,2.0
2022-05-31T23:00:00.000,subway,157,"96 St (C,B)",Manhattan,metrocard,Metrocard - Unlimited 30-Day,9.0,0.0
2022-05-31T00:00:00.000,subway,144,Dyckman St (A),Manhattan,omny,OMNY - Full Fare,3.0,0.0
2022-05-31T19:00:00.000,subway,329,Rector St (1),Manhattan,metrocard,Metrocard - Seniors & Disability,1.0,0.0
2022-05-31T10:00:00.000,subway,159,"81 St-Museum of Natural History (C,B)",Manhattan,metrocard,Metrocard - Students,6.0,1.0
2022-05-31T14:00:00.000,subway,327,"Chambers St (1,2,3)",Manhattan,metrocard,Metrocard - Fair Fare,23.0,1.0
2022-05-31T12:00:00.000,subway,160,"72 St (C,B)",Manhattan,metrocard,Metrocard - Students,2.0,0.0
2022-05-31T13:00:00.000,subway,158,"86 St (C,B)",Manhattan,metrocard,Metrocard - Students,17.0,0.0
2022-05-31T22:00:00.000,subway,407,Astor Pl (6),Manhattan,metrocard,Metrocard - Unlimited 7-Day,71.0,0.0
2022-05-31T02:00:00.000,subway,607,"34 St-Herald Sq (B,D,F,M,N,Q,R,W)",Manhattan,omny,OMNY - Full Fare,30.0,0.0
2022-05-31T14:00:00.000,subway,149,163 St-Amsterdam Av (C),Manhattan,metrocard,Metrocard - Other,2.0,0.0
2022-05-31T05:00:00.000,subway,162,"50 St (C,E)",Manhattan,metrocard,Metrocard - Other,4.0,0.0
2022-05-31T09:00:00.000,subway,159,"81 St-Museum of Natural History (C,B)",Manhattan,metrocard,Metrocard - Other,21.0,1.0
2022-05-31T22:00:00.000,subway,143,Inwood-207 St (A),Manhattan,metrocard,Metrocard - Unlimited 7-Day,11.0,0.0
2022-05-31T06:00:00.000,subway,16,"8 St-NYU (R,W)",Manhattan,metrocard,Metrocard - Other,6.0,0.0
2022-05-31T19:00:00.000,subway,607,"34 St-Herald Sq (B,D,F,M,N,Q,R,W)",Manhattan,omny,OMNY - Full Fare,1655.0,14.0
2022-05-31T13:00:00.000,subway,145,190 St (A),Manhattan,omny,OMNY - Full Fare,27.0,0.0
2022-05-31T06:00:00.000,subway,602,"14 St-Union Sq (L,N,Q,R,W,4,5,6)",Manhattan,metrocard,Metrocard - Seniors & Disability,16.0,6.0
2022-05-31T16:00:00.000,subway,155,"Cathedral Pkwy (110 St) (C,B)",Manhattan,metrocard,Metrocard - Full Fare,109.0,4.0
2022-05-31T14:00:00.000,subway,601,"14 St (F,M,1,2,3)/6 Av (L)",Manhattan,metrocard,Metrocard - Fair Fare,42.0,2.0
2022-05-31T07:00:00.000,subway,162,"50 St (C,E)",Manhattan,omny,OMNY - Full Fare,151.0,0.0
2022-05-31T09:00:00.000,subway,329,Rector St (1),Manhattan,metrocard,Metrocard - Fair Fare,2.0,0.0
2022-05-31T02:00:00.000,subway,601,"14 St (F,M,1,2,3)/6 Av (L)",Manhattan,metrocard,Metrocard - Unlimited 7-Day,9.0,0.0
2022-05-31T18:00:00.000,subway,156,"103 St (C,B)",Manhattan,metrocard,Metrocard - Full Fare,43.0,1.0
2022-05-31T12:00:00.000,subway,413,"Wall St (4,5)",Manhattan,metrocard,Metrocard - Unlimited 30-Day,49.0,0.0
2022-05-31T14:00:00.000,subway,154,"116 St (C,B)",Manhattan,metrocard,Metrocard - Full Fare,64.0,7.0
2022-05-31T07:00:00.000,subway,329,Rector St (1),Manhattan,metrocard,Metrocard - Seniors & Disability,3.0,1.0
2022-05-31T22:00:00.000,subway,607,"34 St-Herald Sq (B,D,F,M,N,Q,R,W)",Manhattan,metrocard,Metrocard - Other,92.0,0.0
2022-05-31T04:00:00.000,subway,145,190 St (A),Manhattan,metrocard,Metrocard - Full Fare,1.0,0.0
2022-05-31T12:00:00.000,subway,414,"Bowling Green (4,5)",Manhattan,metrocard,Metrocard - Seniors & Disability,22.0,4.0
2022-05-31T05:00:00.000,subway,414,"Bowling Green (4,5)",Manhattan,metrocard,Metrocard - Full Fare,60.0,29.0
2022-05-31T19:00:00.000,subway,154,"116 St (C,B)",Manhattan,metrocard,Metrocard - Seniors & Disability,6.0,2.0
2022-05-31T08:00:00.000,subway,327,"Chambers St (1,2,3)",Manhattan,omny,OMNY - Full Fare,250.0,4.0
2022-05-31T16:00:00.000,subway,160,"72 St (C,B)",Manhattan,metrocard,Metrocard - Other,19.0,0.0
2022-05-31T18:00:00.000,subway,155,"Cathedral Pkwy (110 St) (C,B)",Manhattan,metrocard,Metrocard - Unlimited 30-Day,38.0,0.0
2022-05-31T14:00:00.000,subway,413,"Wall St (4,5)",Manhattan,metrocard,Metrocard - Seniors & Disability,15.0,0.0
2022-05-31T15:00:00.000,subway,144,Dyckman St (A),Manhattan,metrocard,Metrocard - Unlimited 30-Day,34.0,0.0
2022-05-31T22:00:00.000,subway,156,"103 St (C,B)",Manhattan,metrocard,Metrocard - Seniors & Disability,1.0,0.0
2022-05-31T11:00:00.000,subway,154,"116 St (C,B)",Manhattan,metrocard,Metrocard - Students,10.0,0.0
2022-05-31T12:00:00.000,subway,13,"28 St (R,W)",Manhattan,metrocard,Metrocard - Unlimited 30-Day,32.0,0.0
2022-05-31T22:00:00.000,subway,601,"14 St (F,M,1,2,3)/6 Av (L)",Manhattan,metrocard,Metrocard - Full Fare,151.0,3.0
2022-05-31T03:00:00.000,subway,143,Inwood-207 St (A),Manhattan,metrocard,Metrocard - Full Fare,1.0,0.0
2022-05-31T09:00:00.000,subway,144,Dyckman St (A),Manhattan,metrocard,Metrocard - Unlimited 7-Day,29.0,0.0
2022-05-31T18:00:00.000,subway,143,Inwood-207 St (A),Manhattan,metrocard,Metrocard - Unlimited 30-Day,23.0,0.0
2022-05-31T03:00:00.000,subway,407,Astor Pl (6),Manhattan,omny,OMNY - Full Fare,2.0,0.0
2022-05-31T15:00:00.000,subway,154,"116 St (C,B)",Manhattan,omny,OMNY - Full Fare,97.0,5.0
2022-05-31T23:00:00.000,subway,327,"Chambers St (1,2,3)",Manhattan,metrocard,Metrocard - Full Fare,38.0,0.0
2022-05-31T19:00:00.000,subway,9,"57 St-7 Av (N,Q,R,W)",Manhattan,metrocard,Metrocard - Unlimited 7-Day,123.0,0.0
2022-05-31T03:00:00.000,subway,607,"34 St-Herald Sq (B,D,F,M,N,Q,R,W)",Manhattan,metrocard,Metrocard - Unlimited 30-Day,9.0,0.0
2022-05-31T16:00:00.000,subway,329,Rector St (1),Manhattan,metrocard,Metrocard - Other,61.0,0.0
2022-05-31T05:00:00.000,subway,146,181 St (A),Manhattan,metrocard,Metrocard - Other,7.0,0.0
2022-05-31T06:00:00.000,subway,155,"Cathedral Pkwy (110 St) (C,B)",Manhattan,metrocard,Metrocard - Full Fare,27.0,0.0
2022-05-31T11:00:00.000,subway,414,"Bowling Green (4,5)",Manhattan,omny,OMNY - Full Fare,112.0,17.0
2022-05-31T09:00:00.000,subway,405,23 St (6),Manhattan,metrocard,Metrocard - Students,10.0,0.0
2022-05-31T02:00:00.000,subway,405,23 St (6),Manhattan,omny,OMNY - Full Fare,2.0,0.0
2022-05-31T19:00:00.000,subway,16,"8 St-NYU (R,W)",Manhattan,metrocard,Metrocard - Fair Fare,8.0,0.0
2022-05-31T00:00:00.000,subway,162,"50 St (C,E)",Manhattan,metrocard,Metrocard - Fair Fare,2.0,0.0
2022-05-31T19:00:00.000,subway,14,"23 St (R,W)",Manhattan,metrocard,Metrocard - Unlimited 7-Day,107.0,0.0
2022-05-31T08:00:00.000,subway,150,155 St (C),Manhattan,metrocard,Metrocard - Seniors & Disability,4.0,0.0
2022-05-31T09:00:00.000,subway,146,181 St (A),Manhattan,omny,OMNY - Full Fare,183.0,2.0
2022-05-31T01:00:00.000,subway,159,"81 St-Museum of Natural History (C,B)",Manhattan,metrocard,Metrocard - Unlimited 30-Day,4.0,0.0
2022-05-31T06:00:00.000,subway,157,"96 St (C,B)",Manhattan,metrocard,Metrocard - Full Fare,15.0,1.0
2022-05-31T14:00:00.000,subway,160,"72 St (C,B)",Manhattan,metrocard,Metrocard - Fair Fare,5.0,1.0
2022-05-31T21:00:00.000,subway,157,"96 St (C,B)",Manhattan,metrocard,Metrocard - Full Fare,21.0,0.0
2022-05-31T08:00:00.000,subway,143,Inwood-207 St (A),Manhattan,metrocard,Metrocard - Fair Fare,34.0,4.0
2022-05-31T21:00:00.000,subway,149,163 St-Amsterdam Av (C),Manhattan,metrocard,Metrocard - Seniors & Disability,1.0,0.0
2022-05-31T22:00:00.000,subway,144,Dyckman St (A),Manhattan,metrocard,Metrocard - Full Fare,6.0,0.0
2022-05-31T08:00:00.000,subway,329,Rector St (1),Manhattan,metrocard,Metrocard - Unlimited 7-Day,36.0,0.0
2022-05-31T06:00:00.000,subway,333,"Wall St (2,3)",Manhattan,metrocard,Metrocard - Seniors & Disability,1.0,0.0
2022-05-31T12:00:00.000,subway,160,"72 St (C,B)",Manhattan,metrocard,Metrocard - Full Fare,61.0,0.0
2022-05-31T12:00:00.000,subway,602,"14 St-Union Sq (L,N,Q,R,W,4,5,6)",Manhattan,metrocard,Metrocard - Unlimited 30-Day,217.0,0.0
2022-05-31T11:00:00.000,subway,328,WTC Cortlandt (1),Manhattan,metrocard,Metrocard - Full Fare,82.0,0.0
2022-05-31T04:00:00.000,subway,153,"125 St (A,C,B,D)",Manhattan,metrocard,Metrocard - Unlimited 7-Day,17.0,0.0
2022-05-31T22:00:00.000,subway,155,"Cathedral Pkwy (110 St) (C,B)",Manhattan,metrocard,Metrocard - Other,2.0,0.0
2022-05-31T06:00:00.000,subway,601,"14 St (F,M,1,2,3)/6 Av (L)",Manhattan,metrocard,Metrocard - Students,7.0,0.0
2022-05-31T23:00:00.000,subway,13,"28 St (R,W)",Manhattan,metrocard,Metrocard - Unlimited 30-Day,27.0,0.0
2022-05-31T17:00:00.000,subway,601,"14 St (F,M,1,2,3)/6 Av (L)",Manhattan,metrocard,Metrocard - Students,87.0,3.0
2022-05-31T09:00:00.000,subway,154,"116 St (C,B)",Manhattan,metrocard,Metrocard - Seniors & Disability,10.0,1.0
2022-05-31T18:00:00.000,subway,153,"125 St (A,C,B,D)",Manhattan,metrocard,Metrocard - Students,78.0,4.0
2022-05-31T14:00:00.000,subway,607,"34 St-Herald Sq (B,D,F,M,N,Q,R,W)",Manhattan,metrocard,Metrocard - Full Fare,950.0,19.0
2022-05-31T13:00:00.000,subway,333,"Wall St (2,3)",Manhattan,metrocard,Metrocard - Full Fare,105.0,1.0
2022-05-31T16:00:00.000,subway,605,"168 St (A,C,1)",Manhattan,metrocard,Metrocard - Students,88.0,0.0
2022-05-31T17:00:00.000,subway,407,Astor Pl (6),Manhattan,metrocard,Metrocard - Unlimited 7-Day,83.0,0.0
2022-05-31T06:00:00.000,subway,602,"14 St-Union Sq (L,N,Q,R,W,4,5,6)",Manhattan,metrocard,Metrocard - Students,14.0,4.0
2022-05-31T23:00:00.000,subway,407,Astor Pl (6),Manhattan,metrocard,Metrocard - Other,2.0,0.0
2022-05-31T16:00:00.000,subway,16,"8 St-NYU (R,W)",Manhattan,metrocard,Metrocard - Full Fare,209.0,0.0
2022-05-31T00:00:00.000,subway,147,175 St (A),Manhattan,metrocard,Metrocard - Unlimited 30-Day,1.0,0.0
2022-05-31T11:00:00.000,subway,602,"14 St-Union Sq (L,N,Q,R,W,4,5,6)",Manhattan,omny,OMNY - Full Fare,510.0,10.0
2022-05-31T07:00:00.000,subway,16,"8 St-NYU (R,W)",Manhattan,metrocard,Metrocard - Unlimited 30-Day,26.0,0.0
2022-05-31T17:00:00.000,subway,407,Astor Pl (6),Manhattan,metrocard,Metrocard - Unlimited 30-Day,100.0,0.0
2022-05-31T16:00:00.000,subway,153,"125 St (A,C,B,D)",Manhattan,metrocard,Metrocard - Fair Fare,105.0,7.0
2022-05-31T21:00:00.000,subway,9,"57 St-7 Av (N,Q,R,W)",Manhattan,metrocard,Metrocard - Other,47.0,0.0
2022-05-31T01:00:00.000,subway,150,155 St (C),Manhattan,metrocard,Metrocard - Fair Fare,1.0,0.0
2022-05-31T10:00:00.000,subway,145,190 St (A),Manhattan,metrocard,Metrocard - Unlimited 30-Day,17.0,0.0
2022-05-31T16:00:00.000,subway,405,23 St (6),Manhattan,metrocard,Metrocard - Other,62.0,1.0
2022-05-31T06:00:00.000,subway,147,175 St (A),Manhattan,metrocard,Metrocard - Unlimited 7-Day,85.0,0.0
2022-05-31T02:00:00.000,subway,155,"Cathedral Pkwy (110 St) (C,B)",Manhattan,metrocard,Metrocard - Unlimited 30-Day,2.0,0.0
2022-05-31T20:00:00.000,subway,159,"81 St-Museum of Natural History (C,B)",Manhattan,metrocard,Metrocard - Seniors & Disability,4.0,1.0
2022-05-31T05:00:00.000,subway,409,Spring St (6),Manhattan,metrocard,Metrocard - Unlimited 30-Day,3.0,0.0
2022-05-31T15:00:00.000,subway,151,"145 St (A,C,B,D)",Manhattan,metrocard,Metrocard - Fair Fare,58.0,2.0
2022-05-31T03:00:00.000,subway,605,"168 St (A,C,1)",Manhattan,metrocard,Metrocard - Unlimited 7-Day,2.0,0.0
2022-05-31T01:00:00.000,subway,16,"8 St-NYU (R,W)",Manhattan,metrocard,Metrocard - Full Fare,7.0,0.0
2022-05-31T14:00:00.000,subway,154,"116 St (C,B)",Manhattan,metrocard,Metrocard - Seniors & Disability,10.0,1.0
2022-05-31T00:00:00.000,subway,405,23 St (6),Manhattan,metrocard,Metrocard - Unlimited 30-Day,12.0,0.0
2022-05-31T19:00:00.000,subway,409,Spring St (6),Manhattan,metrocard,Metrocard - Seniors & Disability,1.0,0.0
2022-05-31T03:00:00.000,subway,144,Dyckman St (A),Manhattan,metrocard,Metrocard - Seniors & Disability,1.0,0.0
2022-05-31T23:00:00.000,subway,144,Dyckman St (A),Manhattan,metrocard,Metrocard - Fair Fare,1.0,0.0
2022-05-31T19:00:00.000,subway,143,Inwood-207 St (A),Manhattan,metrocard,Metrocard - Seniors & Disability,5.0,1.0
2022-05-31T01:00:00.000,subway,151,"145 St (A,C,B,D)",Manhattan,metrocard,Metrocard - Other,1.0,0.0
2022-05-31T11:00:00.000,subway,152,"135 St (C,B)",Manhattan,metrocard,Metrocard - Unlimited 30-Day,15.0,0.0
2022-05-31T21:00:00.000,subway,144,Dyckman St (A),Manhattan,metrocard,Metrocard - Unlimited 7-Day,13.0,0.0
2022-05-31T17:00:00.000,subway,14,"23 St (R,W)",Manhattan,omny,OMNY - Full Fare,605.0,8.0
2022-05-31T23:00:00.000,subway,405,23 St (6),Manhattan,metrocard,Metrocard - Full Fare,78.0,2.0
2022-05-31T14:00:00.000,subway,605,"168 St (A,C,1)",Manhattan,metrocard,Metrocard - Unlimited 7-Day,92.0,0.0
2022-05-31T03:00:00.000,subway,605,"168 St (A,C,1)",Manhattan,metrocard,Metrocard - Full Fare,4.0,0.0
2022-05-31T12:00:00.000,subway,333,"Wall St (2,3)",Manhattan,omny,OMNY - Full Fare,98.0,0.0
2022-05-31T19:00:00.000,subway,157,"96 St (C,B)",Manhattan,metrocard,Metrocard - Full Fare,79.0,22.0
2022-05-31T13:00:00.000,subway,409,Spring St (6),Manhattan,metrocard,Metrocard - Unlimited 7-Day,44.0,0.0
2022-05-31T20:00:00.000,subway,327,"Chambers St (1,2,3)",Manhattan,metrocard,Metrocard - Unlimited 7-Day,38.0,0.0
2022-05-31T14:00:00.000,subway,151,"145 St (A,C,B,D)",Manhattan,metrocard,Metrocard - Full Fare,168.0,5.0
2022-05-31T15:00:00.000,subway,602,"14 St-Union Sq (L,N,Q,R,W,4,5,6)",Manhattan,metrocard,Metrocard - Unlimited 30-Day,498.0,0.0
2022-05-31T22:00:00.000,subway,327,"Chambers St (1,2,3)",Manhattan,metrocard,Metrocard - Other,12.0,0.0
2022-05-31T07:00:00.000,subway,14,"23 St (R,W)",Manhattan,omny,OMNY - Full Fare,80.0,6.0
2022-05-31T17:00:00.000,subway,159,"81 St-Museum of Natural History (C,B)",Manhattan,metrocard,Metrocard - Unlimited 30-Day,115.0,0.0
2022-05-31T13:00:00.000,subway,414,"Bowling Green (4,5)",Manhattan,metrocard,Metrocard - Unlimited 7-Day,111.0,0.0
2022-05-31T10:00:00.000,subway,329,Rector St (1),Manhattan,metrocard,Metrocard - Unlimited 7-Day,52.0,0.0
2022-05-31T22:00:00.000,subway,602,"14 St-Union Sq (L,N,Q,R,W,4,5,6)",Manhattan,omny,OMNY - Full Fare,871.0,6.0
2022-05-31T18:00:00.000,subway,14,"23 St (R,W)",Manhattan,metrocard,Metrocard - Full Fare,269.0,10.0
2022-05-31T10:00:00.000,subway,409,Spring St (6),Manhattan,metrocard,Metrocard - Seniors & Disability,7.0,1.0
2022-05-31T22:00:00.000,subway,405,23 St (6),Manhattan,metrocard,Metrocard - Seniors & Disability,4.0,0.0
2022-05-31T10:00:00.000,subway,152,"135 St (C,B)",Manhattan,omny,OMNY - Full Fare,47.0,0.0
2022-05-31T14:00:00.000,subway,145,190 St (A),Manhattan,metrocard,Metrocard - Students,12.0,0.0
2022-05-31T11:00:00.000,subway,605,"168 St (A,C,1)",Manhattan,omny,OMNY - Full Fare,160.0,3.0
2022-05-31T03:00:00.000,subway,326,Franklin St (1),Manhattan,omny,OMNY - Full Fare,2.0,0.0
2022-05-31T09:00:00.000,subway,158,"86 St (C,B)",Manhattan,metrocard,Metrocard - Full Fare,84.0,10.0
2022-05-31T00:00:00.000,subway,409,Spring St (6),Manhattan,metrocard,Metrocard - Fair Fare,1.0,0.0
2022-05-31T19:00:00.000,subway,151,"145 St (A,C,B,D)",Manhattan,omny,OMNY - Full Fare,89.0,1.0
2022-05-31T06:00:00.000,subway,155,"Cathedral Pkwy (110 St) (C,B)",Manhattan,metrocard,Metrocard - Other,8.0,0.0
2022-05-31T18:00:00.000,subway,157,"96 St (C,B)",Manhattan,metrocard,Metrocard - Other,28.0,3.0
2022-05-31T03:00:00.000,subway,605,"168 St (A,C,1)",Manhattan,metrocard,Metrocard - Seniors & Disability,1.0,0.0
2022-05-31T23:00:00.000,subway,149,163 St-Amsterdam Av (C),Manhattan,metrocard,Metrocard - Fair Fare,1.0,0.0
2022-05-31T21:00:00.000,subway,601,"14 St (F,M,1,2,3)/6 Av (L)",Manhattan,metrocard,Metrocard - Unlimited 30-Day,121.0,0.0
2022-05-31T14:00:00.000,subway,160,"72 St (C,B)",Manhattan,metrocard,Metrocard - Unlimited 30-Day,42.0,0.0
2022-05-31T00:00:00.000,subway,602,"14 St-Union Sq (L,N,Q,R,W,4,5,6)",Manhattan,omny,OMNY - Full Fare,175.0,2.0
2022-05-31T17:00:00.000,subway,162,"50 St (C,E)",Manhattan,metrocard,Metrocard - Other,40.0,0.0
2022-05-31T12:00:00.000,subway,155,"Cathedral Pkwy (110 St) (C,B)",Manhattan,metrocard,Metrocard - Unlimited 7-Day,35.0,0.0
2022-05-31T03:00:00.000,subway,156,"103 St (C,B)",Manhattan,metrocard,Metrocard - Seniors & Disability,1.0,0.0
2022-05-31T14:00:00.000,subway,601,"14 St (F,M,1,2,3)/6 Av (L)",Manhattan,omny,OMNY - Full Fare,457.0,5.0
2022-05-31T06:00:00.000,subway,149,163 St-Amsterdam Av (C),Manhattan,metrocard,Metrocard - Unlimited 7-Day,54.0,0.0
2022-05-31T10:00:00.000,subway,151,"145 St (A,C,B,D)",Manhattan,metrocard,Metrocard - Other,34.0,1.0
2022-05-31T00:00:00.000,subway,13,"28 St (R,W)",Manhattan,metrocard,Metrocard - Other,1.0,0.0
2022-05-31T07:00:00.000,subway,16,"8 St-NYU (R,W)",Manhattan,metrocard,Metrocard - Seniors & Disability,4.0,0.0
2022-05-31T11:00:00.000,subway,607,"34 St-Herald Sq (B,D,F,M,N,Q,R,W)",Manhattan,metrocard,Metrocard - Unlimited 7-Day,274.0,0.0
2022-05-31T14:00:00.000,subway,413,"Wall St (4,5)",Manhattan,omny,OMNY - Full Fare,184.0,5.0
2022-05-31T04:00:00.000,subway,9,"57 St-7 Av (N,Q,R,W)",Manhattan,metrocard,Metrocard - Unlimited 7-Day,10.0,0.0
2022-05-31T23:00:00.000,subway,329,Rector St (1),Manhattan,metrocard,Metrocard - Full Fare,12.0,0.0
2022-05-31T15:00:00.000,subway,158,"86 St (C,B)",Manhattan,metrocard,Metrocard - Fair Fare,19.0,0.0
2022-05-31T07:00:00.000,subway,155,"Cathedral Pkwy (110 St) (C,B)",Manhattan,metrocard,Metrocard - Fair Fare,10.0,1.0
2022-05-31T23:00:00.000,subway,147,175 St (A),Manhattan,metrocard,Metrocard - Other,3.0,0.0
2022-05-31T08:00:00.000,subway,607,"34 St-Herald Sq (B,D,F,M,N,Q,R,W)",Manhattan,metrocard,Metrocard - Students,44.0,3.0
2022-05-31T10:00:00.000,subway,143,Inwood-207 St (A),Manhattan,metrocard,Metrocard - Students,8.0,0.0
2022-05-31T10:00:00.000,subway,9,"57 St-7 Av (N,Q,R,W)",Manhattan,omny,OMNY - Full Fare,177.0,3.0
2022-05-31T17:00:00.000,subway,162,"50 St (C,E)",Manhattan,omny,OMNY - Full Fare,452.0,4.0
2022-05-31T07:00:00.000,subway,407,Astor Pl (6),Manhattan,metrocard,Metrocard - Fair Fare,2.0,0.0
2022-05-31T07:00:00.000,subway,159,"81 St-Museum of Natural History (C,B)",Manhattan,omny,OMNY - Full Fare,89.0,5.0
2022-05-31T16:00:00.000,subway,413,"Wall St (4,5)",Manhattan,metrocard,Metrocard - Seniors & Disability,35.0,0.0
2022-05-31T09:00:00.000,subway,14,"23 St (R,W)",Manhattan,omny,OMNY - Other,2.0,0.0
2022-05-31T19:00:00.000,subway,145,190 St (A),Manhattan,metrocard,Metrocard - Full Fare,15.0,0.0
2022-05-31T12:00:00.000,subway,327,"Chambers St (1,2,3)",Manhattan,metrocard,Metrocard - Full Fare,113.0,0.0
2022-05-31T20:00:00.000,subway,151,"145 St (A,C,B,D)",Manhattan,metrocard,Metrocard - Unlimited 30-Day,31.0,0.0
2022-05-31T09:00:00.000,subway,601,"14 St (F,M,1,2,3)/6 Av (L)",Manhattan,metrocard,Metrocard - Fair Fare,18.0,5.0
2022-05-31T08:00:00.000,subway,150,155 St (C),Manhattan,metrocard,Metrocard - Students,39.0,2.0
2022-05-31T12:00:00.000,subway,144,Dyckman St (A),Manhattan,metrocard,Metrocard - Fair Fare,4.0,0.0
2022-05-31T19:00:00.000,subway,159,"81 St-Museum of Natural History (C,B)",Manhattan,metrocard,Metrocard - Fair Fare,7.0,1.0
2022-05-31T20:00:00.000,subway,13,"28 St (R,W)",Manhattan,omny,OMNY - Full Fare,106.0,1.0
2022-05-31T16:00:00.000,subway,162,"50 St (C,E)",Manhattan,metrocard,Metrocard - Full Fare,289.0,7.0
2022-05-31T23:00:00.000,subway,601,"14 St (F,M,1,2,3)/6 Av (L)",Manhattan,metrocard,Metrocard - Unlimited 7-Day,93.0,0.0
2022-05-31T05:00:00.000,subway,160,"72 St (C,B)",Manhattan,metrocard,Metrocard - Students,1.0,0.0
2022-05-31T11:00:00.000,subway,153,"125 St (A,C,B,D)",Manhattan,metrocard,Metrocard - Fair Fare,45.0,2.0
2022-05-31T14:00:00.000,subway,156,"103 St (C,B)",Manhattan,metrocard,Metrocard - Other,11.0,0.0
2022-05-31T05:00:00.000,subway,162,"50 St (C,E)",Manhattan,metrocard,Metrocard - Unlimited 30-Day,5.0,0.0
2022-05-31T08:00:00.000,subway,14,"23 St (R,W)",Manhattan,metrocard,Metrocard - Full Fare,87.0,13.0
2022-05-31T17:00:00.000,subway,16,"8 St-NYU (R,W)",Manhattan,metrocard,Metrocard - Unlimited 30-Day,113.0,0.0
2022-05-31T07:00:00.000,subway,154,"116 St (C,B)",Manhattan,metrocard,Metrocard - Other,22.0,0.0
2022-05-31T20:00:00.000,subway,149,163 St-Amsterdam Av (C),Manhattan,omny,OMNY - Full Fare,10.0,2.0
2022-05-31T11:00:00.000,subway,146,181 St (A),Manhattan,omny,OMNY - Full Fare,90.0,3.0
2022-05-31T14:00:00.000,subway,329,Rector St (1),Manhattan,metrocard,Metrocard - Seniors & Disability,5.0,0.0
2022-05-31T17:00:00.000,subway,158,"86 St (C,B)",Manhattan,metrocard,Metrocard - Other,32.0,3.0
2022-05-31T12:00:00.000,subway,601,"14 St (F,M,1,2,3)/6 Av (L)",Manhattan,metrocard,Metrocard - Students,21.0,0.0
2022-05-31T09:00:00.000,subway,162,"50 St (C,E)",Manhattan,metrocard,Metrocard - Full Fare,90.0,0.0
2022-05-31T18:00:00.000,subway,13,"28 St (R,W)",Manhattan,metrocard,Metrocard - Seniors & Disability,9.0,0.0
2022-05-31T18:00:00.000,subway,153,"125 St (A,C,B,D)",Manhattan,metrocard,Metrocard - Unlimited 30-Day,140.0,0.0
2022-05-31T17:00:00.000,subway,405,23 St (6),Manhattan,metrocard,Metrocard - Seniors & Disability,39.0,6.0
2022-05-31T21:00:00.000,subway,16,"8 St-NYU (R,W)",Manhattan,metrocard,Metrocard - Unlimited 7-Day,37.0,0.0
2022-05-31T14:00:00.000,subway,158,"86 St (C,B)",Manhattan,metrocard,Metrocard - Unlimited 7-Day,66.0,0.0
2022-05-31T13:00:00.000,subway,14,"23 St (R,W)",Manhattan,metrocard,Metrocard - Other,14.0,0.0
2022-05-31T13:00:00.000,subway,13,"28 St (R,W)",Manhattan,metrocard,Metrocard - Students,4.0,0.0
2022-05-31T02:00:00.000,subway,151,"145 St (A,C,B,D)",Manhattan,metrocard,Metrocard - Fair Fare,1.0,0.0
2022-05-31T01:00:00.000,subway,153,"125 St (A,C,B,D)",Manhattan,metrocard,Metrocard - Fair Fare,2.0,0.0
2022-05-31T14:00:00.000,subway,14,"23 St (R,W)",Manhattan,metrocard,Metrocard - Seniors & Disability,20.0,4.0
2022-05-31T10:00:00.000,subway,409,Spring St (6),Manhattan,omny,OMNY - Full Fare,67.0,0.0
2022-05-31T15:00:00.000,subway,329,Rector St (1),Manhattan,metrocard,Metrocard - Students,49.0,0.0
2022-05-31T09:00:00.000,subway,150,155 St (C),Manhattan,metrocard,Metrocard - Other,9.0,0.0
2022-05-31T06:00:00.000,subway,160,"72 St (C,B)",Manhattan,metrocard,Metrocard - Other,6.0,0.0
2022-05-31T13:00:00.000,subway,329,Rector St (1),Manhattan,metrocard,Metrocard - Full Fare,40.0,3.0
2022-05-31T17:00:00.000,subway,144,Dyckman St (A),Manhattan,metrocard,Metrocard - Students,18.0,0.0
2022-05-31T02:00:00.000,subway,409,Spring St (6),Manhattan,metrocard,Metrocard - Full Fare,1.0,0.0
2022-05-31T10:00:00.000,subway,9,"57 St-7 Av (N,Q,R,W)",Manhattan,metrocard,Metrocard - Unlimited 30-Day,62.0,0.0
2022-05-31T16:00:00.000,subway,143,Inwood-207 St (A),Manhattan,metrocard,Metrocard - Full Fare,93.0,14.0
2022-05-31T02:00:00.000,subway,605,"168 St (A,C,1)",Manhattan,metrocard,Metrocard - Other,2.0,0.0
2022-05-31T07:00:00.000,subway,605,"168 St (A,C,1)",Manhattan,metrocard,Metrocard - Unlimited 7-Day,129.0,0.0
2022-05-31T14:00:00.000,subway,143,Inwood-207 St (A),Manhattan,omny,OMNY - Full Fare,58.0,6.0
2022-05-31T21:00:00.000,subway,333,"Wall St (2,3)",Manhattan,metrocard,Metrocard - Fair Fare,6.0,0.0
2022-05-31T17:00:00.000,subway,407,Astor Pl (6),Manhattan,metrocard,Metrocard - Students,40.0,1.0
2022-05-31T22:00:00.000,subway,152,"135 St (C,B)",Manhattan,metrocard,Metrocard - Unlimited 30-Day,7.0,0.0
2022-05-31T12:00:00.000,subway,162,"50 St (C,E)",Manhattan,metrocard,Metrocard - Unlimited 7-Day,125.0,0.0
2022-05-31T05:00:00.000,subway,602,"14 St-Union Sq (L,N,Q,R,W,4,5,6)",Manhattan,metrocard,Metrocard - Fair Fare,5.0,0.0
2022-05-31T02:00:00.000,subway,147,175 St (A),Manhattan,omny,OMNY - Full Fare,2.0,0.0
2022-05-31T18:00:00.000,subway,9,"57 St-7 Av (N,Q,R,W)",Manhattan,metrocard,Metrocard - Students,25.0,1.0
2022-05-31T18:00:00.000,subway,414,"Bowling Green (4,5)",Manhattan,metrocard,Metrocard - Unlimited 30-Day,142.0,0.0
2022-05-31T06:00:00.000,subway,609,"Bryant Pk (B,D,F,M)/5 Av (7)",Manhattan,metrocard,Metrocard - Fair Fare,3.0,0.0
2022-05-31T18:00:00.000,subway,16,"8 St-NYU (R,W)",Manhattan,metrocard,Metrocard - Seniors & Disability,34.0,1.0
2022-05-31T07:00:00.000,subway,414,"Bowling Green (4,5)",Manhattan,metrocard,Metrocard - Fair Fare,14.0,5.0
2022-05-31T17:00:00.000,subway,151,"145 St (A,C,B,D)",Manhattan,metrocard,Metrocard - Fair Fare,47.0,0.0
2022-05-31T11:00:00.000,subway,146,181 St (A),Manhattan,metrocard,Metrocard - Unlimited 30-Day,38.0,0.0
2022-05-31T20:00:00.000,subway,407,Astor Pl (6),Manhattan,metrocard,Metrocard - Full Fare,96.0,1.0
2022-05-31T23:00:00.000,subway,149,163 St-Amsterdam Av (C),Manhattan,metrocard,Metrocard - Other,1.0,0.0
2022-05-31T13:00:00.000,subway,145,190 St (A),Manhattan,metrocard,Metrocard - Other,5.0,0.0
2022-05-31T02:00:00.000,subway,327,"Chambers St (1,2,3)",Manhattan,omny,OMNY - Full Fare,3.0,0.0
2022-05-31T23:00:00.000,subway,143,Inwood-207 St (A),Manhattan,metrocard,Metrocard - Unlimited 30-Day,4.0,0.0
2022-05-31T17:00:00.000,subway,150,155 St (C),Manhattan,metrocard,Metrocard - Full Fare,22.0,0.0
2022-05-31T13:00:00.000,subway,146,181 St (A),Manhattan,metrocard,Metrocard - Full Fare,72.0,0.0
2022-05-31T10:00:00.000,subway,152,"135 St (C,B)",Manhattan,metrocard,Metrocard - Seniors & Disability,9.0,0.0
2022-05-31T07:00:00.000,subway,413,"Wall St (4,5)",Manhattan,metrocard,Metrocard - Seniors & Disability,3.0,0.0
2022-05-31T05:00:00.000,subway,158,"86 St (C,B)",Manhattan,omny,OMNY - Full Fare,8.0,0.0
2022-05-31T01:00:00.000,subway,14,"23 St (R,W)",Manhattan,metrocard,Metrocard - Other,2.0,0.0
2022-05-31T15:00:00.000,subway,13,"28 St (R,W)",Manhattan,omny,OMNY - Full Fare,133.0,2.0
2022-05-31T07:00:00.000,subway,156,"103 St (C,B)",Manhattan,metrocard,Metrocard - Unlimited 30-Day,41.0,0.0
2022-05-31T21:00:00.000,subway,157,"96 St (C,B)",Manhattan,omny,OMNY - Full Fare,41.0,9.0
2022-05-31T18:00:00.000,subway,158,"86 St (C,B)",Manhattan,metrocard,Metrocard - Fair Fare,9.0,0.0
2022-05-31T20:00:00.000,subway,159,"81 St-Museum of Natural History (C,B)",Manhattan,metrocard,Metrocard - Full Fare,69.0,5.0
2022-05-31T05:00:00.000,subway,154,"116 St (C,B)",Manhattan,metrocard,Metrocard - Unlimited 7-Day,11.0,0.0
2022-05-31T16:00:00.000,subway,333,"Wall St (2,3)",Manhattan,metrocard,Metrocard - Fair Fare,26.0,0.0
2022-05-31T11:00:00.000,subway,151,"145 St (A,C,B,D)",Manhattan,metrocard,Metrocard - Unlimited 7-Day,90.0,0.0
2022-05-31T14:00:00.000,subway,154,"116 St (C,B)",Manhattan,metrocard,Metrocard - Other,19.0,0.0
2022-05-31T23:00:00.000,subway,607,"34 St-Herald Sq (B,D,F,M,N,Q,R,W)",Manhattan,metrocard,Metrocard - Fair Fare,31.0,0.0
2022-05-31T00:00:00.000,subway,9,"57 St-7 Av (N,Q,R,W)",Manhattan,metrocard,Metrocard - Full Fare,36.0,2.0
2022-05-31T20:00:00.000,subway,149,163 St-Amsterdam Av (C),Manhattan,metrocard,Metrocard - Unlimited 30-Day,6.0,0.0
2022-05-31T09:00:00.000,subway,157,"96 St (C,B)",Manhattan,metrocard,Metrocard - Students,6.0,1.0
2022-05-31T12:00:00.000,subway,16,"8 St-NYU (R,W)",Manhattan,metrocard,Metrocard - Unlimited 30-Day,26.0,0.0
2022-05-31T00:00:00.000,subway,414,"Bowling Green (4,5)",Manhattan,omny,OMNY - Full Fare,10.0,1.0
2022-05-31T20:00:00.000,subway,146,181 St (A),Manhattan,metrocard,Metrocard - Fair Fare,5.0,0.0
2022-05-31T07:00:00.000,subway,160,"72 St (C,B)",Manhattan,metrocard,Metrocard - Full Fare,39.0,1.0
2022-05-31T05:00:00.000,subway,328,WTC Cortlandt (1),Manhattan,metrocard,Metrocard - Other,6.0,0.0
2022-05-31T11:00:00.000,subway,145,190 St (A),Manhattan,metrocard,Metrocard - Seniors & Disability,9.0,0.0
2022-05-31T07:00:00.000,subway,156,"103 St (C,B)",Manhattan,metrocard,Metrocard - Seniors & Disability,7.0,0.0
2022-05-31T15:00:00.000,subway,160,"72 St (C,B)",Manhattan,metrocard,Metrocard - Unlimited 30-Day,42.0,0.0
2022-05-31T08:00:00.000,subway,152,"135 St (C,B)",Manhattan,metrocard,Metrocard - Students,52.0,1.0
2022-05-31T14:00:00.000,subway,602,"14 St-Union Sq (L,N,Q,R,W,4,5,6)",Manhattan,metrocard,Metrocard - Full Fare,687.0,22.0
2022-05-31T14:00:00.000,subway,16,"8 St-NYU (R,W)",Manhattan,metrocard,Metrocard - Full Fare,107.0,2.0
2022-05-31T08:00:00.000,subway,605,"168 St (A,C,1)",Manhattan,metrocard,Metrocard - Full Fare,215.0,4.0
2022-05-31T07:00:00.000,subway,155,"Cathedral Pkwy (110 St) (C,B)",Manhattan,metrocard,Metrocard - Students,75.0,2.0
2022-05-31T22:00:00.000,subway,152,"135 St (C,B)",Manhattan,metrocard,Metrocard - Fair Fare,2.0,0.0
2022-05-31T16:00:00.000,subway,327,"Chambers St (1,2,3)",Manhattan,metrocard,Metrocard - Unlimited 30-Day,144.0,0.0
2022-05-31T20:00:00.000,subway,327,"Chambers St (1,2,3)",Manhattan,omny,OMNY - Full Fare,173.0,0.0
2022-05-31T21:00:00.000,subway,16,"8 St-NYU (R,W)",Manhattan,omny,OMNY - Full Fare,181.0,0.0
2022-05-31T22:00:00.000,subway,605,"168 St (A,C,1)",Manhattan,omny,OMNY - Full Fare,42.0,0.0
2022-05-31T10:00:00.000,subway,151,"145 St (A,C,B,D)",Manhattan,metrocard,Metrocard - Unlimited 30-Day,84.0,0.0
2022-05-31T10:00:00.000,subway,147,175 St (A),Manhattan,metrocard,Metrocard - Unlimited 30-Day,39.0,0.0
2022-05-31T17:00:00.000,subway,409,Spring St (6),Manhattan,metrocard,Metrocard - Full Fare,164.0,1.0
2022-05-31T16:00:00.000,subway,160,"72 St (C,B)",Manhattan,metrocard,Metrocard - Unlimited 7-Day,163.0,0.0
2022-05-31T21:00:00.000,subway,329,Rector St (1),Manhattan,metrocard,Metrocard - Fair Fare,2.0,0.0
2022-05-31T16:00:00.000,subway,328,WTC Cortlandt (1),Manhattan,metrocard,Metrocard - Unlimited 7-Day,97.0,0.0
2022-05-31T06:00:00.000,subway,327,"Chambers St (1,2,3)",Manhattan,metrocard,Metrocard - Unlimited 30-Day,13.0,0.0
2022-05-31T06:00:00.000,subway,153,"125 St (A,C,B,D)",Manhattan,metrocard,Metrocard - Fair Fare,36.0,3.0
2022-05-31T03:00:00.000,subway,13,"28 St (R,W)",Manhattan,omny,OMNY - Full Fare,1.0,0.0
2022-05-31T11:00:00.000,subway,156,"103 St (C,B)",Manhattan,metrocard,Metrocard - Other,3.0,0.0
2022-05-31T00:00:00.000,subway,605,"168 St (A,C,1)",Manhattan,omny,OMNY - Full Fare,10.0,0.0
2022-05-31T10:00:00.000,subway,605,"168 St (A,C,1)",Manhattan,omny,OMNY - Other,1.0,0.0
2022-05-31T12:00:00.000,subway,144,Dyckman St (A),Manhattan,metrocard,Metrocard - Unlimited 30-Day,20.0,0.0
2022-05-31T18:00:00.000,subway,405,23 St (6),Manhattan,metrocard,Metrocard - Unlimited 30-Day,153.0,0.0
2022-05-31T13:00:00.000,subway,143,Inwood-207 St (A),Manhattan,metrocard,Metrocard - Seniors & Disability,22.0,1.0
2022-05-31T01:00:00.000,subway,157,"96 St (C,B)",Manhattan,metrocard,Metrocard - Full Fare,1.0,0.0
2022-05-31T09:00:00.000,subway,333,"Wall St (2,3)",Manhattan,metrocard,Metrocard - Other,29.0,0.0
2022-05-31T18:00:00.000,subway,327,"Chambers St (1,2,3)",Manhattan,metrocard,Metrocard - Seniors & Disability,27.0,2.0
2022-05-31T21:00:00.000,subway,328,WTC Cortlandt (1),Manhattan,metrocard,Metrocard - Seniors & Disability,4.0,0.0
2022-05-31T22:00:00.000,subway,407,Astor Pl (6),Manhattan,metrocard,Metrocard - Fair Fare,8.0,0.0
2022-05-31T13:00:00.000,subway,413,"Wall St (4,5)",Manhattan,metrocard,Metrocard - Full Fare,97.0,0.0
2022-05-31T13:00:00.000,subway,413,"Wall St (4,5)",Manhattan,metrocard,Metrocard - Unlimited 7-Day,48.0,0.0
2022-05-31T18:00:00.000,subway,158,"86 St (C,B)",Manhattan,metrocard,Metrocard - Unlimited 7-Day,81.0,0.0
2022-05-31T02:00:00.000,subway,160,"72 St (C,B)",Manhattan,omny,OMNY - Full Fare,1.0,0.0
2022-05-31T03:00:00.000,subway,609,"Bryant Pk (B,D,F,M)/5 Av (7)",Manhattan,metrocard,Metrocard - Full Fare,3.0,0.0
2022-05-31T14:00:00.000,subway,160,"72 St (C,B)",Manhattan,metrocard,Metrocard - Seniors & Disability,14.0,1.0
2022-05-31T05:00:00.000,subway,601,"14 St (F,M,1,2,3)/6 Av (L)",Manhattan,metrocard,Metrocard - Other,17.0,0.0
2022-05-31T18:00:00.000,subway,14,"23 St (R,W)",Manhattan,metrocard,Metrocard - Other,52.0,1.0
2022-05-31T06:00:00.000,subway,162,"50 St (C,E)",Manhattan,metrocard,Metrocard - Full Fare,32.0,0.0
2022-05-31T14:00:00.000,subway,154,"116 St (C,B)",Manhattan,metrocard,Metrocard - Fair Fare,16.0,3.0
2022-05-31T20:00:00.000,subway,327,"Chambers St (1,2,3)",Manhattan,metrocard,Metrocard - Students,12.0,0.0
2022-05-31T19:00:00.000,subway,147,175 St (A),Manhattan,metrocard,Metrocard - Unlimited 7-Day,23.0,0.0
2022-05-31T21:00:00.000,subway,146,181 St (A),Manhattan,metrocard,Metrocard - Unlimited 7-Day,4.0,0.0
2022-05-31T14:00:00.000,subway,156,"103 St (C,B)",Manhattan,metrocard,Metrocard - Students,15.0,0.0
2022-05-31T20:00:00.000,subway,329,Rector St (1),Manhattan,metrocard,Metrocard - Students,3.0,0.0
2022-05-31T19:00:00.000,subway,607,"34 St-Herald Sq (B,D,F,M,N,Q,R,W)",Manhattan,metrocard,Metrocard - Students,67.0,0.0
2022-05-31T15:00:00.000,subway,601,"14 St (F,M,1,2,3)/6 Av (L)",Manhattan,metrocard,Metrocard - Unlimited 30-Day,226.0,0.0
2022-05-31T06:00:00.000,subway,407,Astor Pl (6),Manhattan,metrocard,Metrocard - Other,7.0,0.0
2022-05-31T16:00:00.000,subway,328,WTC Cortlandt (1),Manhattan,metrocard,Metrocard - Full Fare,312.0,0.0
2022-05-31T14:00:00.000,subway,329,Rector St (1),Manhattan,omny,OMNY - Other,1.0,0.0
2022-05-31T00:00:00.000,subway,150,155 St (C),Manhattan,metrocard,Metrocard - Unlimited 30-Day,1.0,0.0
2022-05-31T17:00:00.000,subway,153,"125 St (A,C,B,D)",Manhattan,metrocard,Metrocard - Other,66.0,2.0
2022-05-31T10:00:00.000,subway,144,Dyckman St (A),Manhattan,omny,OMNY - Full Fare,75.0,1.0
2022-05-31T13:00:00.000,subway,160,"72 St (C,B)",Manhattan,metrocard,Metrocard - Other,11.0,0.0
2022-05-31T19:00:00.000,subway,13,"28 St (R,W)",Manhattan,metrocard,Metrocard - Unlimited 7-Day,29.0,0.0
2022-05-31T18:00:00.000,subway,157,"96 St (C,B)",Manhattan,metrocard,Metrocard - Unlimited 30-Day,83.0,0.0
2022-05-31T18:00:00.000,subway,329,Rector St (1),Manhattan,metrocard,Metrocard - Unlimited 30-Day,45.0,0.0
2022-05-31T20:00:00.000,subway,328,WTC Cortlandt (1),Manhattan,metrocard,Metrocard - Unlimited 30-Day,9.0,0.0
2022-05-31T17:00:00.000,subway,153,"125 St (A,C,B,D)",Manhattan,metrocard,Metrocard - Unlimited 7-Day,215.0,0.0
2022-05-31T18:00:00.000,subway,414,"Bowling Green (4,5)",Manhattan,metrocard,Metrocard - Students,23.0,2.0
2022-05-31T17:00:00.000,subway,409,Spring St (6),Manhattan,metrocard,Metrocard - Students,19.0,0.0
2022-05-31T14:00:00.000,subway,157,"96 St (C,B)",Manhattan,metrocard,Metrocard - Unlimited 7-Day,36.0,0.0
2022-05-31T05:00:00.000,subway,149,163 St-Amsterdam Av (C),Manhattan,metrocard,Metrocard - Unlimited 30-Day,10.0,0.0
2022-05-31T00:00:00.000,subway,158,"86 St (C,B)",Manhattan,metrocard,Metrocard - Unlimited 7-Day,5.0,0.0
2022-05-31T17:00:00.000,subway,601,"14 St (F,M,1,2,3)/6 Av (L)",Manhattan,metrocard,Metrocard - Full Fare,682.0,14.0
2022-05-31T16:00:00.000,subway,150,155 St (C),Manhattan,metrocard,Metrocard - Other,4.0,0.0
2022-05-31T09:00:00.000,subway,602,"14 St-Union Sq (L,N,Q,R,W,4,5,6)",Manhattan,metrocard,Metrocard - Seniors & Disability,94.0,13.0
2022-05-31T19:00:00.000,subway,153,"125 St (A,C,B,D)",Manhattan,metrocard,Metrocard - Full Fare,145.0,11.0
2022-05-31T11:00:00.000,subway,407,Astor Pl (6),Manhattan,metrocard,Metrocard - Full Fare,41.0,0.0
2022-05-31T10:00:00.000,subway,414,"Bowling Green (4,5)",Manhattan,metrocard,Metrocard - Full Fare,119.0,29.0
2022-05-31T02:00:00.000,subway,151,"145 St (A,C,B,D)",Manhattan,metrocard,Metrocard - Unlimited 30-Day,4.0,0.0
2022-05-31T21:00:00.000,subway,149,163 St-Amsterdam Av (C),Manhattan,metrocard,Metrocard - Unlimited 7-Day,8.0,0.0
2022-05-31T21:00:00.000,subway,405,23 St (6),Manhattan,metrocard,Metrocard - Unlimited 7-Day,42.0,0.0
2022-05-31T06:00:00.000,subway,162,"50 St (C,E)",Manhattan,metrocard,Metrocard - Seniors & Disability,5.0,2.0
2022-05-31T22:00:00.000,subway,413,"Wall St (4,5)",Manhattan,metrocard,Metrocard - Full Fare,77.0,1.0
2022-05-31T15:00:00.000,subway,9,"57 St-7 Av (N,Q,R,W)",Manhattan,metrocard,Metrocard - Full Fare,419.0,14.0
2022-05-31T15:00:00.000,subway,14,"23 St (R,W)",Manhattan,metrocard,Metrocard - Unlimited 7-Day,154.0,0.0
2022-05-31T20:00:00.000,subway,147,175 St (A),Manhattan,metrocard,Metrocard - Fair Fare,3.0,0.0
2022-05-31T18:00:00.000,subway,147,175 St (A),Manhattan,metrocard,Metrocard - Students,12.0,0.0
2022-05-31T08:00:00.000,subway,154,"116 St (C,B)",Manhattan,metrocard,Metrocard - Unlimited 30-Day,88.0,0.0
2022-05-31T07:00:00.000,subway,150,155 St (C),Manhattan,metrocard,Metrocard - Full Fare,43.0,1.0
2022-05-31T23:00:00.000,subway,146,181 St (A),Manhattan,metrocard,Metrocard - Other,1.0,0.0
2022-05-31T08:00:00.000,subway,155,"Cathedral Pkwy (110 St) (C,B)",Manhattan,metrocard,Metrocard - Seniors & Disability,20.0,1.0
2022-05-31T22:00:00.000,subway,154,"116 St (C,B)",Manhattan,metrocard,Metrocard - Other,3.0,0.0
2022-05-31T21:00:00.000,subway,328,WTC Cortlandt (1),Manhattan,metrocard,Metrocard - Full Fare,34.0,0.0
2022-05-31T18:00:00.000,subway,407,Astor Pl (6),Manhattan,metrocard,Metrocard - Seniors & Disability,18.0,0.0
2022-05-31T05:00:00.000,subway,14,"23 St (R,W)",Manhattan,metrocard,Metrocard - Unlimited 7-Day,1.0,0.0
2022-05-31T21:00:00.000,subway,9,"57 St-7 Av (N,Q,R,W)",Manhattan,metrocard,Metrocard - Seniors & Disability,34.0,0.0
2022-05-31T16:00:00.000,subway,152,"135 St (C,B)",Manhattan,metrocard,Metrocard - Unlimited 7-Day,24.0,0.0
2022-05-31T15:00:00.000,subway,329,Rector St (1),Manhattan,metrocard,Metrocard - Unlimited 7-Day,60.0,0.0
2022-05-31T06:00:00.000,subway,328,WTC Cortlandt (1),Manhattan,metrocard,Metrocard - Seniors & Disability,4.0,0.0
2022-05-31T09:00:00.000,subway,328,WTC Cortlandt (1),Manhattan,omny,OMNY - Full Fare,113.0,1.0
2022-05-31T07:00:00.000,subway,328,WTC Cortlandt (1),Manhattan,metrocard,Metrocard - Fair Fare,3.0,0.0
2022-05-31T19:00:00.000,subway,145,190 St (A),Manhattan,metrocard,Metrocard - Unlimited 30-Day,6.0,0.0
2022-05-31T19:00:00.000,subway,605,"168 St (A,C,1)",Manhattan,metrocard,Metrocard - Students,33.0,1.0
2022-05-31T10:00:00.000,subway,158,"86 St (C,B)",Manhattan,metrocard,Metrocard - Fair Fare,3.0,0.0
2022-05-31T09:00:00.000,subway,158,"86 St (C,B)",Manhattan,metrocard,Metrocard - Students,7.0,0.0
2022-05-31T07:00:00.000,subway,159,"81 St-Museum of Natural History (C,B)",Manhattan,metrocard,Metrocard - Unlimited 30-Day,30.0,0.0
2022-05-31T10:00:00.000,subway,407,Astor Pl (6),Manhattan,metrocard,Metrocard - Unlimited 7-Day,23.0,0.0
2022-05-31T08:00:00.000,subway,156,"103 St (C,B)",Manhattan,metrocard,Metrocard - Fair Fare,18.0,1.0
2022-05-31T18:00:00.000,subway,327,"Chambers St (1,2,3)",Manhattan,metrocard,Metrocard - Fair Fare,15.0,0.0
2022-05-31T14:00:00.000,subway,609,"Bryant Pk (B,D,F,M)/5 Av (7)",Manhattan,metrocard,Metrocard - Other,64.0,0.0
2022-05-31T21:00:00.000,subway,333,"Wall St (2,3)",Manhattan,metrocard,Metrocard - Seniors & Disability,1.0,0.0
2022-05-31T15:00:00.000,subway,329,Rector St (1),Manhattan,omny,OMNY - Full Fare,97.0,4.0
2022-05-31T20:00:00.000,subway,152,"135 St (C,B)",Manhattan,omny,OMNY - Full Fare,30.0,0.0
2022-05-31T12:00:00.000,subway,605,"168 St (A,C,1)",Manhattan,metrocard,Metrocard - Unlimited 30-Day,68.0,0.0
2022-05-31T11:00:00.000,subway,413,"Wall St (4,5)",Manhattan,omny,OMNY - Full Fare,88.0,2.0
2022-05-31T17:00:00.000,subway,14,"23 St (R,W)",Manhattan,metrocard,Metrocard - Fair Fare,24.0,2.0
2022-05-31T08:00:00.000,subway,328,WTC Cortlandt (1),Manhattan,metrocard,Metrocard - Seniors & Disability,11.0,1.0
2022-05-31T00:00:00.000,subway,333,"Wall St (2,3)",Manhattan,metrocard,Metrocard - Unlimited 7-Day,10.0,0.0
2022-05-31T10:00:00.000,subway,149,163 St-Amsterdam Av (C),Manhattan,metrocard,Metrocard - Other,1.0,0.0
2022-05-31T21:00:00.000,subway,150,155 St (C),Manhattan,metrocard,Metrocard - Fair Fare,1.0,0.0
2022-05-31T18:00:00.000,subway,157,"96 St (C,B)",Manhattan,omny,OMNY - Other,1.0,0.0
2022-05-31T21:00:00.000,subway,152,"135 St (C,B)",Manhattan,metrocard,Metrocard - Seniors & Disability,2.0,0.0
2022-05-31T13:00:00.000,subway,150,155 St (C),Manhattan,metrocard,Metrocard - Seniors & Disability,4.0,0.0
2022-05-31T16:00:00.000,subway,607,"34 St-Herald Sq (B,D,F,M,N,Q,R,W)",Manhattan,metrocard,Metrocard - Seniors & Disability,223.0,7.0
2022-05-31T22:00:00.000,subway,155,"Cathedral Pkwy (110 St) (C,B)",Manhattan,metrocard,Metrocard - Fair Fare,1.0,0.0
2022-05-31T11:00:00.000,subway,409,Spring St (6),Manhattan,metrocard,Metrocard - Unlimited 30-Day,28.0,0.0
2022-05-31T06:00:00.000,subway,609,"Bryant Pk (B,D,F,M)/5 Av (7)",Manhattan,metrocard,Metrocard - Full Fare,80.0,16.0
2022-05-31T07:00:00.000,subway,144,Dyckman St (A),Manhattan,metrocard,Metrocard - Full Fare,106.0,3.0
2022-05-31T05:00:00.000,subway,152,"135 St (C,B)",Manhattan,metrocard,Metrocard - Fair Fare,2.0,0.0
2022-05-31T13:00:00.000,subway,405,23 St (6),Manhattan,metrocard,Metrocard - Unlimited 30-Day,75.0,0.0
2022-05-31T05:00:00.000,subway,601,"14 St (F,M,1,2,3)/6 Av (L)",Manhattan,omny,OMNY - Full Fare,21.0,1.0
2022-05-31T14:00:00.000,subway,333,"Wall St (2,3)",Manhattan,metrocard,Metrocard - Other,27.0,0.0
2022-05-31T06:00:00.000,subway,14,"23 St (R,W)",Manhattan,metrocard,Metrocard - Students,1.0,0.0
2022-05-31T12:00:00.000,subway,153,"125 St (A,C,B,D)",Manhattan,metrocard,Metrocard - Students,18.0,1.0
2022-05-31T06:00:00.000,subway,9,"57 St-7 Av (N,Q,R,W)",Manhattan,metrocard,Metrocard - Other,11.0,0.0
2022-05-31T05:00:00.000,subway,413,"Wall St (4,5)",Manhattan,metrocard,Metrocard - Unlimited 30-Day,2.0,0.0
2022-05-31T17:00:00.000,subway,602,"14 St-Union Sq (L,N,Q,R,W,4,5,6)",Manhattan,metrocard,Metrocard - Other,252.0,2.0
2022-05-31T12:00:00.000,subway,601,"14 St (F,M,1,2,3)/6 Av (L)",Manhattan,metrocard,Metrocard - Full Fare,212.0,4.0
2022-05-31T10:00:00.000,subway,155,"Cathedral Pkwy (110 St) (C,B)",Manhattan,metrocard,Metrocard - Full Fare,51.0,2.0
2022-05-31T17:00:00.000,subway,328,WTC Cortlandt (1),Manhattan,metrocard,Metrocard - Fair Fare,7.0,0.0
2022-05-31T18:00:00.000,subway,607,"34 St-Herald Sq (B,D,F,M,N,Q,R,W)",Manhattan,metrocard,Metrocard - Other,325.0,0.0
2022-05-31T16:00:00.000,subway,144,Dyckman St (A),Manhattan,metrocard,Metrocard - Seniors & Disability,11.0,0.0
2022-05-31T21:00:00.000,subway,607,"34 St-Herald Sq (B,D,F,M,N,Q,R,W)",Manhattan,metrocard,Metrocard - Seniors & Disability,52.0,0.0
2022-05-31T11:00:00.000,subway,157,"96 St (C,B)",Manhattan,metrocard,Metrocard - Unlimited 7-Day,16.0,0.0
2022-05-31T22:00:00.000,subway,145,190 St (A),Manhattan,metrocard,Metrocard - Fair Fare,4.0,0.0
2022-05-31T17:00:00.000,subway,154,"116 St (C,B)",Manhattan,metrocard,Metrocard - Unlimited 7-Day,41.0,0.0
2022-05-31T05:00:00.000,subway,409,Spring St (6),Manhattan,metrocard,Metrocard - Seniors & Disability,1.0,0.0
2022-05-31T03:00:00.000,subway,151,"145 St (A,C,B,D)",Manhattan,metrocard,Metrocard - Unlimited 30-Day,6.0,0.0
2022-05-31T00:00:00.000,subway,153,"125 St (A,C,B,D)",Manhattan,metrocard,Metrocard - Other,10.0,0.0
2022-05-31T09:00:00.000,subway,151,"145 St (A,C,B,D)",Manhattan,metrocard,Metrocard - Students,48.0,4.0
2022-05-31T06:00:00.000,subway,16,"8 St-NYU (R,W)",Manhattan,metrocard,Metrocard - Students,2.0,0.0
2022-05-31T20:00:00.000,subway,160,"72 St (C,B)",Manhattan,omny,OMNY - Full Fare,125.0,3.0
2022-05-31T23:00:00.000,subway,605,"168 St (A,C,1)",Manhattan,metrocard,Metrocard - Seniors & Disability,8.0,0.0
2022-05-31T11:00:00.000,subway,407,Astor Pl (6),Manhattan,metrocard,Metrocard - Students,5.0,0.0
2022-05-31T04:00:00.000,subway,607,"34 St-Herald Sq (B,D,F,M,N,Q,R,W)",Manhattan,metrocard,Metrocard - Unlimited 7-Day,10.0,0.0
2022-05-31T23:00:00.000,subway,16,"8 St-NYU (R,W)",Manhattan,metrocard,Metrocard - Full Fare,38.0,0.0
2022-05-31T22:00:00.000,subway,143,Inwood-207 St (A),Manhattan,omny,OMNY - Full Fare,14.0,0.0
2022-05-31T07:00:00.000,subway,607,"34 St-Herald Sq (B,D,F,M,N,Q,R,W)",Manhattan,metrocard,Metrocard - Unlimited 30-Day,218.0,0.0
2022-05-31T19:00:00.000,subway,327,"Chambers St (1,2,3)",Manhattan,metrocard,Metrocard - Full Fare,146.0,0.0
2022-05-31T22:00:00.000,subway,144,Dyckman St (A),Manhattan,metrocard,Metrocard - Other,1.0,0.0
2022-05-31T15:00:00.000,subway,145,190 St (A),Manhattan,metrocard,Metrocard - Full Fare,41.0,1.0
2022-05-31T12:00:00.000,subway,159,"81 St-Museum of Natural History (C,B)",Manhattan,metrocard,Metrocard - Fair Fare,3.0,0.0
2022-05-31T19:00:00.000,subway,333,"Wall St (2,3)",Manhattan,metrocard,Metrocard - Unlimited 7-Day,38.0,0.0
2022-05-31T09:00:00.000,subway,409,Spring St (6),Manhattan,metrocard,Metrocard - Other,6.0,0.0
2022-05-31T19:00:00.000,subway,409,Spring St (6),Manhattan,metrocard,Metrocard - Unlimited 7-Day,47.0,0.0
2022-05-31T14:00:00.000,subway,152,"135 St (C,B)",Manhattan,metrocard,Metrocard - Other,6.0,0.0
2022-05-31T09:00:00.000,subway,162,"50 St (C,E)",Manhattan,metrocard,Metrocard - Seniors & Disability,20.0,1.0
2022-05-31T05:00:00.000,subway,153,"125 St (A,C,B,D)",Manhattan,metrocard,Metrocard - Other,11.0,0.0
2022-05-31T08:00:00.000,subway,405,23 St (6),Manhattan,metrocard,Metrocard - Unlimited 30-Day,96.0,0.0
2022-05-31T18:00:00.000,subway,405,23 St (6),Manhattan,metrocard,Metrocard - Full Fare,296.0,10.0
2022-05-31T06:00:00.000,subway,601,"14 St (F,M,1,2,3)/6 Av (L)",Manhattan,metrocard,Metrocard - Unlimited 7-Day,25.0,0.0
2022-05-31T14:00:00.000,subway,150,155 St (C),Manhattan,metrocard,Metrocard - Unlimited 7-Day,13.0,0.0
2022-05-31T03:00:00.000,subway,407,Astor Pl (6),Manhattan,metrocard,Metrocard - Unlimited 30-Day,2.0,0.0
2022-05-31T18:00:00.000,subway,151,"145 St (A,C,B,D)",Manhattan,metrocard,Metrocard - Unlimited 7-Day,102.0,0.0
2022-05-31T00:00:00.000,subway,159,"81 St-Museum of Natural History (C,B)",Manhattan,metrocard,Metrocard - Unlimited 7-Day,3.0,0.0
2022-05-31T02:00:00.000,subway,143,Inwood-207 St (A),Manhattan,metrocard,Metrocard - Other,2.0,0.0
2022-05-31T13:00:00.000,subway,329,Rector St (1),Manhattan,metrocard,Metrocard - Unlimited 30-Day,25.0,0.0
2022-05-31T14:00:00.000,subway,143,Inwood-207 St (A),Manhattan,metrocard,Metrocard - Unlimited 30-Day,28.0,0.0
2022-05-31T08:00:00.000,subway,149,163 St-Amsterdam Av (C),Manhattan,metrocard,Metrocard - Students,38.0,0.0
2022-05-31T16:00:00.000,subway,149,163 St-Amsterdam Av (C),Manhattan,metrocard,Metrocard - Unlimited 7-Day,22.0,0.0
2022-05-31T02:00:00.000,subway,156,"103 St (C,B)",Manhattan,metrocard,Metrocard - Full Fare,1.0,0.0
2022-05-31T08:00:00.000,subway,16,"8 St-NYU (R,W)",Manhattan,metrocard,Metrocard - Fair Fare,7.0,1.0
2022-05-31T06:00:00.000,subway,413,"Wall St (4,5)",Manhattan,metrocard,Metrocard - Unlimited 30-Day,22.0,0.0
2022-05-31T18:00:00.000,subway,602,"14 St-Union Sq (L,N,Q,R,W,4,5,6)",Manhattan,metrocard,Metrocard - Students,157.0,3.0
2022-05-31T09:00:00.000,subway,409,Spring St (6),Manhattan,metrocard,Metrocard - Fair Fare,2.0,0.0
2022-05-31T07:00:00.000,subway,605,"168 St (A,C,1)",Manhattan,metrocard,Metrocard - Fair Fare,59.0,1.0
2022-05-31T12:00:00.000,subway,156,"103 St (C,B)",Manhattan,omny,OMNY - Full Fare,47.0,0.0
2022-05-31T00:00:00.000,subway,327,"Chambers St (1,2,3)",Manhattan,metrocard,Metrocard - Fair Fare,1.0,0.0
2022-05-31T17:00:00.000,subway,414,"Bowling Green (4,5)",Manhattan,metrocard,Metrocard - Seniors & Disability,61.0,3.0
2022-05-31T07:00:00.000,subway,405,23 St (6),Manhattan,metrocard,Metrocard - Seniors & Disability,12.0,1.0
2022-05-31T13:00:00.000,subway,413,"Wall St (4,5)",Manhattan,metrocard,Metrocard - Fair Fare,7.0,0.0
2022-05-31T03:00:00.000,subway,13,"28 St (R,W)",Manhattan,metrocard,Metrocard - Unlimited 7-Day,4.0,0.0
2022-05-31T02:00:00.000,subway,409,Spring St (6),Manhattan,metrocard,Metrocard - Unlimited 7-Day,5.0,0.0
2022-05-31T23:00:00.000,subway,605,"168 St (A,C,1)",Manhattan,metrocard,Metrocard - Unlimited 30-Day,19.0,0.0
2022-05-31T19:00:00.000,subway,162,"50 St (C,E)",Manhattan,metrocard,Metrocard - Full Fare,148.0,1.0
2022-05-31T04:00:00.000,subway,601,"14 St (F,M,1,2,3)/6 Av (L)",Manhattan,metrocard,Metrocard - Fair Fare,2.0,0.0
2022-05-31T21:00:00.000,subway,144,Dyckman St (A),Manhattan,omny,OMNY - Full Fare,19.0,1.0
2022-05-31T05:00:00.000,subway,158,"86 St (C,B)",Manhattan,metrocard,Metrocard - Unlimited 30-Day,2.0,0.0
2022-05-31T01:00:00.000,subway,9,"57 St-7 Av (N,Q,R,W)",Manhattan,metrocard,Metrocard - Seniors & Disability,1.0,0.0
2022-05-31T13:00:00.000,subway,609,"Bryant Pk (B,D,F,M)/5 Av (7)",Manhattan,metrocard,Metrocard - Full Fare,324.0,5.0
2022-05-31T17:00:00.000,subway,147,175 St (A),Manhattan,metrocard,Metrocard - Unlimited 30-Day,54.0,0.0
2022-05-31T11:00:00.000,subway,152,"135 St (C,B)",Manhattan,metrocard,Metrocard - Fair Fare,2.0,0.0
2022-05-31T06:00:00.000,subway,405,23 St (6),Manhattan,metrocard,Metrocard - Unlimited 7-Day,17.0,0.0
2022-05-31T10:00:00.000,subway,9,"57 St-7 Av (N,Q,R,W)",Manhattan,metrocard,Metrocard - Seniors & Disability,27.0,3.0
2022-05-31T15:00:00.000,subway,407,Astor Pl (6),Manhattan,omny,OMNY - Full Fare,219.0,2.0
2022-05-31T18:00:00.000,subway,147,175 St (A),Manhattan,metrocard,Metrocard - Other,10.0,0.0
2022-05-31T01:00:00.000,subway,150,155 St (C),Manhattan,metrocard,Metrocard - Full Fare,1.0,0.0
2022-05-31T04:00:00.000,subway,153,"125 St (A,C,B,D)",Manhattan,metrocard,Metrocard - Seniors & Disability,3.0,0.0
2022-05-31T19:00:00.000,subway,609,"Bryant Pk (B,D,F,M)/5 Av (7)",Manhattan,metrocard,Metrocard - Other,108.0,0.0
2022-05-31T10:00:00.000,subway,607,"34 St-Herald Sq (B,D,F,M,N,Q,R,W)",Manhattan,metrocard,Metrocard - Full Fare,760.0,12.0
2022-05-31T07:00:00.000,subway,407,Astor Pl (6),Manhattan,metrocard,Metrocard - Unlimited 7-Day,13.0,0.0
2022-05-31T15:00:00.000,subway,151,"145 St (A,C,B,D)",Manhattan,metrocard,Metrocard - Unlimited 30-Day,111.0,0.0
2022-05-31T22:00:00.000,subway,150,155 St (C),Manhattan,metrocard,Metrocard - Fair Fare,2.0,0.0
2022-05-31T07:00:00.000,subway,407,Astor Pl (6),Manhattan,metrocard,Metrocard - Seniors & Disability,10.0,2.0
2022-05-31T13:00:00.000,subway,154,"116 St (C,B)",Manhattan,metrocard,Metrocard - Unlimited 30-Day,40.0,0.0
2022-05-31T08:00:00.000,subway,329,Rector St (1),Manhattan,metrocard,Metrocard - Full Fare,87.0,16.0
2022-05-31T13:00:00.000,subway,155,"Cathedral Pkwy (110 St) (C,B)",Manhattan,omny,OMNY - Full Fare,92.0,0.0
2022-05-31T21:00:00.000,subway,601,"14 St (F,M,1,2,3)/6 Av (L)",Manhattan,metrocard,Metrocard - Students,1.0,0.0
2022-05-31T15:00:00.000,subway,151,"145 St (A,C,B,D)",Manhattan,metrocard,Metrocard - Other,33.0,1.0
2022-05-31T11:00:00.000,subway,14,"23 St (R,W)",Manhattan,metrocard,Metrocard - Students,5.0,1.0
2022-05-31T08:00:00.000,subway,143,Inwood-207 St (A),Manhattan,omny,OMNY - Full Fare,198.0,21.0
2022-05-31T17:00:00.000,subway,154,"116 St (C,B)",Manhattan,metrocard,Metrocard - Other,15.0,0.0
2022-05-31T16:00:00.000,subway,13,"28 St (R,W)",Manhattan,metrocard,Metrocard - Unlimited 30-Day,118.0,0.0
2022-05-31T05:00:00.000,subway,143,Inwood-207 St (A),Manhattan,metrocard,Metrocard - Unlimited 7-Day,31.0,0.0
2022-05-31T09:00:00.000,subway,333,"Wall St (2,3)",Manhattan,metrocard,Metrocard - Unlimited 30-Day,33.0,0.0
2022-05-31T06:00:00.000,subway,145,190 St (A),Manhattan,metrocard,Metrocard - Unlimited 30-Day,33.0,0.0
2022-05-31T08:00:00.000,subway,150,155 St (C),Manhattan,omny,OMNY - Full Fare,48.0,1.0
2022-05-31T22:00:00.000,subway,155,"Cathedral Pkwy (110 St) (C,B)",Manhattan,metrocard,Metrocard - Unlimited 30-Day,11.0,0.0
2022-05-31T22:00:00.000,subway,9,"57 St-7 Av (N,Q,R,W)",Manhattan,omny,OMNY - Full Fare,274.0,1.0
2022-05-31T12:00:00.000,subway,153,"125 St (A,C,B,D)",Manhattan,omny,OMNY - Full Fare,207.0,8.0
2022-05-31T19:00:00.000,subway,153,"125 St (A,C,B,D)",Manhattan,metrocard,Metrocard - Seniors & Disability,22.0,3.0
2022-05-31T20:00:00.000,subway,414,"Bowling Green (4,5)",Manhattan,metrocard,Metrocard - Other,39.0,0.0
2022-05-31T12:00:00.000,subway,144,Dyckman St (A),Manhattan,metrocard,Metrocard - Full Fare,45.0,1.0
2022-05-31T21:00:00.000,subway,152,"135 St (C,B)",Manhattan,metrocard,Metrocard - Full Fare,5.0,1.0
2022-05-31T20:00:00.000,subway,162,"50 St (C,E)",Manhattan,metrocard,Metrocard - Students,9.0,0.0
2022-05-31T08:00:00.000,subway,414,"Bowling Green (4,5)",Manhattan,metrocard,Metrocard - Students,45.0,8.0
2022-05-31T18:00:00.000,subway,155,"Cathedral Pkwy (110 St) (C,B)",Manhattan,metrocard,Metrocard - Students,15.0,1.0
2022-05-31T05:00:00.000,subway,328,WTC Cortlandt (1),Manhattan,metrocard,Metrocard - Unlimited 30-Day,2.0,0.0
2022-05-31T08:00:00.000,subway,333,"Wall St (2,3)",Manhattan,omny,OMNY - Full Fare,287.0,2.0
2022-05-31T19:00:00.000,subway,153,"125 St (A,C,B,D)",Manhattan,metrocard,Metrocard - Unlimited 7-Day,104.0,0.0
2022-05-31T20:00:00.000,subway,605,"168 St (A,C,1)",Manhattan,metrocard,Metrocard - Unlimited 7-Day,40.0,0.0
2022-05-31T07:00:00.000,subway,605,"168 St (A,C,1)",Manhattan,omny,OMNY - Full Fare,306.0,4.0
2022-05-31T21:00:00.000,subway,409,Spring St (6),Manhattan,omny,OMNY - Full Fare,125.0,0.0
2022-05-31T15:00:00.000,subway,327,"Chambers St (1,2,3)",Manhattan,omny,OMNY - Full Fare,233.0,0.0
2022-05-31T18:00:00.000,subway,14,"23 St (R,W)",Manhattan,metrocard,Metrocard - Unlimited 30-Day,152.0,0.0
2022-05-31T13:00:00.000,subway,16,"8 St-NYU (R,W)",Manhattan,omny,OMNY - Other,1.0,0.0
2022-05-31T07:00:00.000,subway,601,"14 St (F,M,1,2,3)/6 Av (L)",Manhattan,metrocard,Metrocard - Full Fare,198.0,17.0
2022-05-31T14:00:00.000,subway,144,Dyckman St (A),Manhattan,metrocard,Metrocard - Unlimited 7-Day,23.0,0.0
2022-05-31T14:00:00.000,subway,414,"Bowling Green (4,5)",Manhattan,metrocard,Metrocard - Fair Fare,21.0,1.0
2022-05-31T22:00:00.000,subway,154,"116 St (C,B)",Manhattan,metrocard,Metrocard - Unlimited 7-Day,11.0,0.0
2022-05-31T15:00:00.000,subway,409,Spring St (6),Manhattan,metrocard,Metrocard - Seniors & Disability,10.0,0.0
2022-05-31T04:00:00.000,subway,151,"145 St (A,C,B,D)",Manhattan,omny,OMNY - Full Fare,9.0,0.0
2022-05-31T03:00:00.000,subway,605,"168 St (A,C,1)",Manhattan,metrocard,Metrocard - Unlimited 30-Day,1.0,0.0
2022-05-31T19:00:00.000,subway,155,"Cathedral Pkwy (110 St) (C,B)",Manhattan,metrocard,Metrocard - Unlimited 7-Day,27.0,0.0
2022-05-31T10:00:00.000,subway,145,190 St (A),Manhattan,metrocard,Metrocard - Students,4.0,0.0
2022-05-31T18:00:00.000,subway,327,"Chambers St (1,2,3)",Manhattan,metrocard,Metrocard - Other,77.0,0.0
2022-05-31T07:00:00.000,subway,607,"34 St-Herald Sq (B,D,F,M,N,Q,R,W)",Manhattan,metrocard,Metrocard - Other,163.0,2.0
2022-05-31T07:00:00.000,subway,326,Franklin St (1),Manhattan,omny,OMNY - Full Fare,33.0,1.0
2022-05-31T00:00:00.000,subway,609,"Bryant Pk (B,D,F,M)/5 Av (7)",Manhattan,metrocard,Metrocard - Other,5.0,0.0
2022-05-31T09:00:00.000,subway,602,"14 St-Union Sq (L,N,Q,R,W,4,5,6)",Manhattan,omny,OMNY - Other,1.0,0.0
2022-05-31T13:00:00.000,subway,143,Inwood-207 St (A),Manhattan,metrocard,Metrocard - Full Fare,67.0,7.0
2022-05-31T11:00:00.000,subway,333,"Wall St (2,3)",Manhattan,metrocard,Metrocard - Seniors & Disability,6.0,0.0
2022-05-31T16:00:00.000,subway,159,"81 St-Museum of Natural History (C,B)",Manhattan,metrocard,Metrocard - Other,34.0,1.0
2022-05-31T10:00:00.000,subway,154,"116 St (C,B)",Manhattan,omny,OMNY - Full Fare,73.0,3.0
2022-05-31T12:00:00.000,subway,150,155 St (C),Manhattan,metrocard,Metrocard - Full Fare,14.0,1.0
2022-05-31T15:00:00.000,subway,152,"135 St (C,B)",Manhattan,metrocard,Metrocard - Unlimited 30-Day,30.0,0.0
2022-05-31T20:00:00.000,subway,14,"23 St (R,W)",Manhattan,metrocard,Metrocard - Fair Fare,12.0,0.0
2022-05-31T16:00:00.000,subway,154,"116 St (C,B)",Manhattan,metrocard,Metrocard - Students,29.0,5.0
2022-05-31T01:00:00.000,subway,160,"72 St (C,B)",Manhattan,metrocard,Metrocard - Unlimited 7-Day,1.0,0.0
2022-05-31T13:00:00.000,subway,146,181 St (A),Manhattan,metrocard,Metrocard - Other,10.0,1.0
2022-05-31T09:00:00.000,subway,147,175 St (A),Manhattan,metrocard,Metrocard - Unlimited 7-Day,48.0,0.0
2022-05-31T14:00:00.000,subway,9,"57 St-7 Av (N,Q,R,W)",Manhattan,metrocard,Metrocard - Unlimited 7-Day,157.0,0.0
2022-05-31T23:00:00.000,subway,607,"34 St-Herald Sq (B,D,F,M,N,Q,R,W)",Manhattan,metrocard,Metrocard - Unlimited 7-Day,279.0,0.0
2022-05-31T07:00:00.000,subway,413,"Wall St (4,5)",Manhattan,metrocard,Metrocard - Unlimited 7-Day,20.0,0.0
2022-05-31T20:00:00.000,subway,154,"116 St (C,B)",Manhattan,metrocard,Metrocard - Fair Fare,3.0,0.0
2022-05-31T11:00:00.000,subway,14,"23 St (R,W)",Manhattan,omny,OMNY - Full Fare,112.0,4.0
2022-05-31T15:00:00.000,subway,145,190 St (A),Manhattan,metrocard,Metrocard - Seniors & Disability,9.0,0.0
2022-05-31T10:00:00.000,subway,151,"145 St (A,C,B,D)",Manhattan,metrocard,Metrocard - Full Fare,111.0,5.0
2022-05-31T07:00:00.000,subway,156,"103 St (C,B)",Manhattan,metrocard,Metrocard - Students,40.0,0.0
2022-05-31T09:00:00.000,subway,153,"125 St (A,C,B,D)",Manhattan,metrocard,Metrocard - Seniors & Disability,43.0,6.0
2022-05-31T04:00:00.000,subway,149,163 St-Amsterdam Av (C),Manhattan,metrocard,Metrocard - Unlimited 7-Day,8.0,0.0
2022-05-31T07:00:00.000,subway,150,155 St (C),Manhattan,metrocard,Metrocard - Fair Fare,15.0,1.0
2022-05-31T12:00:00.000,subway,409,Spring St (6),Manhattan,metrocard,Metrocard - Full Fare,64.0,0.0
2022-05-31T09:00:00.000,subway,602,"14 St-Union Sq (L,N,Q,R,W,4,5,6)",Manhattan,metrocard,Metrocard - Full Fare,333.0,25.0
2022-05-31T15:00:00.000,subway,414,"Bowling Green (4,5)",Manhattan,metrocard,Metrocard - Other,290.0,1.0
2022-05-31T14:00:00.000,subway,409,Spring St (6),Manhattan,metrocard,Metrocard - Other,8.0,0.0
2022-05-31T18:00:00.000,subway,149,163 St-Amsterdam Av (C),Manhattan,metrocard,Metrocard - Fair Fare,5.0,0.0
2022-05-31T10:00:00.000,subway,160,"72 St (C,B)",Manhattan,metrocard,Metrocard - Unlimited 30-Day,13.0,0.0
2022-05-31T07:00:00.000,subway,333,"Wall St (2,3)",Manhattan,metrocard,Metrocard - Unlimited 30-Day,41.0,0.0
2022-05-31T17:00:00.000,subway,147,175 St (A),Manhattan,omny,OMNY - Full Fare,313.0,0.0
2022-05-31T10:00:00.000,subway,601,"14 St (F,M,1,2,3)/6 Av (L)",Manhattan,omny,OMNY - Full Fare,333.0,7.0
2022-05-31T21:00:00.000,subway,607,"34 St-Herald Sq (B,D,F,M,N,Q,R,W)",Manhattan,metrocard,Metrocard - Unlimited 30-Day,319.0,0.0
2022-05-31T14:00:00.000,subway,153,"125 St (A,C,B,D)",Manhattan,metrocard,Metrocard - Seniors & Disability,45.0,6.0
2022-05-31T19:00:00.000,subway,414,"Bowling Green (4,5)",Manhattan,metrocard,Metrocard - Fair Fare,22.0,3.0
2022-05-31T11:00:00.000,subway,405,23 St (6),Manhattan,metrocard,Metrocard - Unlimited 7-Day,70.0,0.0
2022-05-31T22:00:00.000,subway,158,"86 St (C,B)",Manhattan,omny,OMNY - Full Fare,38.0,2.0
2022-05-31T22:00:00.000,subway,150,155 St (C),Manhattan,metrocard,Metrocard - Other,2.0,0.0
2022-05-31T20:00:00.000,subway,144,Dyckman St (A),Manhattan,metrocard,Metrocard - Students,2.0,0.0
2022-05-31T20:00:00.000,subway,13,"28 St (R,W)",Manhattan,metrocard,Metrocard - Full Fare,37.0,0.0
2022-05-31T02:00:00.000,subway,156,"103 St (C,B)",Manhattan,metrocard,Metrocard - Unlimited 7-Day,1.0,0.0
2022-05-31T10:00:00.000,subway,155,"Cathedral Pkwy (110 St) (C,B)",Manhattan,metrocard,Metrocard - Other,6.0,0.0
2022-05-31T14:00:00.000,subway,602,"14 St-Union Sq (L,N,Q,R,W,4,5,6)",Manhattan,metrocard,Metrocard - Other,165.0,1.0
2022-05-31T08:00:00.000,subway,327,"Chambers St (1,2,3)",Manhattan,metrocard,Metrocard - Full Fare,107.0,6.0
2022-05-31T16:00:00.000,subway,150,155 St (C),Manhattan,metrocard,Metrocard - Unlimited 30-Day,11.0,0.0
2022-05-31T09:00:00.000,subway,153,"125 St (A,C,B,D)",Manhattan,metrocard,Metrocard - Unlimited 30-Day,140.0,0.0
2022-05-31T10:00:00.000,subway,327,"Chambers St (1,2,3)",Manhattan,metrocard,Metrocard - Unlimited 7-Day,18.0,0.0
2022-05-31T14:00:00.000,subway,409,Spring St (6),Manhattan,metrocard,Metrocard - Fair Fare,10.0,0.0
2022-05-31T12:00:00.000,subway,149,163 St-Amsterdam Av (C),Manhattan,omny,OMNY - Full Fare,33.0,5.0
2022-05-31T04:00:00.000,subway,333,"Wall St (2,3)",Manhattan,metrocard,Metrocard - Other,1.0,0.0
2022-05-31T05:00:00.000,subway,145,190 St (A),Manhattan,omny,OMNY - Full Fare,8.0,0.0
2022-05-31T11:00:00.000,subway,9,"57 St-7 Av (N,Q,R,W)",Manhattan,metrocard,Metrocard - Fair Fare,6.0,0.0
2022-05-31T14:00:00.000,subway,16,"8 St-NYU (R,W)",Manhattan,metrocard,Metrocard - Seniors & Disability,17.0,0.0
2022-05-31T22:00:00.000,subway,157,"96 St (C,B)",Manhattan,metrocard,Metrocard - Seniors & Disability,2.0,0.0
2022-05-31T19:00:00.000,subway,601,"14 St (F,M,1,2,3)/6 Av (L)",Manhattan,metrocard,Metrocard - Unlimited 7-Day,180.0,0.0
2022-05-31T20:00:00.000,subway,601,"14 St (F,M,1,2,3)/6 Av (L)",Manhattan,metrocard,Metrocard - Other,59.0,0.0
2022-05-31T09:00:00.000,subway,14,"23 St (R,W)",Manhattan,metrocard,Metrocard - Seniors & Disability,13.0,3.0
2022-05-31T12:00:00.000,subway,607,"34 St-Herald Sq (B,D,F,M,N,Q,R,W)",Manhattan,metrocard,Metrocard - Students,39.0,0.0
2022-05-31T15:00:00.000,subway,605,"168 St (A,C,1)",Manhattan,metrocard,Metrocard - Full Fare,318.0,5.0
2022-05-31T10:00:00.000,subway,146,181 St (A),Manhattan,metrocard,Metrocard - Students,9.0,0.0
2022-05-31T07:00:00.000,subway,144,Dyckman St (A),Manhattan,metrocard,Metrocard - Unlimited 30-Day,91.0,0.0
2022-05-31T07:00:00.000,subway,405,23 St (6),Manhattan,omny,OMNY - Other,1.0,0.0
2022-05-31T20:00:00.000,subway,159,"81 St-Museum of Natural History (C,B)",Manhattan,metrocard,Metrocard - Unlimited 7-Day,42.0,0.0
2022-05-31T00:00:00.000,subway,414,"Bowling Green (4,5)",Manhattan,metrocard,Metrocard - Fair Fare,2.0,1.0
2022-05-31T00:00:00.000,subway,9,"57 St-7 Av (N,Q,R,W)",Manhattan,metrocard,Metrocard - Unlimited 7-Day,35.0,0.0
2022-05-31T23:00:00.000,subway,154,"116 St (C,B)",Manhattan,metrocard,Metrocard - Unlimited 30-Day,7.0,0.0
2022-05-31T13:00:00.000,subway,149,163 St-Amsterdam Av (C),Manhattan,metrocard,Metrocard - Full Fare,35.0,0.0
2022-05-31T00:00:00.000,subway,602,"14 St-Union Sq (L,N,Q,R,W,4,5,6)",Manhattan,metrocard,Metrocard - Other,14.0,0.0
2022-05-31T12:00:00.000,subway,407,Astor Pl (6),Manhattan,metrocard,Metrocard - Seniors & Disability,16.0,0.0
2022-05-31T12:00:00.000,subway,413,"Wall St (4,5)",Manhattan,metrocard,Metrocard - Students,7.0,0.0
2022-05-31T22:00:00.000,subway,602,"14 St-Union Sq (L,N,Q,R,W,4,5,6)",Manhattan,metrocard,Metrocard - Unlimited 30-Day,262.0,0.0
2022-05-31T21:00:00.000,subway,327,"Chambers St (1,2,3)",Manhattan,metrocard,Metrocard - Unlimited 30-Day,43.0,0.0
2022-05-31T10:00:00.000,subway,162,"50 St (C,E)",Manhattan,metrocard,Metrocard - Students,12.0,0.0
2022-05-31T22:00:00.000,subway,155,"Cathedral Pkwy (110 St) (C,B)",Manhattan,metrocard,Metrocard - Unlimited 7-Day,9.0,0.0
2022-05-31T09:00:00.000,subway,13,"28 St (R,W)",Manhattan,metrocard,Metrocard - Students,3.0,0.0
2022-05-31T11:00:00.000,subway,14,"23 St (R,W)",Manhattan,metrocard,Metrocard - Full Fare,101.0,6.0
2022-05-31T23:00:00.000,subway,405,23 St (6),Manhattan,metrocard,Metrocard - Unlimited 30-Day,37.0,0.0
2022-05-31T03:00:00.000,subway,9,"57 St-7 Av (N,Q,R,W)",Manhattan,metrocard,Metrocard - Unlimited 30-Day,1.0,0.0
2022-05-31T23:00:00.000,subway,151,"145 St (A,C,B,D)",Manhattan,metrocard,Metrocard - Unlimited 7-Day,29.0,0.0
2022-05-31T03:00:00.000,subway,143,Inwood-207 St (A),Manhattan,omny,OMNY - Full Fare,2.0,0.0
2022-05-31T13:00:00.000,subway,158,"86 St (C,B)",Manhattan,metrocard,Metrocard - Other,10.0,3.0
2022-05-31T11:00:00.000,subway,145,190 St (A),Manhattan,metrocard,Metrocard - Unlimited 7-Day,9.0,0.0
2022-05-31T05:00:00.000,subway,414,"Bowling Green (4,5)",Manhattan,metrocard,Metrocard - Other,21.0,2.0
2022-05-31T21:00:00.000,subway,413,"Wall St (4,5)",Manhattan,metrocard,Metrocard - Other,9.0,0.0
2022-05-31T14:00:00.000,subway,13,"28 St (R,W)",Manhattan,metrocard,Metrocard - Seniors & Disability,9.0,0.0
2022-05-31T08:00:00.000,subway,145,190 St (A),Manhattan,omny,OMNY - Full Fare,113.0,0.0
2022-05-31T17:00:00.000,subway,147,175 St (A),Manhattan,metrocard,Metrocard - Seniors & Disability,32.0,2.0
2022-05-31T16:00:00.000,subway,405,23 St (6),Manhattan,metrocard,Metrocard - Students,98.0,1.0
2022-05-31T01:00:00.000,subway,329,Rector St (1),Manhattan,metrocard,Metrocard - Full Fare,1.0,0.0
2022-05-31T23:00:00.000,subway,158,"86 St (C,B)",Manhattan,metrocard,Metrocard - Unlimited 7-Day,13.0,0.0
2022-05-31T02:00:00.000,subway,153,"125 St (A,C,B,D)",Manhattan,metrocard,Metrocard - Full Fare,4.0,0.0
2022-05-31T13:00:00.000,subway,329,Rector St (1),Manhattan,metrocard,Metrocard - Students,4.0,0.0
2022-05-31T21:00:00.000,subway,407,Astor Pl (6),Manhattan,metrocard,Metrocard - Students,1.0,0.0
2022-05-31T09:00:00.000,subway,407,Astor Pl (6),Manhattan,metrocard,Metrocard - Unlimited 30-Day,47.0,0.0
2022-05-31T15:00:00.000,subway,327,"Chambers St (1,2,3)",Manhattan,metrocard,Metrocard - Unlimited 7-Day,97.0,0.0
2022-05-31T14:00:00.000,subway,156,"103 St (C,B)",Manhattan,omny,OMNY - Full Fare,61.0,0.0
2022-05-31T10:00:00.000,subway,159,"81 St-Museum of Natural History (C,B)",Manhattan,metrocard,Metrocard - Seniors & Disability,14.0,5.0
2022-05-31T06:00:00.000,subway,150,155 St (C),Manhattan,omny,OMNY - Full Fare,20.0,0.0
2022-05-31T14:00:00.000,subway,9,"57 St-7 Av (N,Q,R,W)",Manhattan,metrocard,Metrocard - Students,71.0,1.0
2022-05-31T01:00:00.000,subway,602,"14 St-Union Sq (L,N,Q,R,W,4,5,6)",Manhattan,metrocard,Metrocard - Fair Fare,7.0,0.0
2022-05-31T13:00:00.000,subway,414,"Bowling Green (4,5)",Manhattan,metrocard,Metrocard - Students,22.0,2.0
2022-05-31T13:00:00.000,subway,14,"23 St (R,W)",Manhattan,metrocard,Metrocard - Unlimited 30-Day,51.0,0.0
2022-05-31T17:00:00.000,subway,414,"Bowling Green (4,5)",Manhattan,omny,OMNY - Full Fare,780.0,11.0
2022-05-31T11:00:00.000,subway,150,155 St (C),Manhattan,metrocard,Metrocard - Other,1.0,0.0
2022-05-31T12:00:00.000,subway,158,"86 St (C,B)",Manhattan,metrocard,Metrocard - Full Fare,56.0,3.0
2022-05-31T01:00:00.000,subway,146,181 St (A),Manhattan,metrocard,Metrocard - Unlimited 7-Day,1.0,0.0
2022-05-31T20:00:00.000,subway,160,"72 St (C,B)",Manhattan,metrocard,Metrocard - Unlimited 7-Day,37.0,0.0
2022-05-31T15:00:00.000,subway,158,"86 St (C,B)",Manhattan,metrocard,Metrocard - Full Fare,171.0,25.0
2022-05-31T22:00:00.000,subway,153,"125 St (A,C,B,D)",Manhattan,metrocard,Metrocard - Unlimited 30-Day,61.0,0.0
2022-05-31T20:00:00.000,subway,9,"57 St-7 Av (N,Q,R,W)",Manhattan,metrocard,Metrocard - Fair Fare,27.0,0.0
2022-05-31T14:00:00.000,subway,414,"Bowling Green (4,5)",Manhattan,metrocard,Metrocard - Unlimited 30-Day,53.0,0.0
2022-05-31T09:00:00.000,subway,16,"8 St-NYU (R,W)",Manhattan,omny,OMNY - Full Fare,210.0,0.0
2022-05-31T19:00:00.000,subway,605,"168 St (A,C,1)",Manhattan,metrocard,Metrocard - Other,40.0,0.0
2022-05-31T05:00:00.000,subway,152,"135 St (C,B)",Manhattan,omny,OMNY - Full Fare,7.0,0.0
2022-05-31T14:00:00.000,subway,9,"57 St-7 Av (N,Q,R,W)",Manhattan,metrocard,Metrocard - Unlimited 30-Day,129.0,0.0
2022-05-31T15:00:00.000,subway,13,"28 St (R,W)",Manhattan,metrocard,Metrocard - Other,12.0,0.0
2022-05-31T12:00:00.000,subway,607,"34 St-Herald Sq (B,D,F,M,N,Q,R,W)",Manhattan,metrocard,Metrocard - Unlimited 30-Day,248.0,0.0
2022-05-31T18:00:00.000,subway,156,"103 St (C,B)",Manhattan,metrocard,Metrocard - Unlimited 7-Day,36.0,0.0
2022-05-31T16:00:00.000,subway,333,"Wall St (2,3)",Manhattan,metrocard,Metrocard - Seniors & Disability,49.0,1.0
2022-05-31T18:00:00.000,subway,413,"Wall St (4,5)",Manhattan,metrocard,Metrocard - Unlimited 7-Day,79.0,0.0
2022-05-31T09:00:00.000,subway,154,"116 St (C,B)",Manhattan,metrocard,Metrocard - Fair Fare,14.0,2.0
2022-05-31T22:00:00.000,subway,154,"116 St (C,B)",Manhattan,metrocard,Metrocard - Full Fare,7.0,0.0
2022-05-31T23:00:00.000,subway,145,190 St (A),Manhattan,omny,OMNY - Full Fare,1.0,0.0
2022-05-31T03:00:00.000,subway,333,"Wall St (2,3)",Manhattan,metrocard,Metrocard - Unlimited 7-Day,2.0,0.0
2022-05-31T13:00:00.000,subway,162,"50 St (C,E)",Manhattan,omny,OMNY - Full Fare,174.0,2.0
2022-05-31T06:00:00.000,subway,329,Rector St (1),Manhattan,metrocard,Metrocard - Other,2.0,0.0
2022-05-31T20:00:00.000,subway,414,"Bowling Green (4,5)",Manhattan,metrocard,Metrocard - Unlimited 7-Day,35.0,0.0
2022-05-31T15:00:00.000,subway,601,"14 St (F,M,1,2,3)/6 Av (L)",Manhattan,metrocard,Metrocard - Other,76.0,1.0
2022-05-31T10:00:00.000,subway,153,"125 St (A,C,B,D)",Manhattan,metrocard,Metrocard - Other,35.0,3.0
2022-05-31T23:00:00.000,subway,329,Rector St (1),Manhattan,metrocard,Metrocard - Other,7.0,0.0
2022-05-31T06:00:00.000,subway,153,"125 St (A,C,B,D)",Manhattan,omny,OMNY - Full Fare,124.0,10.0
2022-05-31T09:00:00.000,subway,151,"145 St (A,C,B,D)",Manhattan,metrocard,Metrocard - Seniors & Disability,29.0,2.0
2022-05-31T06:00:00.000,subway,602,"14 St-Union Sq (L,N,Q,R,W,4,5,6)",Manhattan,metrocard,Metrocard - Unlimited 7-Day,36.0,0.0
2022-05-31T03:00:00.000,subway,13,"28 St (R,W)",Manhattan,metrocard,Metrocard - Full Fare,2.0,0.0
2022-05-31T20:00:00.000,subway,602,"14 St-Union Sq (L,N,Q,R,W,4,5,6)",Manhattan,metrocard,Metrocard - Unlimited 7-Day,312.0,0.0
2022-05-31T09:00:00.000,subway,153,"125 St (A,C,B,D)",Manhattan,metrocard,Metrocard - Full Fare,205.0,20.0
2022-05-31T09:00:00.000,subway,413,"Wall St (4,5)",Manhattan,metrocard,Metrocard - Full Fare,102.0,2.0
2022-05-31T22:00:00.000,subway,327,"Chambers St (1,2,3)",Manhattan,metrocard,Metrocard - Seniors & Disability,5.0,0.0
2022-05-31T18:00:00.000,subway,407,Astor Pl (6),Manhattan,metrocard,Metrocard - Fair Fare,12.0,0.0
2022-05-31T11:00:00.000,subway,156,"103 St (C,B)",Manhattan,metrocard,Metrocard - Unlimited 30-Day,16.0,0.0
2022-05-31T12:00:00.000,subway,16,"8 St-NYU (R,W)",Manhattan,metrocard,Metrocard - Other,6.0,0.0
2022-05-31T23:00:00.000,subway,13,"28 St (R,W)",Manhattan,metrocard,Metrocard - Unlimited 7-Day,59.0,0.0
2022-05-31T17:00:00.000,subway,145,190 St (A),Manhattan,metrocard,Metrocard - Other,4.0,0.0
2022-05-31T11:00:00.000,subway,13,"28 St (R,W)",Manhattan,omny,OMNY - Full Fare,62.0,0.0
2022-05-31T17:00:00.000,subway,407,Astor Pl (6),Manhattan,metrocard,Metrocard - Other,43.0,0.0
2022-05-31T05:00:00.000,subway,159,"81 St-Museum of Natural History (C,B)",Manhattan,metrocard,Metrocard - Full Fare,2.0,0.0
2022-05-31T07:00:00.000,subway,153,"125 St (A,C,B,D)",Manhattan,metrocard,Metrocard - Full Fare,239.0,26.0
2022-05-31T16:00:00.000,subway,405,23 St (6),Manhattan,metrocard,Metrocard - Unlimited 7-Day,172.0,0.0
2022-05-31T21:00:00.000,subway,409,Spring St (6),Manhattan,metrocard,Metrocard - Fair Fare,2.0,0.0
2022-05-31T10:00:00.000,subway,605,"168 St (A,C,1)",Manhattan,metrocard,Metrocard - Fair Fare,34.0,0.0
2022-05-31T12:00:00.000,subway,605,"168 St (A,C,1)",Manhattan,metrocard,Metrocard - Other,30.0,0.0
2022-05-31T21:00:00.000,subway,601,"14 St (F,M,1,2,3)/6 Av (L)",Manhattan,metrocard,Metrocard - Fair Fare,28.0,0.0
2022-05-31T10:00:00.000,subway,158,"86 St (C,B)",Manhattan,metrocard,Metrocard - Seniors & Disability,21.0,3.0
2022-05-31T00:00:00.000,subway,147,175 St (A),Manhattan,metrocard,Metrocard - Fair Fare,1.0,0.0
2022-05-31T06:00:00.000,subway,409,Spring St (6),Manhattan,omny,OMNY - Full Fare,16.0,0.0
2022-05-31T05:00:00.000,subway,152,"135 St (C,B)",Manhattan,metrocard,Metrocard - Unlimited 7-Day,1.0,0.0
2022-05-31T09:00:00.000,subway,414,"Bowling Green (4,5)",Manhattan,metrocard,Metrocard - Unlimited 7-Day,54.0,0.0
2022-05-31T06:00:00.000,subway,607,"34 St-Herald Sq (B,D,F,M,N,Q,R,W)",Manhattan,metrocard,Metrocard - Seniors & Disability,29.0,1.0
2022-05-31T19:00:00.000,subway,607,"34 St-Herald Sq (B,D,F,M,N,Q,R,W)",Manhattan,metrocard,Metrocard - Fair Fare,111.0,2.0
2022-05-31T19:00:00.000,subway,144,Dyckman St (A),Manhattan,metrocard,Metrocard - Seniors & Disability,2.0,0.0
2022-05-31T06:00:00.000,subway,9,"57 St-7 Av (N,Q,R,W)",Manhattan,metrocard,Metrocard - Fair Fare,5.0,1.0
2022-05-31T21:00:00.000,subway,13,"28 St (R,W)",Manhattan,metrocard,Metrocard - Fair Fare,1.0,0.0
2022-05-31T16:00:00.000,subway,149,163 St-Amsterdam Av (C),Manhattan,metrocard,Metrocard - Unlimited 30-Day,20.0,0.0
2022-05-31T00:00:00.000,subway,16,"8 St-NYU (R,W)",Manhattan,metrocard,Metrocard - Unlimited 7-Day,21.0,0.0
2022-05-31T08:00:00.000,subway,146,181 St (A),Manhattan,metrocard,Metrocard - Fair Fare,28.0,0.0
2022-05-31T00:00:00.000,subway,157,"96 St (C,B)",Manhattan,metrocard,Metrocard - Unlimited 30-Day,5.0,0.0
2022-05-31T23:00:00.000,subway,328,WTC Cortlandt (1),Manhattan,metrocard,Metrocard - Fair Fare,2.0,0.0
2022-05-31T03:00:00.000,subway,602,"14 St-Union Sq (L,N,Q,R,W,4,5,6)",Manhattan,metrocard,Metrocard - Unlimited 7-Day,4.0,0.0
2022-05-31T19:00:00.000,subway,155,"Cathedral Pkwy (110 St) (C,B)",Manhattan,metrocard,Metrocard - Seniors & Disability,4.0,1.0
2022-05-31T19:00:00.000,subway,150,155 St (C),Manhattan,metrocard,Metrocard - Students,4.0,0.0
2022-05-31T23:00:00.000,subway,147,175 St (A),Manhattan,metrocard,Metrocard - Full Fare,12.0,0.0
2022-05-31T11:00:00.000,subway,414,"Bowling Green (4,5)",Manhattan,metrocard,Metrocard - Unlimited 30-Day,37.0,0.0
2022-05-31T06:00:00.000,subway,413,"Wall St (4,5)",Manhattan,metrocard,Metrocard - Other,13.0,0.0
2022-05-31T10:00:00.000,subway,157,"96 St (C,B)",Manhattan,metrocard,Metrocard - Unlimited 7-Day,20.0,0.0
2022-05-31T10:00:00.000,subway,13,"28 St (R,W)",Manhattan,metrocard,Metrocard - Fair Fare,4.0,0.0
2022-05-31T12:00:00.000,subway,159,"81 St-Museum of Natural History (C,B)",Manhattan,metrocard,Metrocard - Full Fare,91.0,5.0
2022-05-31T21:00:00.000,subway,156,"103 St (C,B)",Manhattan,metrocard,Metrocard - Unlimited 30-Day,6.0,0.0
2022-05-31T20:00:00.000,subway,150,155 St (C),Manhattan,metrocard,Metrocard - Other,1.0,0.0
2022-05-31T11:00:00.000,subway,333,"Wall St (2,3)",Manhattan,metrocard,Metrocard - Students,1.0,0.0
2022-05-31T01:00:00.000,subway,153,"125 St (A,C,B,D)",Manhattan,metrocard,Metrocard - Full Fare,4.0,0.0
2022-05-31T13:00:00.000,subway,602,"14 St-Union Sq (L,N,Q,R,W,4,5,6)",Manhattan,metrocard,Metrocard - Seniors & Disability,148.0,11.0
2022-05-31T05:00:00.000,subway,162,"50 St (C,E)",Manhattan,metrocard,Metrocard - Unlimited 7-Day,4.0,0.0
2022-05-31T21:00:00.000,subway,601,"14 St (F,M,1,2,3)/6 Av (L)",Manhattan,omny,OMNY - Full Fare,500.0,3.0
2022-05-31T15:00:00.000,subway,147,175 St (A),Manhattan,metrocard,Metrocard - Unlimited 7-Day,39.0,0.0
2022-05-31T09:00:00.000,subway,601,"14 St (F,M,1,2,3)/6 Av (L)",Manhattan,omny,OMNY - Full Fare,520.0,9.0
2022-05-31T04:00:00.000,subway,151,"145 St (A,C,B,D)",Manhattan,metrocard,Metrocard - Full Fare,24.0,0.0
2022-05-31T22:00:00.000,subway,153,"125 St (A,C,B,D)",Manhattan,metrocard,Metrocard - Other,62.0,0.0
2022-05-31T22:00:00.000,subway,158,"86 St (C,B)",Manhattan,metrocard,Metrocard - Unlimited 7-Day,19.0,0.0
2022-05-31T10:00:00.000,subway,162,"50 St (C,E)",Manhattan,omny,OMNY - Full Fare,182.0,0.0
2022-05-31T19:00:00.000,subway,9,"57 St-7 Av (N,Q,R,W)",Manhattan,metrocard,Metrocard - Full Fare,295.0,6.0
2022-05-31T11:00:00.000,subway,329,Rector St (1),Manhattan,omny,OMNY - Full Fare,74.0,5.0
2022-05-31T09:00:00.000,subway,601,"14 St (F,M,1,2,3)/6 Av (L)",Manhattan,metrocard,Metrocard - Other,54.0,2.0
2022-05-31T14:00:00.000,subway,405,23 St (6),Manhattan,omny,OMNY - Full Fare,218.0,4.0
2022-05-31T21:00:00.000,subway,157,"96 St (C,B)",Manhattan,metrocard,Metrocard - Unlimited 7-Day,9.0,0.0
2022-05-31T06:00:00.000,subway,157,"96 St (C,B)",Manhattan,metrocard,Metrocard - Seniors & Disability,5.0,0.0
2022-05-31T00:00:00.000,subway,9,"57 St-7 Av (N,Q,R,W)",Manhattan,metrocard,Metrocard - Other,8.0,0.0
2022-05-31T13:00:00.000,subway,162,"50 St (C,E)",Manhattan,metrocard,Metrocard - Students,50.0,0.0
2022-05-31T10:00:00.000,subway,409,Spring St (6),Manhattan,metrocard,Metrocard - Students,1.0,0.0
2022-05-31T14:00:00.000,subway,607,"34 St-Herald Sq (B,D,F,M,N,Q,R,W)",Manhattan,metrocard,Metrocard - Fair Fare,99.0,2.0
2022-05-31T10:00:00.000,subway,162,"50 St (C,E)",Manhattan,metrocard,Metrocard - Seniors & Disability,15.0,0.0
2022-05-31T14:00:00.000,subway,147,175 St (A),Manhattan,metrocard,Metrocard - Students,10.0,0.0
2022-05-31T22:00:00.000,subway,150,155 St (C),Manhattan,metrocard,Metrocard - Full Fare,1.0,0.0
2022-05-31T20:00:00.000,subway,329,Rector St (1),Manhattan,omny,OMNY - Full Fare,49.0,0.0
2022-05-31T21:00:00.000,subway,326,Franklin St (1),Manhattan,omny,OMNY - Full Fare,53.0,0.0
2022-05-31T03:00:00.000,subway,155,"Cathedral Pkwy (110 St) (C,B)",Manhattan,metrocard,Metrocard - Full Fare,3.0,0.0
2022-05-31T19:00:00.000,subway,151,"145 St (A,C,B,D)",Manhattan,metrocard,Metrocard - Full Fare,77.0,6.0
2022-05-31T01:00:00.000,subway,162,"50 St (C,E)",Manhattan,metrocard,Metrocard - Full Fare,4.0,0.0
2022-05-31T06:00:00.000,subway,157,"96 St (C,B)",Manhattan,metrocard,Metrocard - Unlimited 30-Day,23.0,0.0
2022-05-31T10:00:00.000,subway,607,"34 St-Herald Sq (B,D,F,M,N,Q,R,W)",Manhattan,omny,OMNY - Full Fare,694.0,18.0
2022-05-31T16:00:00.000,subway,329,Rector St (1),Manhattan,metrocard,Metrocard - Fair Fare,6.0,0.0
2022-05-31T15:00:00.000,subway,13,"28 St (R,W)",Manhattan,metrocard,Metrocard - Unlimited 7-Day,86.0,0.0
2022-05-31T18:00:00.000,subway,143,Inwood-207 St (A),Manhattan,metrocard,Metrocard - Students,9.0,1.0
2022-05-31T10:00:00.000,subway,156,"103 St (C,B)",Manhattan,metrocard,Metrocard - Students,13.0,0.0
2022-05-31T12:00:00.000,subway,157,"96 St (C,B)",Manhattan,omny,OMNY - Full Fare,101.0,11.0
2022-05-31T18:00:00.000,subway,605,"168 St (A,C,1)",Manhattan,metrocard,Metrocard - Full Fare,248.0,2.0
2022-05-31T10:00:00.000,subway,154,"116 St (C,B)",Manhattan,metrocard,Metrocard - Other,14.0,5.0
2022-05-31T14:00:00.000,subway,156,"103 St (C,B)",Manhattan,metrocard,Metrocard - Seniors & Disability,10.0,0.0
2022-05-31T12:00:00.000,subway,414,"Bowling Green (4,5)",Manhattan,omny,OMNY - Full Fare,147.0,12.0
2022-05-31T05:00:00.000,subway,158,"86 St (C,B)",Manhattan,metrocard,Metrocard - Unlimited 7-Day,2.0,0.0
2022-05-31T21:00:00.000,subway,147,175 St (A),Manhattan,metrocard,Metrocard - Unlimited 30-Day,11.0,0.0
2022-05-31T10:00:00.000,subway,154,"116 St (C,B)",Manhattan,metrocard,Metrocard - Fair Fare,13.0,0.0
2022-05-31T20:00:00.000,subway,154,"116 St (C,B)",Manhattan,metrocard,Metrocard - Unlimited 30-Day,15.0,0.0
2022-05-31T17:00:00.000,subway,413,"Wall St (4,5)",Manhattan,metrocard,Metrocard - Unlimited 7-Day,71.0,0.0
2022-05-31T11:00:00.000,subway,156,"103 St (C,B)",Manhattan,omny,OMNY - Full Fare,43.0,0.0
2022-05-31T10:00:00.000,subway,153,"125 St (A,C,B,D)",Manhattan,metrocard,Metrocard - Unlimited 30-Day,97.0,0.0
2022-05-31T06:00:00.000,subway,414,"Bowling Green (4,5)",Manhattan,metrocard,Metrocard - Full Fare,153.0,87.0
2022-05-31T06:00:00.000,subway,156,"103 St (C,B)",Manhattan,metrocard,Metrocard - Full Fare,18.0,0.0
2022-05-31T03:00:00.000,subway,151,"145 St (A,C,B,D)",Manhattan,metrocard,Metrocard - Unlimited 7-Day,13.0,0.0
2022-05-31T00:00:00.000,subway,14,"23 St (R,W)",Manhattan,metrocard,Metrocard - Unlimited 30-Day,5.0,0.0
2022-05-31T08:00:00.000,subway,16,"8 St-NYU (R,W)",Manhattan,metrocard,Metrocard - Unlimited 7-Day,12.0,0.0
2022-05-31T16:00:00.000,subway,413,"Wall St (4,5)",Manhattan,metrocard,Metrocard - Other,51.0,1.0
2022-05-31T19:00:00.000,subway,150,155 St (C),Manhattan,omny,OMNY - Full Fare,7.0,0.0
2022-05-31T05:00:00.000,subway,328,WTC Cortlandt (1),Manhattan,omny,OMNY - Full Fare,14.0,0.0
2022-05-31T15:00:00.000,subway,152,"135 St (C,B)",Manhattan,metrocard,Metrocard - Fair Fare,13.0,0.0
2022-05-31T22:00:00.000,subway,144,Dyckman St (A),Manhattan,omny,OMNY - Full Fare,11.0,0.0
2022-05-31T04:00:00.000,subway,156,"103 St (C,B)",Manhattan,metrocard,Metrocard - Other,2.0,0.0
2022-05-31T15:00:00.000,subway,13,"28 St (R,W)",Manhattan,metrocard,Metrocard - Unlimited 30-Day,66.0,0.0
2022-05-31T17:00:00.000,subway,145,190 St (A),Manhattan,metrocard,Metrocard - Unlimited 30-Day,30.0,0.0
2022-05-31T08:00:00.000,subway,143,Inwood-207 St (A),Manhattan,metrocard,Metrocard - Full Fare,181.0,27.0
2022-05-31T14:00:00.000,subway,407,Astor Pl (6),Manhattan,metrocard,Metrocard - Unlimited 7-Day,66.0,0.0
2022-05-31T00:00:00.000,subway,158,"86 St (C,B)",Manhattan,metrocard,Metrocard - Unlimited 30-Day,2.0,0.0
2022-05-31T07:00:00.000,subway,327,"Chambers St (1,2,3)",Manhattan,omny,OMNY - Full Fare,128.0,4.0
2022-05-31T05:00:00.000,subway,414,"Bowling Green (4,5)",Manhattan,metrocard,Metrocard - Seniors & Disability,6.0,3.0
2022-05-31T10:00:00.000,subway,13,"28 St (R,W)",Manhattan,metrocard,Metrocard - Unlimited 7-Day,54.0,0.0
2022-05-31T20:00:00.000,subway,149,163 St-Amsterdam Av (C),Manhattan,metrocard,Metrocard - Other,2.0,0.0
2022-05-31T12:00:00.000,subway,152,"135 St (C,B)",Manhattan,metrocard,Metrocard - Unlimited 7-Day,15.0,0.0
2022-05-31T15:00:00.000,subway,153,"125 St (A,C,B,D)",Manhattan,metrocard,Metrocard - Unlimited 30-Day,152.0,0.0
2022-05-31T14:00:00.000,subway,605,"168 St (A,C,1)",Manhattan,metrocard,Metrocard - Seniors & Disability,44.0,3.0
2022-05-31T07:00:00.000,subway,413,"Wall St (4,5)",Manhattan,omny,OMNY - Full Fare,200.0,10.0
2022-05-31T10:00:00.000,subway,609,"Bryant Pk (B,D,F,M)/5 Av (7)",Manhattan,metrocard,Metrocard - Full Fare,173.0,2.0
2022-05-31T06:00:00.000,subway,158,"86 St (C,B)",Manhattan,metrocard,Metrocard - Fair Fare,2.0,0.0
2022-05-31T18:00:00.000,subway,333,"Wall St (2,3)",Manhattan,metrocard,Metrocard - Unlimited 30-Day,146.0,0.0
2022-05-31T13:00:00.000,subway,14,"23 St (R,W)",Manhattan,metrocard,Metrocard - Fair Fare,10.0,0.0
2022-05-31T23:00:00.000,subway,159,"81 St-Museum of Natural History (C,B)",Manhattan,metrocard,Metrocard - Full Fare,19.0,2.0
2022-05-31T19:00:00.000,subway,146,181 St (A),Manhattan,metrocard,Metrocard - Other,3.0,0.0
2022-05-31T11:00:00.000,subway,150,155 St (C),Manhattan,metrocard,Metrocard - Full Fare,19.0,0.0
2022-05-31T12:00:00.000,subway,155,"Cathedral Pkwy (110 St) (C,B)",Manhattan,metrocard,Metrocard - Seniors & Disability,8.0,2.0
2022-05-31T09:00:00.000,subway,329,Rector St (1),Manhattan,metrocard,Metrocard - Full Fare,48.0,11.0
2022-05-31T06:00:00.000,subway,152,"135 St (C,B)",Manhattan,omny,OMNY - Seniors & Disability,1.0,0.0
2022-05-31T15:00:00.000,subway,333,"Wall St (2,3)",Manhattan,metrocard,Metrocard - Other,83.0,0.0
2022-05-31T07:00:00.000,subway,327,"Chambers St (1,2,3)",Manhattan,metrocard,Metrocard - Unlimited 30-Day,24.0,0.0
2022-05-31T08:00:00.000,subway,605,"168 St (A,C,1)",Manhattan,metrocard,Metrocard - Unlimited 30-Day,143.0,0.0
2022-05-31T00:00:00.000,subway,150,155 St (C),Manhattan,metrocard,Metrocard - Fair Fare,1.0,0.0
2022-05-31T12:00:00.000,subway,328,WTC Cortlandt (1),Manhattan,metrocard,Metrocard - Seniors & Disability,2.0,0.0
2022-05-31T23:00:00.000,subway,409,Spring St (6),Manhattan,metrocard,Metrocard - Unlimited 7-Day,35.0,0.0
2022-05-31T18:00:00.000,subway,152,"135 St (C,B)",Manhattan,metrocard,Metrocard - Other,13.0,0.0
2022-05-31T20:00:00.000,subway,414,"Bowling Green (4,5)",Manhattan,metrocard,Metrocard - Seniors & Disability,5.0,0.0
2022-05-31T17:00:00.000,subway,152,"135 St (C,B)",Manhattan,metrocard,Metrocard - Seniors & Disability,2.0,0.0
2022-05-31T17:00:00.000,subway,150,155 St (C),Manhattan,metrocard,Metrocard - Seniors & Disability,3.0,0.0
2022-05-31T07:00:00.000,subway,9,"57 St-7 Av (N,Q,R,W)",Manhattan,metrocard,Metrocard - Students,53.0,9.0
2022-05-31T12:00:00.000,subway,151,"145 St (A,C,B,D)",Manhattan,metrocard,Metrocard - Students,25.0,1.0
2022-05-31T22:00:00.000,subway,328,WTC Cortlandt (1),Manhattan,metrocard,Metrocard - Other,8.0,0.0
2022-05-31T22:00:00.000,subway,407,Astor Pl (6),Manhattan,metrocard,Metrocard - Seniors & Disability,5.0,0.0
2022-05-31T04:00:00.000,subway,601,"14 St (F,M,1,2,3)/6 Av (L)",Manhattan,omny,OMNY - Full Fare,8.0,0.0
2022-05-31T20:00:00.000,subway,149,163 St-Amsterdam Av (C),Manhattan,metrocard,Metrocard - Unlimited 7-Day,13.0,0.0
2022-05-31T23:00:00.000,subway,409,Spring St (6),Manhattan,metrocard,Metrocard - Seniors & Disability,1.0,0.0
2022-05-31T19:00:00.000,subway,605,"168 St (A,C,1)",Manhattan,omny,OMNY - Full Fare,262.0,1.0
2022-05-31T18:00:00.000,subway,144,Dyckman St (A),Manhattan,metrocard,Metrocard - Other,3.0,0.0
2022-05-31T15:00:00.000,subway,333,"Wall St (2,3)",Manhattan,metrocard,Metrocard - Unlimited 7-Day,69.0,0.0
2022-05-31T18:00:00.000,subway,407,Astor Pl (6),Manhattan,omny,OMNY - Full Fare,354.0,2.0
2022-05-31T09:00:00.000,subway,327,"Chambers St (1,2,3)",Manhattan,metrocard,Metrocard - Other,18.0,1.0
2022-05-31T14:00:00.000,subway,160,"72 St (C,B)",Manhattan,metrocard,Metrocard - Other,10.0,2.0
2022-05-31T19:00:00.000,subway,405,23 St (6),Manhattan,omny,OMNY - Full Fare,233.0,10.0
2022-05-31T10:00:00.000,subway,16,"8 St-NYU (R,W)",Manhattan,metrocard,Metrocard - Students,1.0,0.0
2022-05-31T07:00:00.000,subway,154,"116 St (C,B)",Manhattan,omny,OMNY - Full Fare,98.0,3.0
2022-05-31T02:00:00.000,subway,152,"135 St (C,B)",Manhattan,metrocard,Metrocard - Other,4.0,0.0
2022-05-31T12:00:00.000,subway,16,"8 St-NYU (R,W)",Manhattan,metrocard,Metrocard - Fair Fare,4.0,0.0
2022-05-31T14:00:00.000,subway,150,155 St (C),Manhattan,omny,OMNY - Full Fare,32.0,0.0
2022-05-31T19:00:00.000,subway,152,"135 St (C,B)",Manhattan,metrocard,Metrocard - Students,22.0,1.0
2022-05-31T21:00:00.000,subway,602,"14 St-Union Sq (L,N,Q,R,W,4,5,6)",Manhattan,metrocard,Metrocard - Other,84.0,1.0
2022-05-31T17:00:00.000,subway,328,WTC Cortlandt (1),Manhattan,metrocard,Metrocard - Other,50.0,0.0
2022-05-31T20:00:00.000,subway,150,155 St (C),Manhattan,metrocard,Metrocard - Students,1.0,0.0
2022-05-31T12:00:00.000,subway,150,155 St (C),Manhattan,omny,OMNY - Full Fare,15.0,0.0
2022-05-31T19:00:00.000,subway,13,"28 St (R,W)",Manhattan,metrocard,Metrocard - Students,3.0,0.0
2022-05-31T18:00:00.000,subway,16,"8 St-NYU (R,W)",Manhattan,metrocard,Metrocard - Students,18.0,0.0
2022-05-31T11:00:00.000,subway,407,Astor Pl (6),Manhattan,omny,OMNY - Full Fare,114.0,1.0
2022-05-31T09:00:00.000,subway,333,"Wall St (2,3)",Manhattan,metrocard,Metrocard - Students,7.0,0.0
2022-05-31T17:00:00.000,subway,607,"34 St-Herald Sq (B,D,F,M,N,Q,R,W)",Manhattan,metrocard,Metrocard - Seniors & Disability,245.0,6.0
2022-05-31T16:00:00.000,subway,146,181 St (A),Manhattan,metrocard,Metrocard - Unlimited 7-Day,57.0,0.0
2022-05-31T18:00:00.000,subway,150,155 St (C),Manhattan,metrocard,Metrocard - Unlimited 7-Day,15.0,0.0
2022-05-31T07:00:00.000,subway,149,163 St-Amsterdam Av (C),Manhattan,metrocard,Metrocard - Full Fare,75.0,0.0
2022-05-31T16:00:00.000,subway,601,"14 St (F,M,1,2,3)/6 Av (L)",Manhattan,metrocard,Metrocard - Full Fare,609.0,15.0
2022-05-31T22:00:00.000,subway,327,"Chambers St (1,2,3)",Manhattan,metrocard,Metrocard - Fair Fare,15.0,0.0
2022-05-31T18:00:00.000,subway,144,Dyckman St (A),Manhattan,metrocard,Metrocard - Fair Fare,7.0,0.0
2022-05-31T12:00:00.000,subway,145,190 St (A),Manhattan,metrocard,Metrocard - Full Fare,30.0,2.0
2022-05-31T17:00:00.000,subway,328,WTC Cortlandt (1),Manhattan,metrocard,Metrocard - Full Fare,370.0,0.0
2022-05-31T19:00:00.000,subway,144,Dyckman St (A),Manhattan,metrocard,Metrocard - Full Fare,20.0,0.0
2022-05-31T07:00:00.000,subway,407,Astor Pl (6),Manhattan,metrocard,Metrocard - Students,29.0,0.0
2022-05-31T14:00:00.000,subway,405,23 St (6),Manhattan,metrocard,Metrocard - Full Fare,254.0,4.0
2022-05-31T08:00:00.000,subway,607,"34 St-Herald Sq (B,D,F,M,N,Q,R,W)",Manhattan,metrocard,Metrocard - Other,176.0,3.0
2022-05-31T21:00:00.000,subway,156,"103 St (C,B)",Manhattan,metrocard,Metrocard - Fair Fare,4.0,0.0
2022-05-31T14:00:00.000,subway,602,"14 St-Union Sq (L,N,Q,R,W,4,5,6)",Manhattan,metrocard,Metrocard - Students,672.0,1.0
2022-05-31T03:00:00.000,subway,159,"81 St-Museum of Natural History (C,B)",Manhattan,metrocard,Metrocard - Unlimited 7-Day,2.0,0.0
2022-05-31T02:00:00.000,subway,9,"57 St-7 Av (N,Q,R,W)",Manhattan,metrocard,Metrocard - Fair Fare,1.0,0.0
2022-05-31T09:00:00.000,subway,153,"125 St (A,C,B,D)",Manhattan,metrocard,Metrocard - Other,46.0,0.0
2022-05-31T12:00:00.000,subway,144,Dyckman St (A),Manhattan,metrocard,Metrocard - Seniors & Disability,18.0,0.0
2022-05-31T15:00:00.000,subway,609,"Bryant Pk (B,D,F,M)/5 Av (7)",Manhattan,metrocard,Metrocard - Other,64.0,0.0
2022-05-31T01:00:00.000,subway,407,Astor Pl (6),Manhattan,metrocard,Metrocard - Unlimited 7-Day,11.0,0.0
2022-05-31T17:00:00.000,subway,159,"81 St-Museum of Natural History (C,B)",Manhattan,metrocard,Metrocard - Seniors & Disability,31.0,9.0
2022-05-31T08:00:00.000,subway,414,"Bowling Green (4,5)",Manhattan,metrocard,Metrocard - Other,76.0,29.0
2022-05-31T07:00:00.000,subway,14,"23 St (R,W)",Manhattan,metrocard,Metrocard - Students,16.0,2.0
2022-05-31T18:00:00.000,subway,145,190 St (A),Manhattan,metrocard,Metrocard - Unlimited 30-Day,13.0,0.0
2022-05-31T20:00:00.000,subway,333,"Wall St (2,3)",Manhattan,metrocard,Metrocard - Unlimited 7-Day,46.0,0.0
2022-05-31T17:00:00.000,subway,144,Dyckman St (A),Manhattan,omny,OMNY - Full Fare,81.0,1.0
2022-05-31T08:00:00.000,subway,9,"57 St-7 Av (N,Q,R,W)",Manhattan,metrocard,Metrocard - Seniors & Disability,20.0,3.0
2022-05-31T03:00:00.000,subway,605,"168 St (A,C,1)",Manhattan,metrocard,Metrocard - Fair Fare,1.0,0.0
2022-05-31T18:00:00.000,subway,158,"86 St (C,B)",Manhattan,metrocard,Metrocard - Students,51.0,3.0
2022-05-31T14:00:00.000,subway,144,Dyckman St (A),Manhattan,metrocard,Metrocard - Other,4.0,0.0
2022-05-31T05:00:00.000,subway,155,"Cathedral Pkwy (110 St) (C,B)",Manhattan,metrocard,Metrocard - Unlimited 7-Day,3.0,0.0
2022-05-31T09:00:00.000,subway,155,"Cathedral Pkwy (110 St) (C,B)",Manhattan,omny,OMNY - Full Fare,140.0,2.0
2022-05-31T13:00:00.000,subway,149,163 St-Amsterdam Av (C),Manhattan,metrocard,Metrocard - Seniors & Disability,3.0,0.0
2022-05-31T11:00:00.000,subway,328,WTC Cortlandt (1),Manhattan,metrocard,Metrocard - Students,1.0,0.0
2022-05-31T06:00:00.000,subway,409,Spring St (6),Manhattan,metrocard,Metrocard - Unlimited 7-Day,3.0,0.0
2022-05-31T08:00:00.000,subway,605,"168 St (A,C,1)",Manhattan,metrocard,Metrocard - Students,128.0,6.0
2022-05-31T17:00:00.000,subway,145,190 St (A),Manhattan,metrocard,Metrocard - Unlimited 7-Day,18.0,0.0
2022-05-31T04:00:00.000,subway,143,Inwood-207 St (A),Manhattan,omny,OMNY - Full Fare,1.0,0.0
2022-05-31T21:00:00.000,subway,154,"116 St (C,B)",Manhattan,metrocard,Metrocard - Other,7.0,0.0
2022-05-31T19:00:00.000,subway,154,"116 St (C,B)",Manhattan,metrocard,Metrocard - Students,7.0,1.0
2022-05-31T23:00:00.000,subway,409,Spring St (6),Manhattan,metrocard,Metrocard - Unlimited 30-Day,18.0,0.0
2022-05-31T08:00:00.000,subway,156,"103 St (C,B)",Manhattan,omny,OMNY - Full Fare,131.0,2.0
2022-05-31T17:00:00.000,subway,602,"14 St-Union Sq (L,N,Q,R,W,4,5,6)",Manhattan,metrocard,Metrocard - Full Fare,1538.0,33.0
2022-05-31T22:00:00.000,subway,407,Astor Pl (6),Manhattan,metrocard,Metrocard - Students,1.0,0.0
2022-05-31T03:00:00.000,subway,146,181 St (A),Manhattan,metrocard,Metrocard - Full Fare,4.0,0.0
2022-05-31T07:00:00.000,subway,327,"Chambers St (1,2,3)",Manhattan,metrocard,Metrocard - Fair Fare,2.0,0.0
2022-05-31T02:00:00.000,subway,145,190 St (A),Manhattan,metrocard,Metrocard - Unlimited 30-Day,1.0,0.0
2022-05-31T19:00:00.000,subway,152,"135 St (C,B)",Manhattan,omny,OMNY - Full Fare,40.0,0.0
2022-05-31T17:00:00.000,subway,144,Dyckman St (A),Manhattan,metrocard,Metrocard - Unlimited 7-Day,30.0,0.0
2022-05-31T12:00:00.000,subway,405,23 St (6),Manhattan,metrocard,Metrocard - Unlimited 30-Day,56.0,0.0
2022-05-31T17:00:00.000,subway,413,"Wall St (4,5)",Manhattan,metrocard,Metrocard - Fair Fare,32.0,0.0
2022-05-31T21:00:00.000,subway,156,"103 St (C,B)",Manhattan,metrocard,Metrocard - Other,1.0,0.0
2022-05-31T13:00:00.000,subway,153,"125 St (A,C,B,D)",Manhattan,metrocard,Metrocard - Unlimited 7-Day,118.0,0.0
2022-05-31T08:00:00.000,subway,144,Dyckman St (A),Manhattan,metrocard,Metrocard - Full Fare,128.0,5.0
2022-05-31T21:00:00.000,subway,414,"Bowling Green (4,5)",Manhattan,metrocard,Metrocard - Unlimited 30-Day,27.0,0.0
2022-05-31T06:00:00.000,subway,407,Astor Pl (6),Manhattan,metrocard,Metrocard - Full Fare,16.0,0.0
2022-05-31T13:00:00.000,subway,333,"Wall St (2,3)",Manhattan,metrocard,Metrocard - Unlimited 30-Day,41.0,0.0
2022-05-31T21:00:00.000,subway,153,"125 St (A,C,B,D)",Manhattan,omny,OMNY - Full Fare,118.0,8.0
2022-05-31T11:00:00.000,subway,326,Franklin St (1),Manhattan,omny,OMNY - Full Fare,38.0,1.0
2022-05-31T02:00:00.000,subway,602,"14 St-Union Sq (L,N,Q,R,W,4,5,6)",Manhattan,metrocard,Metrocard - Unlimited 30-Day,13.0,0.0
2022-05-31T08:00:00.000,subway,144,Dyckman St (A),Manhattan,metrocard,Metrocard - Other,24.0,0.0
2022-05-31T20:00:00.000,subway,160,"72 St (C,B)",Manhattan,metrocard,Metrocard - Full Fare,53.0,0.0
2022-05-31T21:00:00.000,subway,155,"Cathedral Pkwy (110 St) (C,B)",Manhattan,metrocard,Metrocard - Fair Fare,3.0,0.0
2022-05-31T00:00:00.000,subway,405,23 St (6),Manhattan,metrocard,Metrocard - Seniors & Disability,1.0,0.0
2022-05-31T06:00:00.000,subway,143,Inwood-207 St (A),Manhattan,metrocard,Metrocard - Fair Fare,20.0,0.0
2022-05-31T16:00:00.000,subway,153,"125 St (A,C,B,D)",Manhattan,omny,OMNY - Full Fare,402.0,6.0
2022-05-31T20:00:00.000,subway,329,Rector St (1),Manhattan,metrocard,Metrocard - Full Fare,25.0,0.0
2022-05-31T05:00:00.000,subway,329,Rector St (1),Manhattan,metrocard,Metrocard - Unlimited 7-Day,2.0,0.0
2022-05-31T11:00:00.000,subway,162,"50 St (C,E)",Manhattan,metrocard,Metrocard - Fair Fare,6.0,0.0
2022-05-31T03:00:00.000,subway,14,"23 St (R,W)",Manhattan,omny,OMNY - Full Fare,3.0,0.0
2022-05-31T03:00:00.000,subway,144,Dyckman St (A),Manhattan,metrocard,Metrocard - Fair Fare,1.0,0.0
2022-05-31T20:00:00.000,subway,13,"28 St (R,W)",Manhattan,metrocard,Metrocard - Unlimited 30-Day,46.0,0.0
2022-05-31T22:00:00.000,subway,413,"Wall St (4,5)",Manhattan,metrocard,Metrocard - Fair Fare,6.0,0.0
2022-05-31T07:00:00.000,subway,150,155 St (C),Manhattan,metrocard,Metrocard - Unlimited 30-Day,33.0,0.0
2022-05-31T06:00:00.000,subway,14,"23 St (R,W)",Manhattan,metrocard,Metrocard - Other,4.0,1.0
2022-05-31T23:00:00.000,subway,146,181 St (A),Manhattan,metrocard,Metrocard - Unlimited 30-Day,5.0,0.0
2022-05-31T23:00:00.000,subway,153,"125 St (A,C,B,D)",Manhattan,metrocard,Metrocard - Unlimited 7-Day,31.0,0.0
2022-05-31T09:00:00.000,subway,143,Inwood-207 St (A),Manhattan,metrocard,Metrocard - Unlimited 30-Day,73.0,0.0
2022-05-31T03:00:00.000,subway,607,"34 St-Herald Sq (B,D,F,M,N,Q,R,W)",Manhattan,metrocard,Metrocard - Other,7.0,0.0
2022-05-31T17:00:00.000,subway,409,Spring St (6),Manhattan,omny,OMNY - Full Fare,334.0,1.0
2022-05-31T15:00:00.000,subway,160,"72 St (C,B)",Manhattan,omny,OMNY - Full Fare,174.0,7.0
2022-05-31T14:00:00.000,subway,155,"Cathedral Pkwy (110 St) (C,B)",Manhattan,metrocard,Metrocard - Students,13.0,1.0
2022-05-31T11:00:00.000,subway,605,"168 St (A,C,1)",Manhattan,metrocard,Metrocard - Full Fare,138.0,0.0
2022-05-31T00:00:00.000,subway,151,"145 St (A,C,B,D)",Manhattan,omny,OMNY - Full Fare,13.0,0.0
2022-05-31T16:00:00.000,subway,605,"168 St (A,C,1)",Manhattan,metrocard,Metrocard - Other,76.0,0.0
2022-05-31T12:00:00.000,subway,159,"81 St-Museum of Natural History (C,B)",Manhattan,metrocard,Metrocard - Other,8.0,0.0
2022-05-31T17:00:00.000,subway,146,181 St (A),Manhattan,metrocard,Metrocard - Other,14.0,1.0
2022-05-31T04:00:00.000,subway,143,Inwood-207 St (A),Manhattan,metrocard,Metrocard - Seniors & Disability,2.0,0.0
2022-05-31T16:00:00.000,subway,605,"168 St (A,C,1)",Manhattan,metrocard,Metrocard - Unlimited 7-Day,145.0,0.0
2022-05-31T12:00:00.000,subway,16,"8 St-NYU (R,W)",Manhattan,omny,OMNY - Full Fare,137.0,1.0
2022-05-31T07:00:00.000,subway,413,"Wall St (4,5)",Manhattan,metrocard,Metrocard - Students,35.0,0.0
2022-05-31T01:00:00.000,subway,153,"125 St (A,C,B,D)",Manhattan,omny,OMNY - Full Fare,12.0,0.0
2022-05-31T11:00:00.000,subway,149,163 St-Amsterdam Av (C),Manhattan,metrocard,Metrocard - Students,4.0,0.0
2022-05-31T14:00:00.000,subway,147,175 St (A),Manhattan,metrocard,Metrocard - Fair Fare,9.0,0.0
2022-05-31T18:00:00.000,subway,329,Rector St (1),Manhattan,metrocard,Metrocard - Unlimited 7-Day,45.0,0.0
2022-05-31T08:00:00.000,subway,601,"14 St (F,M,1,2,3)/6 Av (L)",Manhattan,metrocard,Metrocard - Seniors & Disability,52.0,4.0
2022-05-31T15:00:00.000,subway,152,"135 St (C,B)",Manhattan,metrocard,Metrocard - Full Fare,62.0,2.0
2022-05-31T16:00:00.000,subway,413,"Wall St (4,5)",Manhattan,metrocard,Metrocard - Full Fare,416.0,1.0
2022-05-31T12:00:00.000,subway,154,"116 St (C,B)",Manhattan,metrocard,Metrocard - Unlimited 7-Day,34.0,0.0
2022-05-31T03:00:00.000,subway,154,"116 St (C,B)",Manhattan,metrocard,Metrocard - Full Fare,2.0,0.0
2022-05-31T10:00:00.000,subway,602,"14 St-Union Sq (L,N,Q,R,W,4,5,6)",Manhattan,metrocard,Metrocard - Other,82.0,4.0
2022-05-31T19:00:00.000,subway,329,Rector St (1),Manhattan,metrocard,Metrocard - Other,7.0,0.0
2022-05-31T06:00:00.000,subway,605,"168 St (A,C,1)",Manhattan,metrocard,Metrocard - Unlimited 7-Day,100.0,0.0
2022-05-31T21:00:00.000,subway,14,"23 St (R,W)",Manhattan,metrocard,Metrocard - Seniors & Disability,6.0,0.0
2022-05-31T07:00:00.000,subway,143,Inwood-207 St (A),Manhattan,metrocard,Metrocard - Other,51.0,0.0
2022-05-31T03:00:00.000,subway,601,"14 St (F,M,1,2,3)/6 Av (L)",Manhattan,metrocard,Metrocard - Full Fare,8.0,0.0
2022-05-31T00:00:00.000,subway,605,"168 St (A,C,1)",Manhattan,metrocard,Metrocard - Full Fare,9.0,0.0
2022-05-31T23:00:00.000,subway,159,"81 St-Museum of Natural History (C,B)",Manhattan,metrocard,Metrocard - Other,4.0,0.0
2022-05-31T06:00:00.000,subway,145,190 St (A),Manhattan,metrocard,Metrocard - Unlimited 7-Day,14.0,0.0
2022-05-31T04:00:00.000,subway,327,"Chambers St (1,2,3)",Manhattan,metrocard,Metrocard - Full Fare,1.0,0.0
2022-05-31T14:00:00.000,subway,159,"81 St-Museum of Natural History (C,B)",Manhattan,metrocard,Metrocard - Unlimited 30-Day,50.0,0.0
2022-05-31T05:00:00.000,subway,153,"125 St (A,C,B,D)",Manhattan,metrocard,Metrocard - Unlimited 30-Day,31.0,0.0
2022-05-31T17:00:00.000,subway,607,"34 St-Herald Sq (B,D,F,M,N,Q,R,W)",Manhattan,metrocard,Metrocard - Unlimited 30-Day,1181.0,0.0
2022-05-31T18:00:00.000,subway,151,"145 St (A,C,B,D)",Manhattan,metrocard,Metrocard - Other,27.0,1.0
2022-05-31T16:00:00.000,subway,328,WTC Cortlandt (1),Manhattan,metrocard,Metrocard - Students,10.0,0.0
2022-05-31T15:00:00.000,subway,149,163 St-Amsterdam Av (C),Manhattan,metrocard,Metrocard - Unlimited 7-Day,32.0,0.0
2022-05-31T05:00:00.000,subway,149,163 St-Amsterdam Av (C),Manhattan,metrocard,Metrocard - Unlimited 7-Day,25.0,0.0
2022-05-31T16:00:00.000,subway,13,"28 St (R,W)",Manhattan,metrocard,Metrocard - Full Fare,170.0,0.0
2022-05-31T18:00:00.000,subway,409,Spring St (6),Manhattan,metrocard,Metrocard - Unlimited 30-Day,72.0,0.0
2022-05-31T00:00:00.000,subway,159,"81 St-Museum of Natural History (C,B)",Manhattan,omny,OMNY - Full Fare,6.0,0.0
2022-05-31T04:00:00.000,subway,602,"14 St-Union Sq (L,N,Q,R,W,4,5,6)",Manhattan,metrocard,Metrocard - Other,6.0,0.0
2022-05-31T00:00:00.000,subway,14,"23 St (R,W)",Manhattan,metrocard,Metrocard - Full Fare,7.0,0.0
2022-05-31T13:00:00.000,subway,607,"34 St-Herald Sq (B,D,F,M,N,Q,R,W)",Manhattan,metrocard,Metrocard - Unlimited 30-Day,275.0,0.0
2022-05-31T20:00:00.000,subway,605,"168 St (A,C,1)",Manhattan,metrocard,Metrocard - Unlimited 30-Day,62.0,0.0
2022-05-31T21:00:00.000,subway,327,"Chambers St (1,2,3)",Manhattan,metrocard,Metrocard - Seniors & Disability,9.0,0.0
2022-05-31T21:00:00.000,subway,144,Dyckman St (A),Manhattan,metrocard,Metrocard - Unlimited 30-Day,2.0,0.0
2022-05-31T22:00:00.000,subway,146,181 St (A),Manhattan,metrocard,Metrocard - Full Fare,9.0,0.0
2022-05-31T04:00:00.000,subway,144,Dyckman St (A),Manhattan,metrocard,Metrocard - Unlimited 30-Day,5.0,0.0
2022-05-31T23:00:00.000,subway,9,"57 St-7 Av (N,Q,R,W)",Manhattan,metrocard,Metrocard - Fair Fare,20.0,0.0
2022-05-31T14:00:00.000,subway,149,163 St-Amsterdam Av (C),Manhattan,metrocard,Metrocard - Fair Fare,15.0,0.0
2022-05-31T06:00:00.000,subway,145,190 St (A),Manhattan,metrocard,Metrocard - Other,6.0,0.0
2022-05-31T01:00:00.000,subway,407,Astor Pl (6),Manhattan,metrocard,Metrocard - Full Fare,12.0,0.0
2022-05-31T08:00:00.000,subway,607,"34 St-Herald Sq (B,D,F,M,N,Q,R,W)",Manhattan,metrocard,Metrocard - Unlimited 30-Day,266.0,0.0
2022-05-31T13:00:00.000,subway,146,181 St (A),Manhattan,metrocard,Metrocard - Unlimited 30-Day,57.0,0.0
2022-05-31T21:00:00.000,subway,414,"Bowling Green (4,5)",Manhattan,metrocard,Metrocard - Unlimited 7-Day,33.0,0.0
2022-05-31T19:00:00.000,subway,602,"14 St-Union Sq (L,N,Q,R,W,4,5,6)",Manhattan,metrocard,Metrocard - Fair Fare,92.0,1.0
2022-05-31T10:00:00.000,subway,9,"57 St-7 Av (N,Q,R,W)",Manhattan,metrocard,Metrocard - Students,7.0,1.0
2022-05-31T16:00:00.000,subway,9,"57 St-7 Av (N,Q,R,W)",Manhattan,metrocard,Metrocard - Fair Fare,60.0,0.0
2022-05-31T23:00:00.000,subway,149,163 St-Amsterdam Av (C),Manhattan,metrocard,Metrocard - Unlimited 30-Day,1.0,0.0
2022-05-31T06:00:00.000,subway,146,181 St (A),Manhattan,metrocard,Metrocard - Students,28.0,0.0
2022-05-31T13:00:00.000,subway,602,"14 St-Union Sq (L,N,Q,R,W,4,5,6)",Manhattan,metrocard,Metrocard - Full Fare,595.0,18.0
2022-05-31T07:00:00.000,subway,160,"72 St (C,B)",Manhattan,metrocard,Metrocard - Unlimited 7-Day,11.0,0.0
2022-05-31T14:00:00.000,subway,601,"14 St (F,M,1,2,3)/6 Av (L)",Manhattan,metrocard,Metrocard - Unlimited 7-Day,155.0,0.0
2022-05-31T20:00:00.000,subway,609,"Bryant Pk (B,D,F,M)/5 Av (7)",Manhattan,metrocard,Metrocard - Other,54.0,0.0
2022-05-31T06:00:00.000,subway,328,WTC Cortlandt (1),Manhattan,metrocard,Metrocard - Full Fare,103.0,1.0
2022-05-31T11:00:00.000,subway,13,"28 St (R,W)",Manhattan,metrocard,Metrocard - Other,3.0,0.0
2022-05-31T14:00:00.000,subway,602,"14 St-Union Sq (L,N,Q,R,W,4,5,6)",Manhattan,omny,OMNY - Full Fare,995.0,14.0
2022-05-31T06:00:00.000,subway,153,"125 St (A,C,B,D)",Manhattan,metrocard,Metrocard - Full Fare,134.0,13.0
2022-05-31T22:00:00.000,subway,413,"Wall St (4,5)",Manhattan,omny,OMNY - Full Fare,100.0,0.0
2022-05-31T20:00:00.000,subway,9,"57 St-7 Av (N,Q,R,W)",Manhattan,metrocard,Metrocard - Unlimited 30-Day,134.0,0.0
2022-05-31T07:00:00.000,subway,156,"103 St (C,B)",Manhattan,metrocard,Metrocard - Unlimited 7-Day,20.0,0.0
2022-05-31T21:00:00.000,subway,413,"Wall St (4,5)",Manhattan,metrocard,Metrocard - Full Fare,36.0,0.0
2022-05-31T09:00:00.000,subway,329,Rector St (1),Manhattan,metrocard,Metrocard - Other,15.0,2.0
2022-05-31T06:00:00.000,subway,329,Rector St (1),Manhattan,metrocard,Metrocard - Unlimited 30-Day,9.0,0.0
2022-05-31T17:00:00.000,subway,327,"Chambers St (1,2,3)",Manhattan,metrocard,Metrocard - Unlimited 30-Day,189.0,0.0
2022-05-31T04:00:00.000,subway,413,"Wall St (4,5)",Manhattan,metrocard,Metrocard - Full Fare,1.0,0.0
2022-05-31T18:00:00.000,subway,153,"125 St (A,C,B,D)",Manhattan,metrocard,Metrocard - Seniors & Disability,27.0,4.0
2022-05-31T07:00:00.000,subway,328,WTC Cortlandt (1),Manhattan,metrocard,Metrocard - Unlimited 7-Day,17.0,0.0
2022-05-31T23:00:00.000,subway,156,"103 St (C,B)",Manhattan,omny,OMNY - Full Fare,6.0,0.0
2022-05-31T22:00:00.000,subway,14,"23 St (R,W)",Manhattan,metrocard,Metrocard - Unlimited 7-Day,54.0,0.0
2022-05-31T10:00:00.000,subway,157,"96 St (C,B)",Manhattan,metrocard,Metrocard - Seniors & Disability,26.0,3.0
2022-05-31T22:00:00.000,subway,154,"116 St (C,B)",Manhattan,omny,OMNY - Full Fare,16.0,0.0
2022-05-31T00:00:00.000,subway,607,"34 St-Herald Sq (B,D,F,M,N,Q,R,W)",Manhattan,metrocard,Metrocard - Full Fare,143.0,4.0
2022-05-31T18:00:00.000,subway,158,"86 St (C,B)",Manhattan,omny,OMNY - Full Fare,225.0,21.0
2022-05-31T19:00:00.000,subway,147,175 St (A),Manhattan,metrocard,Metrocard - Fair Fare,11.0,1.0
2022-05-31T14:00:00.000,subway,155,"Cathedral Pkwy (110 St) (C,B)",Manhattan,metrocard,Metrocard - Other,11.0,0.0
2022-05-31T01:00:00.000,subway,333,"Wall St (2,3)",Manhattan,metrocard,Metrocard - Unlimited 30-Day,1.0,0.0
2022-05-31T00:00:00.000,subway,601,"14 St (F,M,1,2,3)/6 Av (L)",Manhattan,metrocard,Metrocard - Seniors & Disability,3.0,0.0
2022-05-31T01:00:00.000,subway,144,Dyckman St (A),Manhattan,metrocard,Metrocard - Unlimited 7-Day,1.0,0.0
2022-05-31T20:00:00.000,subway,145,190 St (A),Manhattan,metrocard,Metrocard - Other,2.0,0.0
2022-05-31T18:00:00.000,subway,153,"125 St (A,C,B,D)",Manhattan,metrocard,Metrocard - Unlimited 7-Day,140.0,0.0
2022-05-31T16:00:00.000,subway,155,"Cathedral Pkwy (110 St) (C,B)",Manhattan,omny,OMNY - Full Fare,130.0,2.0
2022-05-31T04:00:00.000,subway,414,"Bowling Green (4,5)",Manhattan,metrocard,Metrocard - Unlimited 7-Day,2.0,0.0
2022-05-31T19:00:00.000,subway,333,"Wall St (2,3)",Manhattan,metrocard,Metrocard - Full Fare,146.0,1.0
2022-05-31T21:00:00.000,subway,409,Spring St (6),Manhattan,metrocard,Metrocard - Other,14.0,0.0
2022-05-31T07:00:00.000,subway,9,"57 St-7 Av (N,Q,R,W)",Manhattan,metrocard,Metrocard - Fair Fare,9.0,1.0
2022-05-31T16:00:00.000,subway,150,155 St (C),Manhattan,metrocard,Metrocard - Fair Fare,4.0,0.0
2022-05-31T13:00:00.000,subway,407,Astor Pl (6),Manhattan,metrocard,Metrocard - Unlimited 30-Day,23.0,0.0
2022-05-31T00:00:00.000,subway,162,"50 St (C,E)",Manhattan,metrocard,Metrocard - Seniors & Disability,1.0,0.0
2022-05-31T14:00:00.000,subway,14,"23 St (R,W)",Manhattan,omny,OMNY - Full Fare,204.0,6.0
2022-05-31T18:00:00.000,subway,146,181 St (A),Manhattan,metrocard,Metrocard - Seniors & Disability,19.0,0.0
2022-05-31T10:00:00.000,subway,159,"81 St-Museum of Natural History (C,B)",Manhattan,omny,OMNY - Full Fare,76.0,2.0
2022-05-31T09:00:00.000,subway,162,"50 St (C,E)",Manhattan,metrocard,Metrocard - Other,24.0,0.0
2022-05-31T03:00:00.000,subway,14,"23 St (R,W)",Manhattan,metrocard,Metrocard - Fair Fare,1.0,0.0
2022-05-31T09:00:00.000,subway,152,"135 St (C,B)",Manhattan,omny,OMNY - Full Fare,75.0,3.0
2022-05-31T11:00:00.000,subway,151,"145 St (A,C,B,D)",Manhattan,omny,OMNY - Full Fare,134.0,1.0
2022-05-31T12:00:00.000,subway,413,"Wall St (4,5)",Manhattan,metrocard,Metrocard - Fair Fare,8.0,0.0
2022-05-31T20:00:00.000,subway,146,181 St (A),Manhattan,metrocard,Metrocard - Seniors & Disability,1.0,0.0
2022-05-31T17:00:00.000,subway,153,"125 St (A,C,B,D)",Manhattan,metrocard,Metrocard - Students,108.0,6.0
2022-05-31T08:00:00.000,subway,407,Astor Pl (6),Manhattan,metrocard,Metrocard - Seniors & Disability,18.0,3.0
2022-05-31T19:00:00.000,subway,158,"86 St (C,B)",Manhattan,metrocard,Metrocard - Full Fare,67.0,7.0
2022-05-31T22:00:00.000,subway,156,"103 St (C,B)",Manhattan,metrocard,Metrocard - Unlimited 7-Day,8.0,0.0
2022-05-31T17:00:00.000,subway,149,163 St-Amsterdam Av (C),Manhattan,metrocard,Metrocard - Full Fare,28.0,1.0
2022-05-31T06:00:00.000,subway,602,"14 St-Union Sq (L,N,Q,R,W,4,5,6)",Manhattan,metrocard,Metrocard - Full Fare,113.0,24.0
2022-05-31T21:00:00.000,subway,14,"23 St (R,W)",Manhattan,metrocard,Metrocard - Other,8.0,0.0
2022-05-31T03:00:00.000,subway,155,"Cathedral Pkwy (110 St) (C,B)",Manhattan,omny,OMNY - Full Fare,4.0,0.0
2022-05-31T20:00:00.000,subway,405,23 St (6),Manhattan,metrocard,Metrocard - Unlimited 7-Day,61.0,0.0
2022-05-31T06:00:00.000,subway,328,WTC Cortlandt (1),Manhattan,metrocard,Metrocard - Unlimited 30-Day,15.0,0.0
2022-05-31T15:00:00.000,subway,414,"Bowling Green (4,5)",Manhattan,metrocard,Metrocard - Fair Fare,26.0,3.0
2022-05-31T06:00:00.000,subway,14,"23 St (R,W)",Manhattan,metrocard,Metrocard - Seniors & Disability,1.0,0.0
2022-05-31T20:00:00.000,subway,333,"Wall St (2,3)",Manhattan,omny,OMNY - Full Fare,165.0,4.0
2022-05-31T01:00:00.000,subway,14,"23 St (R,W)",Manhattan,metrocard,Metrocard - Unlimited 7-Day,9.0,0.0
2022-05-31T18:00:00.000,subway,413,"Wall St (4,5)",Manhattan,metrocard,Metrocard - Unlimited 30-Day,130.0,0.0
2022-05-31T20:00:00.000,subway,162,"50 St (C,E)",Manhattan,metrocard,Metrocard - Seniors & Disability,14.0,0.0
2022-05-31T06:00:00.000,subway,146,181 St (A),Manhattan,metrocard,Metrocard - Unlimited 7-Day,60.0,0.0
2022-05-31T08:00:00.000,subway,152,"135 St (C,B)",Manhattan,metrocard,Metrocard - Full Fare,73.0,1.0
2022-05-31T15:00:00.000,subway,147,175 St (A),Manhattan,metrocard,Metrocard - Other,15.0,0.0
2022-05-31T12:00:00.000,subway,333,"Wall St (2,3)",Manhattan,metrocard,Metrocard - Seniors & Disability,10.0,0.0
2022-05-31T08:00:00.000,subway,16,"8 St-NYU (R,W)",Manhattan,metrocard,Metrocard - Seniors & Disability,14.0,0.0
2022-05-31T17:00:00.000,subway,143,Inwood-207 St (A),Manhattan,metrocard,Metrocard - Fair Fare,14.0,2.0
2022-05-31T10:00:00.000,subway,602,"14 St-Union Sq (L,N,Q,R,W,4,5,6)",Manhattan,metrocard,Metrocard - Fair Fare,38.0,2.0
2022-05-31T09:00:00.000,subway,160,"72 St (C,B)",Manhattan,metrocard,Metrocard - Fair Fare,2.0,0.0
2022-05-31T14:00:00.000,subway,153,"125 St (A,C,B,D)",Manhattan,metrocard,Metrocard - Full Fare,227.0,35.0
2022-05-31T18:00:00.000,subway,9,"57 St-7 Av (N,Q,R,W)",Manhattan,metrocard,Metrocard - Unlimited 30-Day,314.0,0.0
2022-05-31T08:00:00.000,subway,154,"116 St (C,B)",Manhattan,metrocard,Metrocard - Full Fare,90.0,5.0
2022-05-31T16:00:00.000,subway,414,"Bowling Green (4,5)",Manhattan,metrocard,Metrocard - Unlimited 7-Day,200.0,0.0
2022-05-31T22:00:00.000,subway,329,Rector St (1),Manhattan,metrocard,Metrocard - Seniors & Disability,2.0,0.0
2022-05-31T22:00:00.000,subway,160,"72 St (C,B)",Manhattan,metrocard,Metrocard - Unlimited 30-Day,10.0,0.0
2022-05-31T00:00:00.000,subway,160,"72 St (C,B)",Manhattan,omny,OMNY - Full Fare,5.0,0.0
2022-05-31T12:00:00.000,subway,150,155 St (C),Manhattan,metrocard,Metrocard - Unlimited 30-Day,7.0,0.0
2022-05-31T18:00:00.000,subway,156,"103 St (C,B)",Manhattan,omny,OMNY - Full Fare,65.0,2.0
2022-05-31T04:00:00.000,subway,143,Inwood-207 St (A),Manhattan,metrocard,Metrocard - Unlimited 30-Day,4.0,0.0
2022-05-31T05:00:00.000,subway,16,"8 St-NYU (R,W)",Manhattan,omny,OMNY - Full Fare,2.0,0.0
2022-05-31T09:00:00.000,subway,409,Spring St (6),Manhattan,metrocard,Metrocard - Full Fare,40.0,0.0
2022-05-31T07:00:00.000,subway,405,23 St (6),Manhattan,omny,OMNY - Full Fare,254.0,35.0
2022-05-31T05:00:00.000,subway,609,"Bryant Pk (B,D,F,M)/5 Av (7)",Manhattan,metrocard,Metrocard - Other,7.0,0.0
2022-05-31T01:00:00.000,subway,601,"14 St (F,M,1,2,3)/6 Av (L)",Manhattan,metrocard,Metrocard - Full Fare,18.0,0.0
2022-05-31T19:00:00.000,subway,607,"34 St-Herald Sq (B,D,F,M,N,Q,R,W)",Manhattan,metrocard,Metrocard - Unlimited 7-Day,446.0,0.0
2022-05-31T22:00:00.000,subway,16,"8 St-NYU (R,W)",Manhattan,metrocard,Metrocard - Fair Fare,5.0,0.0
2022-05-31T06:00:00.000,subway,155,"Cathedral Pkwy (110 St) (C,B)",Manhattan,metrocard,Metrocard - Fair Fare,8.0,0.0
2022-05-31T22:00:00.000,subway,160,"72 St (C,B)",Manhattan,metrocard,Metrocard - Fair Fare,2.0,0.0
2022-05-31T07:00:00.000,subway,160,"72 St (C,B)",Manhattan,metrocard,Metrocard - Unlimited 30-Day,25.0,0.0
2022-05-31T02:00:00.000,subway,153,"125 St (A,C,B,D)",Manhattan,omny,OMNY - Full Fare,4.0,0.0
2022-05-31T22:00:00.000,subway,159,"81 St-Museum of Natural History (C,B)",Manhattan,metrocard,Metrocard - Fair Fare,7.0,0.0
2022-05-31T23:00:00.000,subway,151,"145 St (A,C,B,D)",Manhattan,metrocard,Metrocard - Fair Fare,10.0,1.0
2022-05-31T09:00:00.000,subway,13,"28 St (R,W)",Manhattan,metrocard,Metrocard - Full Fare,49.0,0.0
2022-05-31T22:00:00.000,subway,409,Spring St (6),Manhattan,metrocard,Metrocard - Full Fare,51.0,0.0
2022-05-31T09:00:00.000,subway,327,"Chambers St (1,2,3)",Manhattan,metrocard,Metrocard - Students,8.0,0.0
2022-05-31T01:00:00.000,subway,329,Rector St (1),Manhattan,metrocard,Metrocard - Other,2.0,0.0
2022-05-31T23:00:00.000,subway,413,"Wall St (4,5)",Manhattan,metrocard,Metrocard - Unlimited 30-Day,23.0,0.0
2022-05-31T14:00:00.000,subway,158,"86 St (C,B)",Manhattan,metrocard,Metrocard - Seniors & Disability,33.0,8.0
2022-05-31T15:00:00.000,subway,155,"Cathedral Pkwy (110 St) (C,B)",Manhattan,metrocard,Metrocard - Seniors & Disability,7.0,0.0
2022-05-31T22:00:00.000,subway,145,190 St (A),Manhattan,metrocard,Metrocard - Full Fare,6.0,0.0
2022-05-31T11:00:00.000,subway,327,"Chambers St (1,2,3)",Manhattan,metrocard,Metrocard - Unlimited 7-Day,48.0,0.0
2022-05-31T20:00:00.000,subway,146,181 St (A),Manhattan,omny,OMNY - Full Fare,29.0,0.0
2022-05-31T15:00:00.000,subway,150,155 St (C),Manhattan,metrocard,Metrocard - Students,6.0,1.0
2022-05-31T10:00:00.000,subway,147,175 St (A),Manhattan,omny,OMNY - Full Fare,98.0,0.0
2022-05-31T02:00:00.000,subway,607,"34 St-Herald Sq (B,D,F,M,N,Q,R,W)",Manhattan,metrocard,Metrocard - Fair Fare,7.0,0.0
2022-05-31T11:00:00.000,subway,146,181 St (A),Manhattan,metrocard,Metrocard - Unlimited 7-Day,35.0,0.0
2022-05-31T22:00:00.000,subway,607,"34 St-Herald Sq (B,D,F,M,N,Q,R,W)",Manhattan,metrocard,Metrocard - Full Fare,412.0,7.0
2022-05-31T09:00:00.000,subway,9,"57 St-7 Av (N,Q,R,W)",Manhattan,omny,OMNY - Full Fare,242.0,5.0
2022-05-31T12:00:00.000,subway,14,"23 St (R,W)",Manhattan,metrocard,Metrocard - Unlimited 7-Day,81.0,0.0
2022-05-31T07:00:00.000,subway,149,163 St-Amsterdam Av (C),Manhattan,omny,OMNY - Full Fare,48.0,2.0
2022-05-31T11:00:00.000,subway,156,"103 St (C,B)",Manhattan,metrocard,Metrocard - Fair Fare,5.0,0.0
2022-05-31T23:00:00.000,subway,158,"86 St (C,B)",Manhattan,metrocard,Metrocard - Fair Fare,1.0,0.0
2022-05-31T21:00:00.000,subway,414,"Bowling Green (4,5)",Manhattan,omny,OMNY - Full Fare,90.0,1.0
2022-05-31T11:00:00.000,subway,601,"14 St (F,M,1,2,3)/6 Av (L)",Manhattan,metrocard,Metrocard - Other,40.0,0.0
2022-05-31T02:00:00.000,subway,409,Spring St (6),Manhattan,omny,OMNY - Full Fare,2.0,0.0
2022-05-31T02:00:00.000,subway,414,"Bowling Green (4,5)",Manhattan,metrocard,Metrocard - Full Fare,1.0,0.0
2022-05-31T00:00:00.000,subway,150,155 St (C),Manhattan,omny,OMNY - Full Fare,4.0,0.0
2022-05-31T13:00:00.000,subway,601,"14 St (F,M,1,2,3)/6 Av (L)",Manhattan,metrocard,Metrocard - Unlimited 7-Day,133.0,0.0
2022-05-31T13:00:00.000,subway,158,"86 St (C,B)",Manhattan,omny,OMNY - Full Fare,114.0,10.0
2022-05-31T15:00:00.000,subway,414,"Bowling Green (4,5)",Manhattan,metrocard,Metrocard - Full Fare,374.0,23.0
2022-05-31T01:00:00.000,subway,13,"28 St (R,W)",Manhattan,metrocard,Metrocard - Full Fare,4.0,0.0
2022-05-31T16:00:00.000,subway,602,"14 St-Union Sq (L,N,Q,R,W,4,5,6)",Manhattan,metrocard,Metrocard - Unlimited 7-Day,581.0,0.0
2022-05-31T09:00:00.000,subway,144,Dyckman St (A),Manhattan,metrocard,Metrocard - Students,20.0,0.0
2022-05-31T23:00:00.000,subway,602,"14 St-Union Sq (L,N,Q,R,W,4,5,6)",Manhattan,metrocard,Metrocard - Unlimited 30-Day,170.0,0.0
2022-05-31T16:00:00.000,subway,16,"8 St-NYU (R,W)",Manhattan,metrocard,Metrocard - Other,28.0,0.0
2022-05-31T14:00:00.000,subway,327,"Chambers St (1,2,3)",Manhattan,metrocard,Metrocard - Other,28.0,1.0
2022-05-31T15:00:00.000,subway,609,"Bryant Pk (B,D,F,M)/5 Av (7)",Manhattan,metrocard,Metrocard - Fair Fare,68.0,3.0
2022-05-31T07:00:00.000,subway,13,"28 St (R,W)",Manhattan,omny,OMNY - Full Fare,39.0,1.0
2022-05-31T22:00:00.000,subway,154,"116 St (C,B)",Manhattan,metrocard,Metrocard - Seniors & Disability,1.0,0.0
2022-05-31T13:00:00.000,subway,407,Astor Pl (6),Manhattan,metrocard,Metrocard - Other,12.0,0.0
2022-05-31T18:00:00.000,subway,146,181 St (A),Manhattan,metrocard,Metrocard - Fair Fare,6.0,0.0
2022-05-31T08:00:00.000,subway,407,Astor Pl (6),Manhattan,metrocard,Metrocard - Fair Fare,10.0,1.0
2022-05-31T09:00:00.000,subway,152,"135 St (C,B)",Manhattan,metrocard,Metrocard - Unlimited 7-Day,35.0,0.0
2022-05-31T06:00:00.000,subway,14,"23 St (R,W)",Manhattan,metrocard,Metrocard - Unlimited 30-Day,5.0,0.0
2022-05-31T09:00:00.000,subway,160,"72 St (C,B)",Manhattan,metrocard,Metrocard - Students,9.0,1.0
2022-05-31T07:00:00.000,subway,158,"86 St (C,B)",Manhattan,metrocard,Metrocard - Seniors & Disability,15.0,3.0
2022-05-31T13:00:00.000,subway,159,"81 St-Museum of Natural History (C,B)",Manhattan,metrocard,Metrocard - Students,6.0,1.0
2022-05-31T10:00:00.000,subway,13,"28 St (R,W)",Manhattan,metrocard,Metrocard - Seniors & Disability,7.0,0.0
2022-05-31T06:00:00.000,subway,154,"116 St (C,B)",Manhattan,metrocard,Metrocard - Other,15.0,0.0
2022-05-31T12:00:00.000,subway,328,WTC Cortlandt (1),Manhattan,metrocard,Metrocard - Fair Fare,5.0,0.0
2022-05-31T14:00:00.000,subway,605,"168 St (A,C,1)",Manhattan,metrocard,Metrocard - Fair Fare,50.0,1.0
2022-05-31T20:00:00.000,subway,16,"8 St-NYU (R,W)",Manhattan,metrocard,Metrocard - Unlimited 30-Day,59.0,0.0
2022-05-31T12:00:00.000,subway,162,"50 St (C,E)",Manhattan,metrocard,Metrocard - Unlimited 30-Day,38.0,0.0
2022-05-31T12:00:00.000,subway,146,181 St (A),Manhattan,metrocard,Metrocard - Fair Fare,9.0,0.0
2022-05-31T17:00:00.000,subway,157,"96 St (C,B)",Manhattan,metrocard,Metrocard - Students,38.0,9.0
2022-05-31T21:00:00.000,subway,16,"8 St-NYU (R,W)",Manhattan,metrocard,Metrocard - Other,12.0,0.0
2022-05-31T16:00:00.000,subway,146,181 St (A),Manhattan,metrocard,Metrocard - Students,21.0,1.0
2022-05-31T22:00:00.000,subway,605,"168 St (A,C,1)",Manhattan,metrocard,Metrocard - Full Fare,35.0,1.0
2022-05-31T17:00:00.000,subway,156,"103 St (C,B)",Manhattan,metrocard,Metrocard - Other,8.0,0.0
2022-05-31T01:00:00.000,subway,149,163 St-Amsterdam Av (C),Manhattan,metrocard,Metrocard - Other,2.0,0.0
2022-05-31T10:00:00.000,subway,156,"103 St (C,B)",Manhattan,metrocard,Metrocard - Seniors & Disability,10.0,0.0
2022-05-31T16:00:00.000,subway,601,"14 St (F,M,1,2,3)/6 Av (L)",Manhattan,metrocard,Metrocard - Seniors & Disability,90.0,10.0
2022-05-31T06:00:00.000,subway,152,"135 St (C,B)",Manhattan,metrocard,Metrocard - Unlimited 30-Day,13.0,0.0
2022-05-31T14:00:00.000,subway,9,"57 St-7 Av (N,Q,R,W)",Manhattan,metrocard,Metrocard - Other,37.0,0.0
2022-05-31T01:00:00.000,subway,143,Inwood-207 St (A),Manhattan,metrocard,Metrocard - Other,5.0,0.0
2022-05-31T14:00:00.000,subway,605,"168 St (A,C,1)",Manhattan,omny,OMNY - Full Fare,263.0,1.0
2022-05-31T23:00:00.000,subway,158,"86 St (C,B)",Manhattan,metrocard,Metrocard - Other,1.0,1.0
2022-05-31T07:00:00.000,subway,155,"Cathedral Pkwy (110 St) (C,B)",Manhattan,metrocard,Metrocard - Unlimited 30-Day,70.0,0.0
2022-05-31T01:00:00.000,subway,413,"Wall St (4,5)",Manhattan,omny,OMNY - Full Fare,2.0,0.0
2022-05-31T06:00:00.000,subway,152,"135 St (C,B)",Manhattan,metrocard,Metrocard - Other,10.0,0.0
2022-05-31T21:00:00.000,subway,9,"57 St-7 Av (N,Q,R,W)",Manhattan,metrocard,Metrocard - Full Fare,191.0,3.0
2022-05-31T21:00:00.000,subway,143,Inwood-207 St (A),Manhattan,omny,OMNY - Full Fare,22.0,2.0
2022-05-31T05:00:00.000,subway,605,"168 St (A,C,1)",Manhattan,metrocard,Metrocard - Other,10.0,0.0
2022-05-31T18:00:00.000,subway,153,"125 St (A,C,B,D)",Manhattan,metrocard,Metrocard - Other,45.0,4.0
2022-05-31T17:00:00.000,subway,160,"72 St (C,B)",Manhattan,metrocard,Metrocard - Unlimited 7-Day,81.0,0.0
2022-05-31T16:00:00.000,subway,405,23 St (6),Manhattan,metrocard,Metrocard - Seniors & Disability,48.0,5.0
2022-05-31T17:00:00.000,subway,157,"96 St (C,B)",Manhattan,metrocard,Metrocard - Unlimited 7-Day,59.0,0.0
2022-05-31T09:00:00.000,subway,14,"23 St (R,W)",Manhattan,metrocard,Metrocard - Fair Fare,3.0,0.0
2022-05-31T17:00:00.000,subway,333,"Wall St (2,3)",Manhattan,metrocard,Metrocard - Students,22.0,0.0
2022-05-31T06:00:00.000,subway,146,181 St (A),Manhattan,metrocard,Metrocard - Other,18.0,0.0
2022-05-31T15:00:00.000,subway,413,"Wall St (4,5)",Manhattan,metrocard,Metrocard - Seniors & Disability,30.0,0.0
2022-05-31T12:00:00.000,subway,152,"135 St (C,B)",Manhattan,metrocard,Metrocard - Students,35.0,0.0
2022-05-31T14:00:00.000,subway,14,"23 St (R,W)",Manhattan,metrocard,Metrocard - Students,67.0,0.0
2022-05-31T01:00:00.000,subway,16,"8 St-NYU (R,W)",Manhattan,metrocard,Metrocard - Unlimited 7-Day,5.0,0.0
2022-05-31T16:00:00.000,subway,16,"8 St-NYU (R,W)",Manhattan,metrocard,Metrocard - Unlimited 30-Day,86.0,0.0
2022-05-31T19:00:00.000,subway,158,"86 St (C,B)",Manhattan,metrocard,Metrocard - Seniors & Disability,14.0,5.0
2022-05-31T13:00:00.000,subway,607,"34 St-Herald Sq (B,D,F,M,N,Q,R,W)",Manhattan,metrocard,Metrocard - Other,90.0,0.0
2022-05-31T14:00:00.000,subway,13,"28 St (R,W)",Manhattan,metrocard,Metrocard - Fair Fare,9.0,0.0
2022-05-31T22:00:00.000,subway,162,"50 St (C,E)",Manhattan,metrocard,Metrocard - Unlimited 7-Day,83.0,0.0
2022-05-31T03:00:00.000,subway,150,155 St (C),Manhattan,metrocard,Metrocard - Unlimited 7-Day,1.0,0.0
2022-05-31T12:00:00.000,subway,414,"Bowling Green (4,5)",Manhattan,metrocard,Metrocard - Other,80.0,1.0
2022-05-31T13:00:00.000,subway,144,Dyckman St (A),Manhattan,metrocard,Metrocard - Fair Fare,10.0,0.0
2022-05-31T02:00:00.000,subway,609,"Bryant Pk (B,D,F,M)/5 Av (7)",Manhattan,metrocard,Metrocard - Fair Fare,2.0,0.0
2022-05-31T11:00:00.000,subway,413,"Wall St (4,5)",Manhattan,metrocard,Metrocard - Other,17.0,0.0
2022-05-31T09:00:00.000,subway,162,"50 St (C,E)",Manhattan,metrocard,Metrocard - Unlimited 7-Day,81.0,0.0
2022-05-31T13:00:00.000,subway,405,23 St (6),Manhattan,metrocard,Metrocard - Students,16.0,0.0
2022-05-31T00:00:00.000,subway,146,181 St (A),Manhattan,metrocard,Metrocard - Unlimited 30-Day,1.0,0.0
2022-05-31T20:00:00.000,subway,9,"57 St-7 Av (N,Q,R,W)",Manhattan,metrocard,Metrocard - Unlimited 7-Day,113.0,0.0
2022-05-31T04:00:00.000,subway,143,Inwood-207 St (A),Manhattan,metrocard,Metrocard - Full Fare,9.0,1.0
2022-05-31T16:00:00.000,subway,157,"96 St (C,B)",Manhattan,omny,OMNY - Full Fare,222.0,47.0
2022-05-31T07:00:00.000,subway,157,"96 St (C,B)",Manhattan,metrocard,Metrocard - Other,18.0,1.0
2022-05-31T13:00:00.000,subway,9,"57 St-7 Av (N,Q,R,W)",Manhattan,metrocard,Metrocard - Seniors & Disability,42.0,6.0
2022-05-31T07:00:00.000,subway,149,163 St-Amsterdam Av (C),Manhattan,metrocard,Metrocard - Fair Fare,12.0,0.0
2022-05-31T07:00:00.000,subway,333,"Wall St (2,3)",Manhattan,metrocard,Metrocard - Fair Fare,2.0,0.0
2022-05-31T02:00:00.000,subway,150,155 St (C),Manhattan,metrocard,Metrocard - Other,1.0,0.0
2022-05-31T10:00:00.000,subway,327,"Chambers St (1,2,3)",Manhattan,metrocard,Metrocard - Fair Fare,4.0,0.0
2022-05-31T03:00:00.000,subway,333,"Wall St (2,3)",Manhattan,omny,OMNY - Full Fare,1.0,0.0
2022-05-31T21:00:00.000,subway,333,"Wall St (2,3)",Manhattan,metrocard,Metrocard - Other,16.0,0.0
2022-05-31T06:00:00.000,subway,607,"34 St-Herald Sq (B,D,F,M,N,Q,R,W)",Manhattan,omny,OMNY - Full Fare,333.0,5.0
2022-05-31T06:00:00.000,subway,605,"168 St (A,C,1)",Manhattan,metrocard,Metrocard - Unlimited 30-Day,62.0,0.0
2022-05-31T19:00:00.000,subway,152,"135 St (C,B)",Manhattan,metrocard,Metrocard - Unlimited 7-Day,11.0,0.0
2022-05-31T07:00:00.000,subway,407,Astor Pl (6),Manhattan,omny,OMNY - Full Fare,206.0,1.0
2022-05-31T10:00:00.000,subway,146,181 St (A),Manhattan,omny,OMNY - Full Fare,115.0,1.0
2022-05-31T15:00:00.000,subway,144,Dyckman St (A),Manhattan,metrocard,Metrocard - Full Fare,60.0,0.0
2022-05-31T07:00:00.000,subway,329,Rector St (1),Manhattan,omny,OMNY - Full Fare,87.0,11.0
2022-05-31T15:00:00.000,subway,602,"14 St-Union Sq (L,N,Q,R,W,4,5,6)",Manhattan,metrocard,Metrocard - Fair Fare,141.0,5.0
2022-05-31T06:00:00.000,subway,149,163 St-Amsterdam Av (C),Manhattan,metrocard,Metrocard - Seniors & Disability,7.0,0.0
2022-05-31T11:00:00.000,subway,327,"Chambers St (1,2,3)",Manhattan,metrocard,Metrocard - Unlimited 30-Day,42.0,0.0
2022-05-31T16:00:00.000,subway,326,Franklin St (1),Manhattan,omny,OMNY - Full Fare,143.0,0.0
2022-05-31T07:00:00.000,subway,405,23 St (6),Manhattan,metrocard,Metrocard - Other,34.0,5.0
2022-05-31T14:00:00.000,subway,155,"Cathedral Pkwy (110 St) (C,B)",Manhattan,metrocard,Metrocard - Fair Fare,8.0,0.0
2022-05-31T17:00:00.000,subway,153,"125 St (A,C,B,D)",Manhattan,metrocard,Metrocard - Unlimited 30-Day,218.0,0.0
2022-05-31T22:00:00.000,subway,150,155 St (C),Manhattan,metrocard,Metrocard - Unlimited 30-Day,1.0,0.0
2022-05-31T16:00:00.000,subway,162,"50 St (C,E)",Manhattan,metrocard,Metrocard - Fair Fare,29.0,2.0
2022-05-31T09:00:00.000,subway,414,"Bowling Green (4,5)",Manhattan,metrocard,Metrocard - Seniors & Disability,36.0,16.0
2022-05-31T03:00:00.000,subway,16,"8 St-NYU (R,W)",Manhattan,metrocard,Metrocard - Unlimited 7-Day,8.0,0.0
2022-05-31T09:00:00.000,subway,145,190 St (A),Manhattan,metrocard,Metrocard - Fair Fare,5.0,0.0
2022-05-31T13:00:00.000,subway,149,163 St-Amsterdam Av (C),Manhattan,metrocard,Metrocard - Unlimited 30-Day,17.0,0.0
2022-05-31T10:00:00.000,subway,160,"72 St (C,B)",Manhattan,metrocard,Metrocard - Other,2.0,0.0
2022-05-31T17:00:00.000,subway,162,"50 St (C,E)",Manhattan,metrocard,Metrocard - Students,88.0,1.0
2022-05-31T16:00:00.000,subway,160,"72 St (C,B)",Manhattan,metrocard,Metrocard - Students,43.0,0.0
2022-05-31T17:00:00.000,subway,602,"14 St-Union Sq (L,N,Q,R,W,4,5,6)",Manhattan,metrocard,Metrocard - Seniors & Disability,161.0,17.0
2022-05-31T17:00:00.000,subway,159,"81 St-Museum of Natural History (C,B)",Manhattan,omny,OMNY - Full Fare,265.0,25.0
2022-05-31T08:00:00.000,subway,413,"Wall St (4,5)",Manhattan,metrocard,Metrocard - Seniors & Disability,5.0,0.0
2022-05-31T18:00:00.000,subway,407,Astor Pl (6),Manhattan,metrocard,Metrocard - Unlimited 7-Day,70.0,0.0
2022-05-31T21:00:00.000,subway,156,"103 St (C,B)",Manhattan,metrocard,Metrocard - Full Fare,12.0,0.0
2022-05-31T14:00:00.000,subway,159,"81 St-Museum of Natural History (C,B)",Manhattan,metrocard,Metrocard - Unlimited 7-Day,82.0,0.0
2022-05-31T07:00:00.000,subway,153,"125 St (A,C,B,D)",Manhattan,metrocard,Metrocard - Students,228.0,7.0
2022-05-31T20:00:00.000,subway,607,"34 St-Herald Sq (B,D,F,M,N,Q,R,W)",Manhattan,metrocard,Metrocard - Students,52.0,1.0
2022-05-31T13:00:00.000,subway,407,Astor Pl (6),Manhattan,metrocard,Metrocard - Fair Fare,10.0,0.0
2022-05-31T14:00:00.000,subway,157,"96 St (C,B)",Manhattan,metrocard,Metrocard - Fair Fare,11.0,2.0
2022-05-31T19:00:00.000,subway,602,"14 St-Union Sq (L,N,Q,R,W,4,5,6)",Manhattan,metrocard,Metrocard - Seniors & Disability,63.0,7.0
2022-05-31T10:00:00.000,subway,605,"168 St (A,C,1)",Manhattan,metrocard,Metrocard - Seniors & Disability,42.0,3.0
2022-05-31T10:00:00.000,subway,413,"Wall St (4,5)",Manhattan,metrocard,Metrocard - Seniors & Disability,6.0,0.0
2022-05-31T06:00:00.000,subway,159,"81 St-Museum of Natural History (C,B)",Manhattan,metrocard,Metrocard - Students,1.0,0.0
2022-05-31T12:00:00.000,subway,146,181 St (A),Manhattan,metrocard,Metrocard - Seniors & Disability,26.0,0.0
2022-05-31T12:00:00.000,subway,143,Inwood-207 St (A),Manhattan,metrocard,Metrocard - Unlimited 7-Day,25.0,0.0
2022-05-31T06:00:00.000,subway,160,"72 St (C,B)",Manhattan,metrocard,Metrocard - Seniors & Disability,1.0,0.0
2022-05-31T10:00:00.000,subway,601,"14 St (F,M,1,2,3)/6 Av (L)",Manhattan,metrocard,Metrocard - Fair Fare,22.0,1.0
2022-05-31T09:00:00.000,subway,16,"8 St-NYU (R,W)",Manhattan,metrocard,Metrocard - Other,19.0,0.0
2022-05-31T16:00:00.000,subway,143,Inwood-207 St (A),Manhattan,metrocard,Metrocard - Other,29.0,2.0
2022-05-31T05:00:00.000,subway,414,"Bowling Green (4,5)",Manhattan,metrocard,Metrocard - Students,2.0,0.0
2022-05-31T06:00:00.000,subway,157,"96 St (C,B)",Manhattan,metrocard,Metrocard - Unlimited 7-Day,1.0,0.0
2022-05-31T16:00:00.000,subway,151,"145 St (A,C,B,D)",Manhattan,metrocard,Metrocard - Fair Fare,57.0,0.0
2022-05-31T06:00:00.000,subway,409,Spring St (6),Manhattan,metrocard,Metrocard - Unlimited 30-Day,12.0,0.0
2022-05-31T16:00:00.000,subway,158,"86 St (C,B)",Manhattan,metrocard,Metrocard - Unlimited 30-Day,105.0,0.0
2022-05-31T16:00:00.000,subway,151,"145 St (A,C,B,D)",Manhattan,metrocard,Metrocard - Students,81.0,2.0
2022-05-31T11:00:00.000,subway,414,"Bowling Green (4,5)",Manhattan,omny,OMNY - Other,1.0,0.0
2022-05-31T03:00:00.000,subway,405,23 St (6),Manhattan,metrocard,Metrocard - Unlimited 7-Day,1.0,0.0
2022-05-31T17:00:00.000,subway,160,"72 St (C,B)",Manhattan,metrocard,Metrocard - Fair Fare,10.0,4.0
2022-05-31T08:00:00.000,subway,159,"81 St-Museum of Natural History (C,B)",Manhattan,metrocard,Metrocard - Full Fare,80.0,7.0
2022-05-31T23:00:00.000,subway,143,Inwood-207 St (A),Manhattan,metrocard,Metrocard - Fair Fare,1.0,0.0
2022-05-31T18:00:00.000,subway,154,"116 St (C,B)",Manhattan,metrocard,Metrocard - Full Fare,47.0,1.0
2022-05-31T18:00:00.000,subway,156,"103 St (C,B)",Manhattan,metrocard,Metrocard - Unlimited 30-Day,28.0,0.0
2022-05-31T18:00:00.000,subway,146,181 St (A),Manhattan,metrocard,Metrocard - Unlimited 30-Day,29.0,0.0
2022-05-31T18:00:00.000,subway,409,Spring St (6),Manhattan,metrocard,Metrocard - Fair Fare,9.0,0.0
2022-05-31T12:00:00.000,subway,605,"168 St (A,C,1)",Manhattan,metrocard,Metrocard - Students,19.0,0.0
2022-05-31T04:00:00.000,subway,144,Dyckman St (A),Manhattan,metrocard,Metrocard - Full Fare,6.0,0.0
2022-05-31T10:00:00.000,subway,602,"14 St-Union Sq (L,N,Q,R,W,4,5,6)",Manhattan,metrocard,Metrocard - Students,36.0,3.0
2022-05-31T01:00:00.000,subway,602,"14 St-Union Sq (L,N,Q,R,W,4,5,6)",Manhattan,metrocard,Metrocard - Seniors & Disability,1.0,0.0
2022-05-31T07:00:00.000,subway,143,Inwood-207 St (A),Manhattan,metrocard,Metrocard - Unlimited 7-Day,79.0,0.0
2022-05-31T06:00:00.000,subway,159,"81 St-Museum of Natural History (C,B)",Manhattan,metrocard,Metrocard - Other,4.0,0.0
2022-05-31T01:00:00.000,subway,154,"116 St (C,B)",Manhattan,omny,OMNY - Full Fare,3.0,0.0
2022-05-31T05:00:00.000,subway,154,"116 St (C,B)",Manhattan,metrocard,Metrocard - Seniors & Disability,2.0,0.0
2022-05-31T20:00:00.000,subway,160,"72 St (C,B)",Manhattan,metrocard,Metrocard - Other,5.0,0.0
2022-05-31T15:00:00.000,subway,327,"Chambers St (1,2,3)",Manhattan,metrocard,Metrocard - Students,791.0,0.0
2022-05-31T02:00:00.000,subway,154,"116 St (C,B)",Manhattan,metrocard,Metrocard - Unlimited 30-Day,1.0,0.0
2022-05-31T23:00:00.000,subway,607,"34 St-Herald Sq (B,D,F,M,N,Q,R,W)",Manhattan,omny,OMNY - Full Fare,440.0,3.0
2022-05-31T07:00:00.000,subway,414,"Bowling Green (4,5)",Manhattan,omny,OMNY - Full Fare,214.0,116.0
2022-05-31T07:00:00.000,subway,146,181 St (A),Manhattan,metrocard,Metrocard - Full Fare,205.0,3.0
2022-05-31T16:00:00.000,subway,605,"168 St (A,C,1)",Manhattan,metrocard,Metrocard - Seniors & Disability,57.0,1.0
2022-05-31T11:00:00.000,subway,329,Rector St (1),Manhattan,metrocard,Metrocard - Seniors & Disability,5.0,1.0
2022-05-31T18:00:00.000,subway,145,190 St (A),Manhattan,metrocard,Metrocard - Seniors & Disability,4.0,0.0
2022-05-31T23:00:00.000,subway,151,"145 St (A,C,B,D)",Manhattan,metrocard,Metrocard - Unlimited 30-Day,7.0,0.0
2022-05-31T09:00:00.000,subway,159,"81 St-Museum of Natural History (C,B)",Manhattan,metrocard,Metrocard - Unlimited 7-Day,11.0,0.0
2022-05-31T20:00:00.000,subway,13,"28 St (R,W)",Manhattan,metrocard,Metrocard - Unlimited 7-Day,34.0,0.0
2022-05-31T08:00:00.000,subway,413,"Wall St (4,5)",Manhattan,metrocard,Metrocard - Unlimited 30-Day,51.0,0.0
2022-05-31T08:00:00.000,subway,153,"125 St (A,C,B,D)",Manhattan,metrocard,Metrocard - Unlimited 7-Day,172.0,0.0
2022-05-31T15:00:00.000,subway,605,"168 St (A,C,1)",Manhattan,metrocard,Metrocard - Unlimited 30-Day,165.0,0.0
2022-05-31T12:00:00.000,subway,156,"103 St (C,B)",Manhattan,metrocard,Metrocard - Unlimited 7-Day,19.0,0.0
2022-05-31T05:00:00.000,subway,147,175 St (A),Manhattan,metrocard,Metrocard - Full Fare,89.0,3.0
2022-05-31T22:00:00.000,subway,328,WTC Cortlandt (1),Manhattan,omny,OMNY - Full Fare,26.0,0.0
2022-05-31T17:00:00.000,subway,145,190 St (A),Manhattan,metrocard,Metrocard - Students,4.0,0.0
2022-05-31T14:00:00.000,subway,155,"Cathedral Pkwy (110 St) (C,B)",Manhattan,metrocard,Metrocard - Unlimited 30-Day,33.0,0.0
2022-05-31T08:00:00.000,subway,13,"28 St (R,W)",Manhattan,metrocard,Metrocard - Unlimited 30-Day,19.0,0.0
2022-05-31T10:00:00.000,subway,157,"96 St (C,B)",Manhattan,metrocard,Metrocard - Full Fare,68.0,10.0
2022-05-31T21:00:00.000,subway,329,Rector St (1),Manhattan,metrocard,Metrocard - Unlimited 30-Day,6.0,0.0
2022-05-31T21:00:00.000,subway,601,"14 St (F,M,1,2,3)/6 Av (L)",Manhattan,metrocard,Metrocard - Seniors & Disability,35.0,6.0
2022-05-31T15:00:00.000,subway,16,"8 St-NYU (R,W)",Manhattan,metrocard,Metrocard - Fair Fare,8.0,0.0
2022-05-31T21:00:00.000,subway,602,"14 St-Union Sq (L,N,Q,R,W,4,5,6)",Manhattan,metrocard,Metrocard - Full Fare,433.0,6.0
2022-05-31T21:00:00.000,subway,602,"14 St-Union Sq (L,N,Q,R,W,4,5,6)",Manhattan,metrocard,Metrocard - Students,25.0,0.0
2022-05-31T08:00:00.000,subway,602,"14 St-Union Sq (L,N,Q,R,W,4,5,6)",Manhattan,metrocard,Metrocard - Unlimited 30-Day,298.0,0.0
2022-05-31T18:00:00.000,subway,160,"72 St (C,B)",Manhattan,metrocard,Metrocard - Fair Fare,6.0,1.0
2022-05-31T09:00:00.000,subway,147,175 St (A),Manhattan,metrocard,Metrocard - Fair Fare,34.0,1.0
2022-05-31T15:00:00.000,subway,152,"135 St (C,B)",Manhattan,omny,OMNY - Full Fare,49.0,0.0
2022-05-31T11:00:00.000,subway,158,"86 St (C,B)",Manhattan,metrocard,Metrocard - Unlimited 30-Day,26.0,0.0
2022-05-31T16:00:00.000,subway,329,Rector St (1),Manhattan,metrocard,Metrocard - Full Fare,137.0,2.0
2022-05-31T21:00:00.000,subway,145,190 St (A),Manhattan,metrocard,Metrocard - Unlimited 7-Day,2.0,0.0
2022-05-31T17:00:00.000,subway,9,"57 St-7 Av (N,Q,R,W)",Manhattan,metrocard,Metrocard - Other,115.0,1.0
2022-05-31T21:00:00.000,subway,153,"125 St (A,C,B,D)",Manhattan,metrocard,Metrocard - Fair Fare,22.0,3.0
2022-05-31T20:00:00.000,subway,16,"8 St-NYU (R,W)",Manhattan,metrocard,Metrocard - Full Fare,99.0,0.0
2022-05-31T10:00:00.000,subway,14,"23 St (R,W)",Manhattan,metrocard,Metrocard - Other,13.0,1.0
2022-05-31T15:00:00.000,subway,9,"57 St-7 Av (N,Q,R,W)",Manhattan,omny,OMNY - Full Fare,396.0,11.0
2022-05-31T07:00:00.000,subway,159,"81 St-Museum of Natural History (C,B)",Manhattan,metrocard,Metrocard - Students,26.0,6.0
2022-05-31T14:00:00.000,subway,16,"8 St-NYU (R,W)",Manhattan,metrocard,Metrocard - Students,20.0,0.0
2022-05-31T20:00:00.000,subway,409,Spring St (6),Manhattan,metrocard,Metrocard - Students,4.0,0.0
2022-05-31T11:00:00.000,subway,151,"145 St (A,C,B,D)",Manhattan,metrocard,Metrocard - Fair Fare,38.0,3.0
2022-05-31T07:00:00.000,subway,147,175 St (A),Manhattan,metrocard,Metrocard - Seniors & Disability,16.0,0.0
2022-05-31T05:00:00.000,subway,327,"Chambers St (1,2,3)",Manhattan,metrocard,Metrocard - Unlimited 7-Day,1.0,0.0
2022-05-31T13:00:00.000,subway,159,"81 St-Museum of Natural History (C,B)",Manhattan,metrocard,Metrocard - Seniors & Disability,25.0,4.0
2022-05-31T07:00:00.000,subway,9,"57 St-7 Av (N,Q,R,W)",Manhattan,metrocard,Metrocard - Full Fare,78.0,7.0
2022-05-31T21:00:00.000,subway,407,Astor Pl (6),Manhattan,metrocard,Metrocard - Unlimited 30-Day,69.0,0.0
2022-05-31T17:00:00.000,subway,149,163 St-Amsterdam Av (C),Manhattan,metrocard,Metrocard - Other,1.0,0.0
2022-05-31T19:00:00.000,subway,156,"103 St (C,B)",Manhattan,metrocard,Metrocard - Students,10.0,0.0
2022-05-31T22:00:00.000,subway,407,Astor Pl (6),Manhattan,omny,OMNY - Full Fare,165.0,4.0
2022-05-31T17:00:00.000,subway,145,190 St (A),Manhattan,omny,OMNY - Full Fare,54.0,0.0
2022-05-31T11:00:00.000,subway,329,Rector St (1),Manhattan,metrocard,Metrocard - Fair Fare,3.0,0.0
2022-05-31T01:00:00.000,subway,147,175 St (A),Manhattan,metrocard,Metrocard - Unlimited 7-Day,1.0,0.0
2022-05-31T00:00:00.000,subway,160,"72 St (C,B)",Manhattan,metrocard,Metrocard - Other,3.0,0.0
2022-05-31T05:00:00.000,subway,607,"34 St-Herald Sq (B,D,F,M,N,Q,R,W)",Manhattan,metrocard,Metrocard - Full Fare,133.0,3.0
2022-05-31T07:00:00.000,subway,602,"14 St-Union Sq (L,N,Q,R,W,4,5,6)",Manhattan,omny,OMNY - Full Fare,518.0,24.0
2022-05-31T17:00:00.000,subway,155,"Cathedral Pkwy (110 St) (C,B)",Manhattan,metrocard,Metrocard - Other,11.0,0.0
2022-05-31T16:00:00.000,subway,162,"50 St (C,E)",Manhattan,metrocard,Metrocard - Unlimited 30-Day,80.0,0.0
2022-05-31T05:00:00.000,subway,146,181 St (A),Manhattan,omny,OMNY - Full Fare,24.0,0.0
2022-05-31T05:00:00.000,subway,609,"Bryant Pk (B,D,F,M)/5 Av (7)",Manhattan,metrocard,Metrocard - Full Fare,29.0,4.0
2022-05-31T10:00:00.000,subway,14,"23 St (R,W)",Manhattan,metrocard,Metrocard - Unlimited 30-Day,34.0,0.0
2022-05-31T11:00:00.000,subway,9,"57 St-7 Av (N,Q,R,W)",Manhattan,metrocard,Metrocard - Unlimited 30-Day,66.0,0.0
2022-05-31T18:00:00.000,subway,405,23 St (6),Manhattan,metrocard,Metrocard - Seniors & Disability,19.0,3.0
2022-05-31T15:00:00.000,subway,157,"96 St (C,B)",Manhattan,metrocard,Metrocard - Full Fare,182.0,40.0
2022-05-31T08:00:00.000,subway,154,"116 St (C,B)",Manhattan,metrocard,Metrocard - Unlimited 7-Day,28.0,0.0
2022-05-31T23:00:00.000,subway,143,Inwood-207 St (A),Manhattan,metrocard,Metrocard - Seniors & Disability,1.0,0.0
2022-05-31T07:00:00.000,subway,145,190 St (A),Manhattan,metrocard,Metrocard - Full Fare,94.0,0.0
2022-05-31T06:00:00.000,subway,151,"145 St (A,C,B,D)",Manhattan,metrocard,Metrocard - Other,45.0,1.0
2022-05-31T10:00:00.000,subway,159,"81 St-Museum of Natural History (C,B)",Manhattan,metrocard,Metrocard - Unlimited 30-Day,23.0,0.0
2022-05-31T05:00:00.000,subway,16,"8 St-NYU (R,W)",Manhattan,metrocard,Metrocard - Full Fare,5.0,0.0
2022-05-31T22:00:00.000,subway,143,Inwood-207 St (A),Manhattan,metrocard,Metrocard - Other,15.0,0.0
2022-05-31T21:00:00.000,subway,14,"23 St (R,W)",Manhattan,omny,OMNY - Full Fare,151.0,2.0
2022-05-31T00:00:00.000,subway,153,"125 St (A,C,B,D)",Manhattan,metrocard,Metrocard - Unlimited 30-Day,10.0,0.0
2022-05-31T21:00:00.000,subway,157,"96 St (C,B)",Manhattan,metrocard,Metrocard - Fair Fare,7.0,0.0
2022-05-31T23:00:00.000,subway,155,"Cathedral Pkwy (110 St) (C,B)",Manhattan,metrocard,Metrocard - Full Fare,7.0,0.0
2022-05-31T10:00:00.000,subway,16,"8 St-NYU (R,W)",Manhattan,omny,OMNY - Full Fare,136.0,2.0
2022-05-31T06:00:00.000,subway,607,"34 St-Herald Sq (B,D,F,M,N,Q,R,W)",Manhattan,metrocard,Metrocard - Fair Fare,17.0,0.0
2022-05-31T16:00:00.000,subway,16,"8 St-NYU (R,W)",Manhattan,omny,OMNY - Full Fare,284.0,1.0
2022-05-31T17:00:00.000,subway,328,WTC Cortlandt (1),Manhattan,omny,OMNY - Full Fare,457.0,0.0
2022-05-31T21:00:00.000,subway,162,"50 St (C,E)",Manhattan,metrocard,Metrocard - Unlimited 30-Day,75.0,0.0
2022-05-31T07:00:00.000,subway,605,"168 St (A,C,1)",Manhattan,metrocard,Metrocard - Full Fare,235.0,6.0
2022-05-31T17:00:00.000,subway,405,23 St (6),Manhattan,metrocard,Metrocard - Students,60.0,3.0
2022-05-31T08:00:00.000,subway,144,Dyckman St (A),Manhattan,metrocard,Metrocard - Fair Fare,26.0,0.0
2022-05-31T12:00:00.000,subway,145,190 St (A),Manhattan,metrocard,Metrocard - Fair Fare,3.0,0.0
2022-05-31T14:00:00.000,subway,157,"96 St (C,B)",Manhattan,metrocard,Metrocard - Other,22.0,3.0
2022-05-31T01:00:00.000,subway,160,"72 St (C,B)",Manhattan,metrocard,Metrocard - Unlimited 30-Day,3.0,0.0
2022-05-31T18:00:00.000,subway,407,Astor Pl (6),Manhattan,metrocard,Metrocard - Other,43.0,0.0
2022-05-31T08:00:00.000,subway,327,"Chambers St (1,2,3)",Manhattan,metrocard,Metrocard - Seniors & Disability,7.0,0.0
2022-05-31T14:00:00.000,subway,413,"Wall St (4,5)",Manhattan,metrocard,Metrocard - Full Fare,130.0,6.0
2022-05-31T08:00:00.000,subway,602,"14 St-Union Sq (L,N,Q,R,W,4,5,6)",Manhattan,metrocard,Metrocard - Other,128.0,6.0
2022-05-31T20:00:00.000,subway,605,"168 St (A,C,1)",Manhattan,metrocard,Metrocard - Fair Fare,14.0,1.0
2022-05-31T11:00:00.000,subway,16,"8 St-NYU (R,W)",Manhattan,metrocard,Metrocard - Seniors & Disability,7.0,0.0
2022-05-31T15:00:00.000,subway,9,"57 St-7 Av (N,Q,R,W)",Manhattan,metrocard,Metrocard - Students,76.0,8.0
2022-05-31T11:00:00.000,subway,149,163 St-Amsterdam Av (C),Manhattan,metrocard,Metrocard - Unlimited 7-Day,35.0,0.0
2022-05-31T18:00:00.000,subway,605,"168 St (A,C,1)",Manhattan,metrocard,Metrocard - Fair Fare,32.0,1.0
2022-05-31T20:00:00.000,subway,605,"168 St (A,C,1)",Manhattan,metrocard,Metrocard - Other,12.0,0.0
2022-05-31T13:00:00.000,subway,155,"Cathedral Pkwy (110 St) (C,B)",Manhattan,metrocard,Metrocard - Unlimited 7-Day,36.0,0.0
2022-05-31T16:00:00.000,subway,327,"Chambers St (1,2,3)",Manhattan,metrocard,Metrocard - Unlimited 7-Day,91.0,0.0
2022-05-31T00:00:00.000,subway,145,190 St (A),Manhattan,metrocard,Metrocard - Unlimited 7-Day,2.0,0.0
2022-05-31T00:00:00.000,subway,143,Inwood-207 St (A),Manhattan,metrocard,Metrocard - Unlimited 7-Day,1.0,0.0
2022-05-31T17:00:00.000,subway,14,"23 St (R,W)",Manhattan,metrocard,Metrocard - Seniors & Disability,30.0,5.0
2022-05-31T11:00:00.000,subway,155,"Cathedral Pkwy (110 St) (C,B)",Manhattan,metrocard,Metrocard - Fair Fare,8.0,0.0
2022-05-31T22:00:00.000,subway,151,"145 St (A,C,B,D)",Manhattan,metrocard,Metrocard - Other,14.0,0.0
2022-05-31T16:00:00.000,subway,162,"50 St (C,E)",Manhattan,metrocard,Metrocard - Unlimited 7-Day,100.0,0.0
2022-05-31T08:00:00.000,subway,13,"28 St (R,W)",Manhattan,metrocard,Metrocard - Other,11.0,0.0
2022-05-31T16:00:00.000,subway,407,Astor Pl (6),Manhattan,metrocard,Metrocard - Full Fare,182.0,2.0
2022-05-31T18:00:00.000,subway,413,"Wall St (4,5)",Manhattan,omny,OMNY - Full Fare,473.0,1.0
2022-05-31T08:00:00.000,subway,9,"57 St-7 Av (N,Q,R,W)",Manhattan,metrocard,Metrocard - Unlimited 7-Day,77.0,0.0
2022-05-31T21:00:00.000,subway,407,Astor Pl (6),Manhattan,metrocard,Metrocard - Full Fare,86.0,0.0
2022-05-31T21:00:00.000,subway,159,"81 St-Museum of Natural History (C,B)",Manhattan,metrocard,Metrocard - Unlimited 30-Day,22.0,0.0
2022-05-31T22:00:00.000,subway,409,Spring St (6),Manhattan,metrocard,Metrocard - Fair Fare,5.0,0.0
2022-05-31T13:00:00.000,subway,144,Dyckman St (A),Manhattan,metrocard,Metrocard - Students,13.0,0.0
2022-05-31T10:00:00.000,subway,147,175 St (A),Manhattan,metrocard,Metrocard - Full Fare,130.0,1.0
2022-05-31T22:00:00.000,subway,329,Rector St (1),Manhattan,metrocard,Metrocard - Unlimited 7-Day,10.0,0.0
2022-05-31T04:00:00.000,subway,149,163 St-Amsterdam Av (C),Manhattan,metrocard,Metrocard - Full Fare,7.0,0.0
2022-05-31T09:00:00.000,subway,409,Spring St (6),Manhattan,metrocard,Metrocard - Unlimited 7-Day,28.0,0.0
2022-05-31T04:00:00.000,subway,602,"14 St-Union Sq (L,N,Q,R,W,4,5,6)",Manhattan,omny,OMNY - Full Fare,18.0,1.0
2022-05-31T19:00:00.000,subway,160,"72 St (C,B)",Manhattan,metrocard,Metrocard - Seniors & Disability,9.0,0.0
2022-05-31T08:00:00.000,subway,155,"Cathedral Pkwy (110 St) (C,B)",Manhattan,metrocard,Metrocard - Unlimited 7-Day,39.0,0.0
2022-05-31T05:00:00.000,subway,405,23 St (6),Manhattan,metrocard,Metrocard - Other,5.0,0.0
2022-05-31T01:00:00.000,subway,16,"8 St-NYU (R,W)",Manhattan,omny,OMNY - Full Fare,25.0,0.0
2022-05-31T13:00:00.000,subway,9,"57 St-7 Av (N,Q,R,W)",Manhattan,metrocard,Metrocard - Fair Fare,19.0,1.0
2022-05-31T04:00:00.000,subway,14,"23 St (R,W)",Manhattan,metrocard,Metrocard - Full Fare,1.0,0.0
2022-05-31T16:00:00.000,subway,159,"81 St-Museum of Natural History (C,B)",Manhattan,metrocard,Metrocard - Fair Fare,18.0,2.0
2022-05-31T17:00:00.000,subway,409,Spring St (6),Manhattan,metrocard,Metrocard - Other,18.0,0.0
2022-05-31T10:00:00.000,subway,150,155 St (C),Manhattan,metrocard,Metrocard - Students,6.0,0.0
2022-05-31T15:00:00.000,subway,607,"34 St-Herald Sq (B,D,F,M,N,Q,R,W)",Manhattan,metrocard,Metrocard - Unlimited 7-Day,645.0,0.0
2022-05-31T03:00:00.000,subway,159,"81 St-Museum of Natural History (C,B)",Manhattan,omny,OMNY - Full Fare,1.0,0.0
2022-05-31T20:00:00.000,subway,162,"50 St (C,E)",Manhattan,omny,OMNY - Full Fare,250.0,5.0
2022-05-31T20:00:00.000,subway,413,"Wall St (4,5)",Manhattan,metrocard,Metrocard - Seniors & Disability,2.0,0.0
2022-05-31T10:00:00.000,subway,156,"103 St (C,B)",Manhattan,metrocard,Metrocard - Other,9.0,0.0
2022-05-31T16:00:00.000,subway,327,"Chambers St (1,2,3)",Manhattan,metrocard,Metrocard - Full Fare,385.0,1.0
2022-05-31T08:00:00.000,subway,144,Dyckman St (A),Manhattan,metrocard,Metrocard - Seniors & Disability,16.0,0.0
2022-05-31T16:00:00.000,subway,13,"28 St (R,W)",Manhattan,omny,OMNY - Full Fare,223.0,0.0
2022-05-31T18:00:00.000,subway,154,"116 St (C,B)",Manhattan,omny,OMNY - Full Fare,101.0,4.0
2022-05-31T06:00:00.000,subway,151,"145 St (A,C,B,D)",Manhattan,metrocard,Metrocard - Fair Fare,34.0,2.0
2022-05-31T23:00:00.000,subway,605,"168 St (A,C,1)",Manhattan,metrocard,Metrocard - Unlimited 7-Day,28.0,0.0
2022-05-31T06:00:00.000,subway,144,Dyckman St (A),Manhattan,metrocard,Metrocard - Unlimited 7-Day,37.0,0.0
2022-05-31T01:00:00.000,subway,147,175 St (A),Manhattan,metrocard,Metrocard - Fair Fare,1.0,0.0
2022-05-31T13:00:00.000,subway,329,Rector St (1),Manhattan,metrocard,Metrocard - Other,8.0,0.0
2022-05-31T00:00:00.000,subway,155,"Cathedral Pkwy (110 St) (C,B)",Manhattan,metrocard,Metrocard - Unlimited 30-Day,1.0,0.0
2022-05-31T08:00:00.000,subway,150,155 St (C),Manhattan,metrocard,Metrocard - Unlimited 7-Day,32.0,0.0
2022-05-31T22:00:00.000,subway,13,"28 St (R,W)",Manhattan,metrocard,Metrocard - Seniors & Disability,1.0,0.0
2022-05-31T20:00:00.000,subway,155,"Cathedral Pkwy (110 St) (C,B)",Manhattan,omny,OMNY - Full Fare,39.0,0.0
2022-05-31T20:00:00.000,subway,155,"Cathedral Pkwy (110 St) (C,B)",Manhattan,metrocard,Metrocard - Full Fare,28.0,0.0
2022-05-31T10:00:00.000,subway,158,"86 St (C,B)",Manhattan,metrocard,Metrocard - Unlimited 7-Day,16.0,0.0
2022-05-31T19:00:00.000,subway,414,"Bowling Green (4,5)",Manhattan,metrocard,Metrocard - Full Fare,144.0,9.0
2022-05-31T06:00:00.000,subway,9,"57 St-7 Av (N,Q,R,W)",Manhattan,metrocard,Metrocard - Unlimited 30-Day,28.0,0.0
2022-05-31T15:00:00.000,subway,147,175 St (A),Manhattan,metrocard,Metrocard - Full Fare,108.0,1.0
2022-05-31T02:00:00.000,subway,153,"125 St (A,C,B,D)",Manhattan,metrocard,Metrocard - Fair Fare,3.0,0.0
2022-05-31T09:00:00.000,subway,329,Rector St (1),Manhattan,metrocard,Metrocard - Students,3.0,0.0
2022-05-31T16:00:00.000,subway,601,"14 St (F,M,1,2,3)/6 Av (L)",Manhattan,metrocard,Metrocard - Students,150.0,0.0
2022-05-31T10:00:00.000,subway,329,Rector St (1),Manhattan,metrocard,Metrocard - Unlimited 30-Day,15.0,0.0
2022-05-31T21:00:00.000,subway,13,"28 St (R,W)",Manhattan,metrocard,Metrocard - Other,5.0,0.0
2022-05-31T01:00:00.000,subway,9,"57 St-7 Av (N,Q,R,W)",Manhattan,metrocard,Metrocard - Unlimited 30-Day,8.0,0.0
2022-05-31T14:00:00.000,subway,157,"96 St (C,B)",Manhattan,metrocard,Metrocard - Seniors & Disability,23.0,6.0
2022-05-31T15:00:00.000,subway,156,"103 St (C,B)",Manhattan,metrocard,Metrocard - Fair Fare,12.0,0.0
2022-05-31T07:00:00.000,subway,151,"145 St (A,C,B,D)",Manhattan,omny,OMNY - Full Fare,263.0,4.0
2022-05-31T13:00:00.000,subway,477,72 St (Q),Manhattan,omny,OMNY - Full Fare,247.0,2.0
2022-05-31T00:00:00.000,subway,333,"Wall St (2,3)",Manhattan,metrocard,Metrocard - Full Fare,10.0,0.0
2022-05-31T09:00:00.000,subway,328,WTC Cortlandt (1),Manhattan,metrocard,Metrocard - Other,20.0,0.0
2022-05-31T07:00:00.000,subway,409,Spring St (6),Manhattan,omny,OMNY - Full Fare,101.0,0.0
2022-05-31T04:00:00.000,subway,605,"168 St (A,C,1)",Manhattan,omny,OMNY - Full Fare,9.0,0.0
2022-05-31T14:00:00.000,subway,147,175 St (A),Manhattan,omny,OMNY - Full Fare,141.0,0.0
2022-05-31T08:00:00.000,subway,333,"Wall St (2,3)",Manhattan,metrocard,Metrocard - Full Fare,113.0,2.0
2022-05-31T13:00:00.000,subway,162,"50 St (C,E)",Manhattan,metrocard,Metrocard - Full Fare,130.0,1.0
2022-05-31T14:00:00.000,subway,143,Inwood-207 St (A),Manhattan,metrocard,Metrocard - Full Fare,58.0,4.0
2022-05-31T19:00:00.000,subway,602,"14 St-Union Sq (L,N,Q,R,W,4,5,6)",Manhattan,omny,OMNY - Full Fare,1645.0,10.0
2022-05-31T11:00:00.000,subway,405,23 St (6),Manhattan,omny,OMNY - Full Fare,170.0,4.0
2022-05-31T08:00:00.000,subway,609,"Bryant Pk (B,D,F,M)/5 Av (7)",Manhattan,metrocard,Metrocard - Fair Fare,8.0,1.0
2022-05-31T13:00:00.000,subway,157,"96 St (C,B)",Manhattan,metrocard,Metrocard - Students,13.0,2.0
2022-05-31T11:00:00.000,subway,155,"Cathedral Pkwy (110 St) (C,B)",Manhattan,metrocard,Metrocard - Students,13.0,1.0
2022-05-31T20:00:00.000,subway,162,"50 St (C,E)",Manhattan,metrocard,Metrocard - Other,20.0,0.0
2022-05-31T00:00:00.000,subway,151,"145 St (A,C,B,D)",Manhattan,metrocard,Metrocard - Other,3.0,0.0
2022-05-31T16:00:00.000,subway,154,"116 St (C,B)",Manhattan,metrocard,Metrocard - Unlimited 30-Day,45.0,0.0
2022-05-31T06:00:00.000,subway,143,Inwood-207 St (A),Manhattan,metrocard,Metrocard - Students,24.0,3.0
2022-05-31T18:00:00.000,subway,146,181 St (A),Manhattan,metrocard,Metrocard - Full Fare,53.0,1.0
2022-05-31T05:00:00.000,subway,409,Spring St (6),Manhattan,metrocard,Metrocard - Full Fare,1.0,0.0
2022-05-31T10:00:00.000,subway,156,"103 St (C,B)",Manhattan,metrocard,Metrocard - Full Fare,21.0,0.0
2022-05-31T13:00:00.000,subway,160,"72 St (C,B)",Manhattan,metrocard,Metrocard - Fair Fare,5.0,0.0
2022-05-31T09:00:00.000,subway,609,"Bryant Pk (B,D,F,M)/5 Av (7)",Manhattan,metrocard,Metrocard - Other,16.0,0.0
2022-05-31T22:00:00.000,subway,159,"81 St-Museum of Natural History (C,B)",Manhattan,omny,OMNY - Full Fare,43.0,2.0
2022-05-31T11:00:00.000,subway,605,"168 St (A,C,1)",Manhattan,metrocard,Metrocard - Unlimited 7-Day,72.0,0.0
2022-05-31T08:00:00.000,subway,149,163 St-Amsterdam Av (C),Manhattan,metrocard,Metrocard - Unlimited 30-Day,44.0,0.0
2022-05-31T14:00:00.000,subway,409,Spring St (6),Manhattan,omny,OMNY - Full Fare,145.0,2.0
2022-05-31T18:00:00.000,subway,152,"135 St (C,B)",Manhattan,metrocard,Metrocard - Unlimited 30-Day,24.0,0.0
2022-05-31T14:00:00.000,subway,602,"14 St-Union Sq (L,N,Q,R,W,4,5,6)",Manhattan,metrocard,Metrocard - Unlimited 7-Day,345.0,0.0
2022-05-31T14:00:00.000,subway,152,"135 St (C,B)",Manhattan,metrocard,Metrocard - Seniors & Disability,4.0,2.0
2022-05-31T04:00:00.000,subway,9,"57 St-7 Av (N,Q,R,W)",Manhattan,metrocard,Metrocard - Full Fare,11.0,0.0
2022-05-31T19:00:00.000,subway,159,"81 St-Museum of Natural History (C,B)",Manhattan,metrocard,Metrocard - Other,12.0,1.0
2022-05-31T10:00:00.000,subway,153,"125 St (A,C,B,D)",Manhattan,metrocard,Metrocard - Full Fare,180.0,19.0
2022-05-31T08:00:00.000,subway,328,WTC Cortlandt (1),Manhattan,metrocard,Metrocard - Fair Fare,1.0,0.0
2022-05-31T04:00:00.000,subway,414,"Bowling Green (4,5)",Manhattan,omny,OMNY - Full Fare,3.0,0.0
2022-05-31T11:00:00.000,subway,328,WTC Cortlandt (1),Manhattan,metrocard,Metrocard - Unlimited 30-Day,15.0,0.0
2022-05-31T11:00:00.000,subway,414,"Bowling Green (4,5)",Manhattan,metrocard,Metrocard - Fair Fare,10.0,3.0
2022-05-31T08:00:00.000,subway,145,190 St (A),Manhattan,metrocard,Metrocard - Seniors & Disability,17.0,0.0
2022-05-31T01:00:00.000,subway,601,"14 St (F,M,1,2,3)/6 Av (L)",Manhattan,metrocard,Metrocard - Unlimited 7-Day,30.0,0.0
2022-05-31T16:00:00.000,subway,162,"50 St (C,E)",Manhattan,metrocard,Metrocard - Seniors & Disability,35.0,0.0
2022-05-31T19:00:00.000,subway,602,"14 St-Union Sq (L,N,Q,R,W,4,5,6)",Manhattan,metrocard,Metrocard - Unlimited 30-Day,550.0,0.0
2022-05-31T11:00:00.000,subway,143,Inwood-207 St (A),Manhattan,metrocard,Metrocard - Other,24.0,0.0
2022-05-31T11:00:00.000,subway,147,175 St (A),Manhattan,metrocard,Metrocard - Other,16.0,0.0
2022-05-31T10:00:00.000,subway,157,"96 St (C,B)",Manhattan,metrocard,Metrocard - Unlimited 30-Day,27.0,0.0
2022-05-31T17:00:00.000,subway,14,"23 St (R,W)",Manhattan,metrocard,Metrocard - Full Fare,317.0,10.0
2022-05-31T06:00:00.000,subway,601,"14 St (F,M,1,2,3)/6 Av (L)",Manhattan,metrocard,Metrocard - Unlimited 30-Day,40.0,0.0
2022-05-31T10:00:00.000,subway,333,"Wall St (2,3)",Manhattan,metrocard,Metrocard - Unlimited 7-Day,58.0,0.0
2022-05-31T09:00:00.000,subway,143,Inwood-207 St (A),Manhattan,metrocard,Metrocard - Seniors & Disability,25.0,1.0
2022-05-31T04:00:00.000,subway,601,"14 St (F,M,1,2,3)/6 Av (L)",Manhattan,metrocard,Metrocard - Seniors & Disability,1.0,0.0
2022-05-31T03:00:00.000,subway,149,163 St-Amsterdam Av (C),Manhattan,omny,OMNY - Full Fare,4.0,0.0
2022-05-31T07:00:00.000,subway,154,"116 St (C,B)",Manhattan,metrocard,Metrocard - Fair Fare,9.0,0.0
2022-05-31T06:00:00.000,subway,409,Spring St (6),Manhattan,metrocard,Metrocard - Other,2.0,0.0
2022-05-31T21:00:00.000,subway,151,"145 St (A,C,B,D)",Manhattan,metrocard,Metrocard - Fair Fare,17.0,1.0
2022-05-31T18:00:00.000,subway,609,"Bryant Pk (B,D,F,M)/5 Av (7)",Manhattan,metrocard,Metrocard - Full Fare,1229.0,9.0
2022-05-31T21:00:00.000,subway,14,"23 St (R,W)",Manhattan,metrocard,Metrocard - Unlimited 30-Day,37.0,0.0
2022-05-31T18:00:00.000,subway,152,"135 St (C,B)",Manhattan,metrocard,Metrocard - Fair Fare,5.0,0.0
2022-05-31T00:00:00.000,subway,160,"72 St (C,B)",Manhattan,metrocard,Metrocard - Full Fare,11.0,0.0
2022-05-31T10:00:00.000,subway,14,"23 St (R,W)",Manhattan,metrocard,Metrocard - Seniors & Disability,11.0,3.0
2022-05-31T16:00:00.000,subway,143,Inwood-207 St (A),Manhattan,omny,OMNY - Full Fare,63.0,2.0
2022-05-31T23:00:00.000,subway,152,"135 St (C,B)",Manhattan,metrocard,Metrocard - Unlimited 30-Day,5.0,0.0
2022-05-31T19:00:00.000,subway,143,Inwood-207 St (A),Manhattan,metrocard,Metrocard - Unlimited 30-Day,20.0,0.0
2022-05-31T20:00:00.000,subway,333,"Wall St (2,3)",Manhattan,metrocard,Metrocard - Fair Fare,11.0,0.0
2022-05-31T17:00:00.000,subway,143,Inwood-207 St (A),Manhattan,metrocard,Metrocard - Unlimited 7-Day,35.0,0.0
2022-05-31T17:00:00.000,subway,151,"145 St (A,C,B,D)",Manhattan,metrocard,Metrocard - Seniors & Disability,17.0,2.0
2022-05-31T03:00:00.000,subway,605,"168 St (A,C,1)",Manhattan,metrocard,Metrocard - Other,2.0,0.0
2022-05-31T12:00:00.000,subway,160,"72 St (C,B)",Manhattan,metrocard,Metrocard - Unlimited 7-Day,35.0,0.0
2022-05-31T02:00:00.000,subway,152,"135 St (C,B)",Manhattan,metrocard,Metrocard - Seniors & Disability,2.0,0.0
2022-05-31T14:00:00.000,subway,327,"Chambers St (1,2,3)",Manhattan,metrocard,Metrocard - Seniors & Disability,22.0,0.0
2022-05-31T12:00:00.000,subway,328,WTC Cortlandt (1),Manhattan,metrocard,Metrocard - Unlimited 7-Day,78.0,0.0
2022-05-31T17:00:00.000,subway,328,WTC Cortlandt (1),Manhattan,metrocard,Metrocard - Seniors & Disability,21.0,0.0
2022-05-31T12:00:00.000,subway,150,155 St (C),Manhattan,metrocard,Metrocard - Fair Fare,3.0,0.0
2022-05-31T07:00:00.000,subway,413,"Wall St (4,5)",Manhattan,metrocard,Metrocard - Fair Fare,5.0,0.0
2022-05-31T02:00:00.000,subway,602,"14 St-Union Sq (L,N,Q,R,W,4,5,6)",Manhattan,metrocard,Metrocard - Full Fare,11.0,1.0
2022-05-31T17:00:00.000,subway,159,"81 St-Museum of Natural History (C,B)",Manhattan,metrocard,Metrocard - Students,35.0,3.0
2022-05-31T08:00:00.000,subway,144,Dyckman St (A),Manhattan,metrocard,Metrocard - Unlimited 30-Day,86.0,0.0
2022-05-31T10:00:00.000,subway,16,"8 St-NYU (R,W)",Manhattan,metrocard,Metrocard - Full Fare,50.0,1.0
2022-05-31T10:00:00.000,subway,147,175 St (A),Manhattan,metrocard,Metrocard - Students,13.0,0.0
2022-05-31T15:00:00.000,subway,146,181 St (A),Manhattan,omny,OMNY - Full Fare,117.0,0.0
2022-05-31T04:00:00.000,subway,158,"86 St (C,B)",Manhattan,metrocard,Metrocard - Full Fare,1.0,0.0
2022-05-31T00:00:00.000,subway,158,"86 St (C,B)",Manhattan,metrocard,Metrocard - Other,1.0,0.0
2022-05-31T22:00:00.000,subway,328,WTC Cortlandt (1),Manhattan,metrocard,Metrocard - Unlimited 7-Day,32.0,0.0
2022-05-31T06:00:00.000,subway,414,"Bowling Green (4,5)",Manhattan,metrocard,Metrocard - Unlimited 30-Day,38.0,0.0
2022-05-31T08:00:00.000,subway,154,"116 St (C,B)",Manhattan,metrocard,Metrocard - Students,82.0,5.0
2022-05-31T20:00:00.000,subway,405,23 St (6),Manhattan,metrocard,Metrocard - Other,25.0,0.0
2022-05-31T20:00:00.000,subway,149,163 St-Amsterdam Av (C),Manhattan,metrocard,Metrocard - Full Fare,15.0,0.0
2022-05-31T13:00:00.000,subway,158,"86 St (C,B)",Manhattan,metrocard,Metrocard - Unlimited 7-Day,52.0,0.0
2022-05-31T16:00:00.000,subway,146,181 St (A),Manhattan,metrocard,Metrocard - Fair Fare,15.0,0.0
2022-05-31T11:00:00.000,subway,159,"81 St-Museum of Natural History (C,B)",Manhattan,metrocard,Metrocard - Unlimited 7-Day,58.0,0.0
2022-05-31T06:00:00.000,subway,327,"Chambers St (1,2,3)",Manhattan,metrocard,Metrocard - Other,4.0,0.0
2022-05-31T19:00:00.000,subway,156,"103 St (C,B)",Manhattan,omny,OMNY - Full Fare,50.0,1.0
2022-05-31T10:00:00.000,subway,333,"Wall St (2,3)",Manhattan,metrocard,Metrocard - Unlimited 30-Day,18.0,0.0
2022-05-31T06:00:00.000,subway,151,"145 St (A,C,B,D)",Manhattan,metrocard,Metrocard - Unlimited 30-Day,120.0,0.0
2022-05-31T14:00:00.000,subway,146,181 St (A),Manhattan,omny,OMNY - Full Fare,105.0,2.0
2022-05-31T09:00:00.000,subway,150,155 St (C),Manhattan,metrocard,Metrocard - Unlimited 7-Day,25.0,0.0
2022-05-31T11:00:00.000,subway,153,"125 St (A,C,B,D)",Manhattan,omny,OMNY - Full Fare,199.0,15.0
2022-05-31T23:00:00.000,subway,609,"Bryant Pk (B,D,F,M)/5 Av (7)",Manhattan,metrocard,Metrocard - Other,14.0,0.0
2022-05-31T17:00:00.000,subway,152,"135 St (C,B)",Manhattan,metrocard,Metrocard - Other,9.0,0.0
2022-05-31T11:00:00.000,subway,155,"Cathedral Pkwy (110 St) (C,B)",Manhattan,metrocard,Metrocard - Full Fare,43.0,4.0
2022-05-31T13:00:00.000,subway,413,"Wall St (4,5)",Manhattan,metrocard,Metrocard - Unlimited 30-Day,43.0,0.0
2022-05-31T14:00:00.000,subway,157,"96 St (C,B)",Manhattan,metrocard,Metrocard - Unlimited 30-Day,53.0,0.0
2022-05-31T17:00:00.000,subway,156,"103 St (C,B)",Manhattan,metrocard,Metrocard - Full Fare,47.0,1.0
2022-05-31T10:00:00.000,subway,162,"50 St (C,E)",Manhattan,metrocard,Metrocard - Full Fare,153.0,1.0
2022-05-31T13:00:00.000,subway,147,175 St (A),Manhattan,omny,OMNY - Full Fare,109.0,1.0
2022-05-31T00:00:00.000,subway,329,Rector St (1),Manhattan,metrocard,Metrocard - Full Fare,1.0,0.0
2022-05-31T21:00:00.000,subway,160,"72 St (C,B)",Manhattan,metrocard,Metrocard - Other,2.0,0.0
2022-05-31T08:00:00.000,subway,13,"28 St (R,W)",Manhattan,metrocard,Metrocard - Students,11.0,0.0
2022-05-31T03:00:00.000,subway,601,"14 St (F,M,1,2,3)/6 Av (L)",Manhattan,metrocard,Metrocard - Unlimited 7-Day,6.0,0.0
2022-05-31T23:00:00.000,subway,147,175 St (A),Manhattan,metrocard,Metrocard - Unlimited 7-Day,5.0,0.0
2022-05-31T12:00:00.000,subway,329,Rector St (1),Manhattan,metrocard,Metrocard - Full Fare,45.0,0.0
2022-05-31T04:00:00.000,subway,162,"50 St (C,E)",Manhattan,omny,OMNY - Full Fare,1.0,0.0
2022-05-31T15:00:00.000,subway,158,"86 St (C,B)",Manhattan,metrocard,Metrocard - Seniors & Disability,24.0,6.0
2022-05-31T03:00:00.000,subway,409,Spring St (6),Manhattan,metrocard,Metrocard - Full Fare,1.0,0.0
2022-05-31T05:00:00.000,subway,607,"34 St-Herald Sq (B,D,F,M,N,Q,R,W)",Manhattan,metrocard,Metrocard - Unlimited 7-Day,24.0,0.0
2022-05-31T08:00:00.000,subway,158,"86 St (C,B)",Manhattan,omny,OMNY - Full Fare,283.0,19.0
2022-05-31T14:00:00.000,subway,13,"28 St (R,W)",Manhattan,metrocard,Metrocard - Other,8.0,0.0
2022-05-31T22:00:00.000,subway,329,Rector St (1),Manhattan,metrocard,Metrocard - Full Fare,19.0,0.0
2022-05-31T19:00:00.000,subway,159,"81 St-Museum of Natural History (C,B)",Manhattan,omny,OMNY - Full Fare,120.0,9.0
2022-05-31T06:00:00.000,subway,156,"103 St (C,B)",Manhattan,metrocard,Metrocard - Seniors & Disability,1.0,0.0
2022-05-31T12:00:00.000,subway,147,175 St (A),Manhattan,metrocard,Metrocard - Other,6.0,0.0
2022-05-31T09:00:00.000,subway,16,"8 St-NYU (R,W)",Manhattan,metrocard,Metrocard - Fair Fare,2.0,0.0
2022-05-31T19:00:00.000,subway,602,"14 St-Union Sq (L,N,Q,R,W,4,5,6)",Manhattan,metrocard,Metrocard - Students,63.0,0.0
2022-05-31T16:00:00.000,subway,144,Dyckman St (A),Manhattan,metrocard,Metrocard - Full Fare,80.0,1.0
2022-05-31T21:00:00.000,subway,16,"8 St-NYU (R,W)",Manhattan,metrocard,Metrocard - Seniors & Disability,21.0,0.0
2022-05-31T06:00:00.000,subway,413,"Wall St (4,5)",Manhattan,metrocard,Metrocard - Seniors & Disability,2.0,1.0
2022-05-31T16:00:00.000,subway,146,181 St (A),Manhattan,metrocard,Metrocard - Full Fare,97.0,0.0
2022-05-31T23:00:00.000,subway,153,"125 St (A,C,B,D)",Manhattan,metrocard,Metrocard - Full Fare,36.0,4.0
2022-05-31T07:00:00.000,subway,13,"28 St (R,W)",Manhattan,metrocard,Metrocard - Unlimited 30-Day,7.0,0.0
2022-05-31T09:00:00.000,subway,160,"72 St (C,B)",Manhattan,metrocard,Metrocard - Other,8.0,0.0
2022-05-31T18:00:00.000,subway,158,"86 St (C,B)",Manhattan,metrocard,Metrocard - Other,33.0,2.0
2022-05-31T05:00:00.000,subway,149,163 St-Amsterdam Av (C),Manhattan,metrocard,Metrocard - Seniors & Disability,5.0,0.0
2022-05-31T23:00:00.000,subway,16,"8 St-NYU (R,W)",Manhattan,metrocard,Metrocard - Unlimited 30-Day,22.0,0.0
2022-05-31T22:00:00.000,subway,158,"86 St (C,B)",Manhattan,metrocard,Metrocard - Seniors & Disability,2.0,2.0
2022-05-31T18:00:00.000,subway,162,"50 St (C,E)",Manhattan,omny,OMNY - Full Fare,427.0,2.0
2022-05-31T07:00:00.000,subway,155,"Cathedral Pkwy (110 St) (C,B)",Manhattan,metrocard,Metrocard - Seniors & Disability,12.0,1.0
2022-05-31T20:00:00.000,subway,413,"Wall St (4,5)",Manhattan,metrocard,Metrocard - Fair Fare,8.0,0.0
2022-05-31T02:00:00.000,subway,13,"28 St (R,W)",Manhattan,metrocard,Metrocard - Unlimited 7-Day,4.0,0.0
2022-05-31T07:00:00.000,subway,156,"103 St (C,B)",Manhattan,metrocard,Metrocard - Full Fare,56.0,0.0
2022-05-31T10:00:00.000,subway,157,"96 St (C,B)",Manhattan,metrocard,Metrocard - Students,25.0,19.0
2022-05-31T19:00:00.000,subway,159,"81 St-Museum of Natural History (C,B)",Manhattan,metrocard,Metrocard - Students,5.0,0.0
2022-05-31T10:00:00.000,subway,14,"23 St (R,W)",Manhattan,metrocard,Metrocard - Students,3.0,0.0
2022-05-31T01:00:00.000,subway,9,"57 St-7 Av (N,Q,R,W)",Manhattan,metrocard,Metrocard - Full Fare,13.0,0.0
2022-05-31T17:00:00.000,subway,333,"Wall St (2,3)",Manhattan,metrocard,Metrocard - Seniors & Disability,53.0,0.0
2022-05-31T00:00:00.000,subway,14,"23 St (R,W)",Manhattan,omny,OMNY - Full Fare,23.0,0.0
2022-05-31T15:00:00.000,subway,156,"103 St (C,B)",Manhattan,metrocard,Metrocard - Unlimited 7-Day,29.0,0.0
2022-05-31T20:00:00.000,subway,151,"145 St (A,C,B,D)",Manhattan,metrocard,Metrocard - Fair Fare,16.0,1.0
2022-05-31T17:00:00.000,subway,329,Rector St (1),Manhattan,metrocard,Metrocard - Full Fare,155.0,0.0
2022-05-31T16:00:00.000,subway,152,"135 St (C,B)",Manhattan,omny,OMNY - Full Fare,79.0,4.0
2022-05-31T17:00:00.000,subway,147,175 St (A),Manhattan,metrocard,Metrocard - Other,25.0,0.0
2022-05-31T08:00:00.000,subway,327,"Chambers St (1,2,3)",Manhattan,metrocard,Metrocard - Fair Fare,7.0,0.0
2022-05-31T07:00:00.000,subway,152,"135 St (C,B)",Manhattan,metrocard,Metrocard - Seniors & Disability,6.0,0.0
2022-05-31T07:00:00.000,subway,157,"96 St (C,B)",Manhattan,metrocard,Metrocard - Unlimited 30-Day,49.0,0.0
2022-05-31T13:00:00.000,subway,602,"14 St-Union Sq (L,N,Q,R,W,4,5,6)",Manhattan,metrocard,Metrocard - Unlimited 30-Day,270.0,0.0
2022-05-31T18:00:00.000,subway,151,"145 St (A,C,B,D)",Manhattan,metrocard,Metrocard - Seniors & Disability,19.0,3.0
2022-05-31T09:00:00.000,subway,144,Dyckman St (A),Manhattan,omny,OMNY - Full Fare,94.0,1.0
2022-05-31T05:00:00.000,subway,333,"Wall St (2,3)",Manhattan,metrocard,Metrocard - Seniors & Disability,1.0,0.0
2022-05-31T00:00:00.000,subway,159,"81 St-Museum of Natural History (C,B)",Manhattan,metrocard,Metrocard - Unlimited 30-Day,12.0,0.0
2022-05-31T05:00:00.000,subway,152,"135 St (C,B)",Manhattan,metrocard,Metrocard - Seniors & Disability,2.0,0.0
2022-05-31T13:00:00.000,subway,16,"8 St-NYU (R,W)",Manhattan,metrocard,Metrocard - Other,10.0,0.0
2022-05-31T04:00:00.000,subway,328,WTC Cortlandt (1),Manhattan,metrocard,Metrocard - Other,5.0,0.0
2022-05-31T17:00:00.000,subway,407,Astor Pl (6),Manhattan,metrocard,Metrocard - Fair Fare,12.0,0.0
2022-05-31T04:00:00.000,subway,152,"135 St (C,B)",Manhattan,metrocard,Metrocard - Unlimited 7-Day,1.0,0.0
2022-05-31T15:00:00.000,subway,16,"8 St-NYU (R,W)",Manhattan,metrocard,Metrocard - Students,58.0,1.0
2022-05-31T14:00:00.000,subway,328,WTC Cortlandt (1),Manhattan,metrocard,Metrocard - Other,13.0,0.0
2022-05-31T11:00:00.000,subway,150,155 St (C),Manhattan,omny,OMNY - Full Fare,21.0,0.0
2022-05-31T13:00:00.000,subway,147,175 St (A),Manhattan,metrocard,Metrocard - Unlimited 30-Day,34.0,0.0
2022-05-31T00:00:00.000,subway,13,"28 St (R,W)",Manhattan,omny,OMNY - Full Fare,20.0,0.0
2022-05-31T12:00:00.000,subway,154,"116 St (C,B)",Manhattan,metrocard,Metrocard - Unlimited 30-Day,31.0,0.0
2022-05-31T02:00:00.000,subway,156,"103 St (C,B)",Manhattan,metrocard,Metrocard - Fair Fare,1.0,0.0
2022-05-31T05:00:00.000,subway,327,"Chambers St (1,2,3)",Manhattan,metrocard,Metrocard - Unlimited 30-Day,1.0,0.0
2022-05-31T20:00:00.000,subway,9,"57 St-7 Av (N,Q,R,W)",Manhattan,metrocard,Metrocard - Other,34.0,0.0
2022-05-31T15:00:00.000,subway,601,"14 St (F,M,1,2,3)/6 Av (L)",Manhattan,metrocard,Metrocard - Seniors & Disability,83.0,7.0
2022-05-31T17:00:00.000,subway,605,"168 St (A,C,1)",Manhattan,metrocard,Metrocard - Students,53.0,0.0
2022-05-31T06:00:00.000,subway,9,"57 St-7 Av (N,Q,R,W)",Manhattan,metrocard,Metrocard - Full Fare,34.0,3.0
2022-05-31T21:00:00.000,subway,328,WTC Cortlandt (1),Manhattan,metrocard,Metrocard - Fair Fare,3.0,0.0
2022-05-31T20:00:00.000,subway,155,"Cathedral Pkwy (110 St) (C,B)",Manhattan,metrocard,Metrocard - Seniors & Disability,3.0,0.0
2022-05-31T22:00:00.000,subway,147,175 St (A),Manhattan,metrocard,Metrocard - Unlimited 7-Day,10.0,0.0
2022-05-31T15:00:00.000,subway,327,"Chambers St (1,2,3)",Manhattan,metrocard,Metrocard - Unlimited 30-Day,105.0,0.0
2022-05-31T00:00:00.000,subway,157,"96 St (C,B)",Manhattan,metrocard,Metrocard - Full Fare,2.0,0.0
2022-05-31T01:00:00.000,subway,147,175 St (A),Manhattan,metrocard,Metrocard - Unlimited 30-Day,1.0,0.0
2022-05-31T23:00:00.000,subway,152,"135 St (C,B)",Manhattan,metrocard,Metrocard - Fair Fare,1.0,0.0
2022-05-31T04:00:00.000,subway,602,"14 St-Union Sq (L,N,Q,R,W,4,5,6)",Manhattan,metrocard,Metrocard - Unlimited 7-Day,6.0,0.0
2022-05-31T02:00:00.000,subway,159,"81 St-Museum of Natural History (C,B)",Manhattan,metrocard,Metrocard - Full Fare,1.0,0.0
2022-05-31T09:00:00.000,subway,145,190 St (A),Manhattan,metrocard,Metrocard - Unlimited 30-Day,49.0,0.0
2022-05-31T09:00:00.000,subway,146,181 St (A),Manhattan,metrocard,Metrocard - Fair Fare,10.0,1.0
2022-05-31T14:00:00.000,subway,151,"145 St (A,C,B,D)",Manhattan,metrocard,Metrocard - Unlimited 7-Day,111.0,0.0
2022-05-31T20:00:00.000,subway,157,"96 St (C,B)",Manhattan,omny,OMNY - Full Fare,62.0,6.0
2022-05-31T21:00:00.000,subway,414,"Bowling Green (4,5)",Manhattan,metrocard,Metrocard - Other,18.0,0.0
2022-05-31T11:00:00.000,subway,144,Dyckman St (A),Manhattan,metrocard,Metrocard - Full Fare,37.0,1.0
2022-05-31T06:00:00.000,subway,605,"168 St (A,C,1)",Manhattan,metrocard,Metrocard - Other,31.0,0.0
2022-05-31T23:00:00.000,subway,16,"8 St-NYU (R,W)",Manhattan,omny,OMNY - Full Fare,87.0,0.0
2022-05-31T22:00:00.000,subway,405,23 St (6),Manhattan,metrocard,Metrocard - Full Fare,67.0,1.0
2022-05-31T00:00:00.000,subway,607,"34 St-Herald Sq (B,D,F,M,N,Q,R,W)",Manhattan,metrocard,Metrocard - Other,23.0,0.0
2022-05-31T19:00:00.000,subway,327,"Chambers St (1,2,3)",Manhattan,metrocard,Metrocard - Students,14.0,0.0
2022-05-31T12:00:00.000,subway,602,"14 St-Union Sq (L,N,Q,R,W,4,5,6)",Manhattan,metrocard,Metrocard - Seniors & Disability,156.0,23.0
2022-05-31T10:00:00.000,subway,162,"50 St (C,E)",Manhattan,metrocard,Metrocard - Unlimited 7-Day,76.0,0.0
2022-05-31T18:00:00.000,subway,143,Inwood-207 St (A),Manhattan,metrocard,Metrocard - Seniors & Disability,7.0,1.0
2022-05-31T06:00:00.000,subway,157,"96 St (C,B)",Manhattan,omny,OMNY - Full Fare,41.0,4.0
2022-05-31T07:00:00.000,subway,333,"Wall St (2,3)",Manhattan,omny,OMNY - Full Fare,143.0,0.0
2022-05-31T13:00:00.000,subway,413,"Wall St (4,5)",Manhattan,metrocard,Metrocard - Students,13.0,0.0
2022-05-31T11:00:00.000,subway,146,181 St (A),Manhattan,metrocard,Metrocard - Full Fare,54.0,0.0
2022-05-31T02:00:00.000,subway,405,23 St (6),Manhattan,metrocard,Metrocard - Unlimited 30-Day,2.0,0.0
2022-05-31T13:00:00.000,subway,145,190 St (A),Manhattan,metrocard,Metrocard - Students,13.0,0.0
2022-05-31T19:00:00.000,subway,328,WTC Cortlandt (1),Manhattan,metrocard,Metrocard - Unlimited 7-Day,47.0,0.0
2022-05-31T14:00:00.000,subway,407,Astor Pl (6),Manhattan,metrocard,Metrocard - Full Fare,111.0,1.0
2022-05-31T05:00:00.000,subway,144,Dyckman St (A),Manhattan,metrocard,Metrocard - Seniors & Disability,2.0,0.0
2022-05-31T14:00:00.000,subway,409,Spring St (6),Manhattan,metrocard,Metrocard - Seniors & Disability,18.0,0.0
2022-05-31T08:00:00.000,subway,159,"81 St-Museum of Natural History (C,B)",Manhattan,metrocard,Metrocard - Fair Fare,7.0,0.0
2022-05-31T11:00:00.000,subway,9,"57 St-7 Av (N,Q,R,W)",Manhattan,metrocard,Metrocard - Other,20.0,0.0
2022-05-31T08:00:00.000,subway,601,"14 St (F,M,1,2,3)/6 Av (L)",Manhattan,metrocard,Metrocard - Full Fare,376.0,11.0
2022-05-31T23:00:00.000,subway,329,Rector St (1),Manhattan,omny,OMNY - Full Fare,16.0,0.0
2022-05-31T21:00:00.000,subway,154,"116 St (C,B)",Manhattan,metrocard,Metrocard - Unlimited 7-Day,19.0,0.0
2022-05-31T19:00:00.000,subway,328,WTC Cortlandt (1),Manhattan,metrocard,Metrocard - Students,3.0,0.0
2022-05-31T11:00:00.000,subway,152,"135 St (C,B)",Manhattan,metrocard,Metrocard - Other,6.0,0.0
2022-05-31T11:00:00.000,subway,152,"135 St (C,B)",Manhattan,metrocard,Metrocard - Students,22.0,0.0
2022-05-31T20:00:00.000,subway,159,"81 St-Museum of Natural History (C,B)",Manhattan,metrocard,Metrocard - Unlimited 30-Day,35.0,0.0
2022-05-31T23:00:00.000,subway,147,175 St (A),Manhattan,metrocard,Metrocard - Fair Fare,3.0,0.0
2022-05-31T02:00:00.000,subway,153,"125 St (A,C,B,D)",Manhattan,metrocard,Metrocard - Unlimited 30-Day,2.0,0.0
2022-05-31T14:00:00.000,subway,145,190 St (A),Manhattan,metrocard,Metrocard - Seniors & Disability,6.0,0.0
2022-05-31T15:00:00.000,subway,145,190 St (A),Manhattan,metrocard,Metrocard - Fair Fare,2.0,0.0
2022-05-31T14:00:00.000,subway,153,"125 St (A,C,B,D)",Manhattan,metrocard,Metrocard - Unlimited 7-Day,144.0,0.0
2022-05-31T12:00:00.000,subway,149,163 St-Amsterdam Av (C),Manhattan,metrocard,Metrocard - Unlimited 7-Day,14.0,0.0
2022-05-31T19:00:00.000,subway,154,"116 St (C,B)",Manhattan,metrocard,Metrocard - Fair Fare,4.0,0.0
2022-05-31T07:00:00.000,subway,150,155 St (C),Manhattan,metrocard,Metrocard - Other,10.0,0.0
2022-05-31T19:00:00.000,subway,14,"23 St (R,W)",Manhattan,metrocard,Metrocard - Full Fare,169.0,3.0
2022-05-31T17:00:00.000,subway,158,"86 St (C,B)",Manhattan,metrocard,Metrocard - Fair Fare,16.0,3.0
2022-05-31T01:00:00.000,subway,409,Spring St (6),Manhattan,metrocard,Metrocard - Fair Fare,1.0,0.0
2022-05-31T22:00:00.000,subway,143,Inwood-207 St (A),Manhattan,metrocard,Metrocard - Full Fare,5.0,1.0
2022-05-31T09:00:00.000,subway,152,"135 St (C,B)",Manhattan,metrocard,Metrocard - Seniors & Disability,4.0,0.0
2022-05-31T04:00:00.000,subway,605,"168 St (A,C,1)",Manhattan,metrocard,Metrocard - Seniors & Disability,3.0,0.0
2022-05-31T16:00:00.000,subway,9,"57 St-7 Av (N,Q,R,W)",Manhattan,metrocard,Metrocard - Full Fare,523.0,13.0
2022-05-31T14:00:00.000,subway,409,Spring St (6),Manhattan,metrocard,Metrocard - Unlimited 7-Day,81.0,0.0
2022-05-31T17:00:00.000,subway,329,Rector St (1),Manhattan,metrocard,Metrocard - Unlimited 30-Day,42.0,0.0
2022-05-31T05:00:00.000,subway,162,"50 St (C,E)",Manhattan,metrocard,Metrocard - Seniors & Disability,1.0,0.0
2022-05-31T09:00:00.000,subway,327,"Chambers St (1,2,3)",Manhattan,metrocard,Metrocard - Unlimited 7-Day,22.0,0.0
2022-05-31T15:00:00.000,subway,601,"14 St (F,M,1,2,3)/6 Av (L)",Manhattan,omny,OMNY - Full Fare,617.0,10.0
2022-05-31T19:00:00.000,subway,162,"50 St (C,E)",Manhattan,metrocard,Metrocard - Fair Fare,13.0,0.0
2022-05-31T06:00:00.000,subway,146,181 St (A),Manhattan,metrocard,Metrocard - Seniors & Disability,19.0,0.0
2022-05-31T18:00:00.000,subway,162,"50 St (C,E)",Manhattan,metrocard,Metrocard - Unlimited 30-Day,98.0,0.0
2022-05-31T04:00:00.000,subway,328,WTC Cortlandt (1),Manhattan,metrocard,Metrocard - Seniors & Disability,1.0,0.0
2022-05-31T21:00:00.000,subway,14,"23 St (R,W)",Manhattan,metrocard,Metrocard - Fair Fare,5.0,0.0
2022-05-31T20:00:00.000,subway,609,"Bryant Pk (B,D,F,M)/5 Av (7)",Manhattan,metrocard,Metrocard - Full Fare,329.0,1.0
2022-05-31T01:00:00.000,subway,144,Dyckman St (A),Manhattan,omny,OMNY - Full Fare,2.0,0.0
2022-05-31T08:00:00.000,subway,153,"125 St (A,C,B,D)",Manhattan,metrocard,Metrocard - Seniors & Disability,50.0,10.0
2022-05-31T20:00:00.000,subway,601,"14 St (F,M,1,2,3)/6 Av (L)",Manhattan,metrocard,Metrocard - Unlimited 30-Day,208.0,0.0
2022-05-31T03:00:00.000,subway,144,Dyckman St (A),Manhattan,omny,OMNY - Full Fare,1.0,0.0
2022-05-31T19:00:00.000,subway,151,"145 St (A,C,B,D)",Manhattan,metrocard,Metrocard - Unlimited 30-Day,59.0,0.0
2022-05-31T15:00:00.000,subway,162,"50 St (C,E)",Manhattan,metrocard,Metrocard - Full Fare,219.0,2.0
2022-05-31T15:00:00.000,subway,14,"23 St (R,W)",Manhattan,metrocard,Metrocard - Students,88.0,1.0
2022-05-31T16:00:00.000,subway,14,"23 St (R,W)",Manhattan,metrocard,Metrocard - Fair Fare,11.0,0.0
2022-05-31T10:00:00.000,subway,158,"86 St (C,B)",Manhattan,metrocard,Metrocard - Students,3.0,0.0
2022-05-31T06:00:00.000,subway,407,Astor Pl (6),Manhattan,metrocard,Metrocard - Fair Fare,1.0,0.0
2022-05-31T08:00:00.000,subway,147,175 St (A),Manhattan,metrocard,Metrocard - Unlimited 30-Day,115.0,0.0
2022-05-31T11:00:00.000,subway,9,"57 St-7 Av (N,Q,R,W)",Manhattan,omny,OMNY - Full Fare,169.0,4.0
2022-05-31T11:00:00.000,subway,143,Inwood-207 St (A),Manhattan,metrocard,Metrocard - Students,7.0,1.0
2022-05-31T11:00:00.000,subway,405,23 St (6),Manhattan,metrocard,Metrocard - Seniors & Disability,49.0,12.0
2022-05-31T05:00:00.000,subway,9,"57 St-7 Av (N,Q,R,W)",Manhattan,metrocard,Metrocard - Unlimited 7-Day,6.0,0.0
2022-05-31T22:00:00.000,subway,607,"34 St-Herald Sq (B,D,F,M,N,Q,R,W)",Manhattan,metrocard,Metrocard - Unlimited 30-Day,208.0,0.0
2022-05-31T22:00:00.000,subway,147,175 St (A),Manhattan,metrocard,Metrocard - Other,2.0,0.0
2022-05-31T13:00:00.000,subway,414,"Bowling Green (4,5)",Manhattan,metrocard,Metrocard - Seniors & Disability,34.0,3.0
2022-05-31T13:00:00.000,subway,143,Inwood-207 St (A),Manhattan,metrocard,Metrocard - Other,36.0,0.0
2022-05-31T23:00:00.000,subway,157,"96 St (C,B)",Manhattan,omny,OMNY - Full Fare,10.0,3.0
2022-05-31T11:00:00.000,subway,144,Dyckman St (A),Manhattan,metrocard,Metrocard - Fair Fare,12.0,0.0
2022-05-31T13:00:00.000,subway,149,163 St-Amsterdam Av (C),Manhattan,metrocard,Metrocard - Other,2.0,0.0
2022-05-31T04:00:00.000,subway,145,190 St (A),Manhattan,omny,OMNY - Full Fare,1.0,0.0
2022-05-31T09:00:00.000,subway,151,"145 St (A,C,B,D)",Manhattan,metrocard,Metrocard - Unlimited 7-Day,130.0,0.0
2022-05-31T08:00:00.000,subway,601,"14 St (F,M,1,2,3)/6 Av (L)",Manhattan,metrocard,Metrocard - Fair Fare,15.0,1.0
2022-05-31T01:00:00.000,subway,151,"145 St (A,C,B,D)",Manhattan,metrocard,Metrocard - Fair Fare,4.0,0.0
2022-05-31T11:00:00.000,subway,157,"96 St (C,B)",Manhattan,metrocard,Metrocard - Seniors & Disability,27.0,5.0
2022-05-31T19:00:00.000,subway,13,"28 St (R,W)",Manhattan,omny,OMNY - Full Fare,155.0,0.0
2022-05-31T23:00:00.000,subway,162,"50 St (C,E)",Manhattan,omny,OMNY - Full Fare,94.0,0.0
2022-05-31T08:00:00.000,subway,328,WTC Cortlandt (1),Manhattan,omny,OMNY - Full Fare,211.0,0.0
2022-05-31T23:00:00.000,subway,153,"125 St (A,C,B,D)",Manhattan,metrocard,Metrocard - Seniors & Disability,2.0,1.0
2022-05-31T07:00:00.000,subway,143,Inwood-207 St (A),Manhattan,metrocard,Metrocard - Seniors & Disability,24.0,1.0
2022-05-31T11:00:00.000,subway,157,"96 St (C,B)",Manhattan,metrocard,Metrocard - Fair Fare,8.0,1.0
2022-05-31T00:00:00.000,subway,329,Rector St (1),Manhattan,omny,OMNY - Full Fare,4.0,0.0
2022-05-31T09:00:00.000,subway,607,"34 St-Herald Sq (B,D,F,M,N,Q,R,W)",Manhattan,metrocard,Metrocard - Seniors & Disability,77.0,8.0
2022-05-31T13:00:00.000,subway,156,"103 St (C,B)",Manhattan,metrocard,Metrocard - Other,6.0,0.0
2022-05-31T20:00:00.000,subway,601,"14 St (F,M,1,2,3)/6 Av (L)",Manhattan,metrocard,Metrocard - Unlimited 7-Day,152.0,0.0
2022-05-31T16:00:00.000,subway,414,"Bowling Green (4,5)",Manhattan,metrocard,Metrocard - Other,474.0,3.0
2022-05-31T21:00:00.000,subway,333,"Wall St (2,3)",Manhattan,metrocard,Metrocard - Unlimited 30-Day,21.0,0.0
2022-05-31T21:00:00.000,subway,159,"81 St-Museum of Natural History (C,B)",Manhattan,metrocard,Metrocard - Unlimited 7-Day,20.0,0.0
2022-05-31T22:00:00.000,subway,149,163 St-Amsterdam Av (C),Manhattan,metrocard,Metrocard - Fair Fare,3.0,0.0
2022-05-31T17:00:00.000,subway,155,"Cathedral Pkwy (110 St) (C,B)",Manhattan,omny,OMNY - Full Fare,142.0,5.0
2022-05-31T16:00:00.000,subway,150,155 St (C),Manhattan,metrocard,Metrocard - Full Fare,25.0,0.0
2022-05-31T02:00:00.000,subway,145,190 St (A),Manhattan,metrocard,Metrocard - Full Fare,2.0,0.0
2022-05-31T23:00:00.000,subway,607,"34 St-Herald Sq (B,D,F,M,N,Q,R,W)",Manhattan,metrocard,Metrocard - Other,43.0,1.0
2022-05-31T10:00:00.000,subway,607,"34 St-Herald Sq (B,D,F,M,N,Q,R,W)",Manhattan,metrocard,Metrocard - Fair Fare,37.0,1.0
2022-05-31T14:00:00.000,subway,147,175 St (A),Manhattan,metrocard,Metrocard - Full Fare,101.0,2.0
2022-05-31T19:00:00.000,subway,143,Inwood-207 St (A),Manhattan,metrocard,Metrocard - Full Fare,34.0,4.0
2022-05-31T08:00:00.000,subway,333,"Wall St (2,3)",Manhattan,metrocard,Metrocard - Other,27.0,0.0
2022-05-31T00:00:00.000,subway,414,"Bowling Green (4,5)",Manhattan,metrocard,Metrocard - Other,2.0,0.0
2022-05-31T02:00:00.000,subway,143,Inwood-207 St (A),Manhattan,metrocard,Metrocard - Full Fare,1.0,0.0
2022-05-31T23:00:00.000,subway,153,"125 St (A,C,B,D)",Manhattan,metrocard,Metrocard - Unlimited 30-Day,28.0,0.0
2022-05-31T09:00:00.000,subway,159,"81 St-Museum of Natural History (C,B)",Manhattan,metrocard,Metrocard - Seniors & Disability,10.0,3.0
2022-05-31T20:00:00.000,subway,158,"86 St (C,B)",Manhattan,metrocard,Metrocard - Full Fare,46.0,2.0
2022-05-31T04:00:00.000,subway,143,Inwood-207 St (A),Manhattan,metrocard,Metrocard - Unlimited 7-Day,4.0,0.0
2022-05-31T02:00:00.000,subway,156,"103 St (C,B)",Manhattan,metrocard,Metrocard - Unlimited 30-Day,1.0,0.0
2022-05-31T13:00:00.000,subway,154,"116 St (C,B)",Manhattan,metrocard,Metrocard - Full Fare,36.0,0.0
2022-05-31T10:00:00.000,subway,149,163 St-Amsterdam Av (C),Manhattan,metrocard,Metrocard - Full Fare,31.0,1.0
2022-05-31T08:00:00.000,subway,407,Astor Pl (6),Manhattan,metrocard,Metrocard - Unlimited 30-Day,56.0,0.0
2022-05-31T08:00:00.000,subway,329,Rector St (1),Manhattan,metrocard,Metrocard - Seniors & Disability,7.0,1.0
2022-05-31T09:00:00.000,subway,409,Spring St (6),Manhattan,omny,OMNY - Full Fare,134.0,1.0
2022-05-31T12:00:00.000,subway,407,Astor Pl (6),Manhattan,metrocard,Metrocard - Students,5.0,0.0
2022-05-31T18:00:00.000,subway,607,"34 St-Herald Sq (B,D,F,M,N,Q,R,W)",Manhattan,omny,OMNY - Full Fare,3026.0,21.0
2022-05-31T06:00:00.000,subway,155,"Cathedral Pkwy (110 St) (C,B)",Manhattan,metrocard,Metrocard - Students,7.0,0.0
2022-05-31T14:00:00.000,subway,145,190 St (A),Manhattan,omny,OMNY - Full Fare,44.0,0.0
2022-05-31T08:00:00.000,subway,151,"145 St (A,C,B,D)",Manhattan,omny,OMNY - Full Fare,375.0,4.0
2022-05-31T19:00:00.000,subway,9,"57 St-7 Av (N,Q,R,W)",Manhattan,metrocard,Metrocard - Students,16.0,2.0
2022-05-31T17:00:00.000,subway,160,"72 St (C,B)",Manhattan,metrocard,Metrocard - Students,22.0,1.0
2022-05-31T20:00:00.000,subway,156,"103 St (C,B)",Manhattan,metrocard,Metrocard - Seniors & Disability,6.0,0.0
2022-05-31T00:00:00.000,subway,607,"34 St-Herald Sq (B,D,F,M,N,Q,R,W)",Manhattan,metrocard,Metrocard - Unlimited 30-Day,68.0,0.0
2022-05-31T06:00:00.000,subway,159,"81 St-Museum of Natural History (C,B)",Manhattan,metrocard,Metrocard - Unlimited 30-Day,12.0,0.0
2022-05-31T10:00:00.000,subway,144,Dyckman St (A),Manhattan,metrocard,Metrocard - Unlimited 7-Day,24.0,0.0
2022-05-31T14:00:00.000,subway,327,"Chambers St (1,2,3)",Manhattan,metrocard,Metrocard - Unlimited 7-Day,65.0,0.0
2022-05-31T22:00:00.000,subway,605,"168 St (A,C,1)",Manhattan,metrocard,Metrocard - Seniors & Disability,4.0,0.0
2022-05-31T10:00:00.000,subway,146,181 St (A),Manhattan,metrocard,Metrocard - Unlimited 30-Day,62.0,0.0
2022-05-31T14:00:00.000,subway,14,"23 St (R,W)",Manhattan,metrocard,Metrocard - Unlimited 30-Day,75.0,0.0
2022-05-31T20:00:00.000,subway,149,163 St-Amsterdam Av (C),Manhattan,metrocard,Metrocard - Seniors & Disability,2.0,0.0
2022-05-31T13:00:00.000,subway,143,Inwood-207 St (A),Manhattan,omny,OMNY - Full Fare,55.0,4.0
2022-05-31T08:00:00.000,subway,328,WTC Cortlandt (1),Manhattan,metrocard,Metrocard - Students,19.0,0.0
2022-05-31T08:00:00.000,subway,16,"8 St-NYU (R,W)",Manhattan,omny,OMNY - Full Fare,335.0,2.0
2022-05-31T15:00:00.000,subway,155,"Cathedral Pkwy (110 St) (C,B)",Manhattan,metrocard,Metrocard - Unlimited 7-Day,50.0,0.0
2022-05-31T11:00:00.000,subway,162,"50 St (C,E)",Manhattan,metrocard,Metrocard - Unlimited 7-Day,68.0,0.0
2022-05-31T12:00:00.000,subway,162,"50 St (C,E)",Manhattan,metrocard,Metrocard - Seniors & Disability,16.0,2.0
2022-05-31T17:00:00.000,subway,143,Inwood-207 St (A),Manhattan,metrocard,Metrocard - Unlimited 30-Day,39.0,0.0
2022-05-31T09:00:00.000,subway,146,181 St (A),Manhattan,metrocard,Metrocard - Unlimited 7-Day,41.0,0.0
2022-05-31T18:00:00.000,subway,409,Spring St (6),Manhattan,metrocard,Metrocard - Unlimited 7-Day,59.0,0.0
2022-05-31T13:00:00.000,subway,153,"125 St (A,C,B,D)",Manhattan,metrocard,Metrocard - Other,45.0,2.0
2022-05-31T11:00:00.000,subway,601,"14 St (F,M,1,2,3)/6 Av (L)",Manhattan,metrocard,Metrocard - Full Fare,170.0,2.0
2022-05-31T23:00:00.000,subway,160,"72 St (C,B)",Manhattan,omny,OMNY - Full Fare,18.0,1.0
2022-05-31T15:00:00.000,subway,9,"57 St-7 Av (N,Q,R,W)",Manhattan,metrocard,Metrocard - Unlimited 30-Day,206.0,0.0
2022-05-31T03:00:00.000,subway,327,"Chambers St (1,2,3)",Manhattan,metrocard,Metrocard - Other,2.0,0.0
2022-05-31T15:00:00.000,subway,144,Dyckman St (A),Manhattan,metrocard,Metrocard - Seniors & Disability,8.0,2.0
2022-05-31T14:00:00.000,subway,154,"116 St (C,B)",Manhattan,omny,OMNY - Full Fare,78.0,6.0
2022-05-31T20:00:00.000,subway,159,"81 St-Museum of Natural History (C,B)",Manhattan,metrocard,Metrocard - Other,9.0,0.0
2022-05-31T02:00:00.000,subway,602,"14 St-Union Sq (L,N,Q,R,W,4,5,6)",Manhattan,metrocard,Metrocard - Fair Fare,2.0,0.0
2022-05-31T14:00:00.000,subway,14,"23 St (R,W)",Manhattan,metrocard,Metrocard - Unlimited 7-Day,119.0,0.0
2022-05-31T23:00:00.000,subway,155,"Cathedral Pkwy (110 St) (C,B)",Manhattan,metrocard,Metrocard - Other,3.0,0.0
2022-05-31T10:00:00.000,subway,143,Inwood-207 St (A),Manhattan,metrocard,Metrocard - Other,21.0,3.0
2022-05-31T12:00:00.000,subway,145,190 St (A),Manhattan,metrocard,Metrocard - Other,6.0,0.0
2022-05-31T16:00:00.000,subway,601,"14 St (F,M,1,2,3)/6 Av (L)",Manhattan,metrocard,Metrocard - Other,96.0,0.0
2022-05-31T20:00:00.000,subway,607,"34 St-Herald Sq (B,D,F,M,N,Q,R,W)",Manhattan,metrocard,Metrocard - Unlimited 7-Day,401.0,0.0
2022-05-31T00:00:00.000,subway,154,"116 St (C,B)",Manhattan,metrocard,Metrocard - Fair Fare,1.0,0.0
2022-05-31T07:00:00.000,subway,150,155 St (C),Manhattan,metrocard,Metrocard - Seniors & Disability,2.0,0.0
2022-05-31T11:00:00.000,subway,333,"Wall St (2,3)",Manhattan,metrocard,Metrocard - Unlimited 7-Day,30.0,0.0
2022-05-31T07:00:00.000,subway,405,23 St (6),Manhattan,metrocard,Metrocard - Unlimited 7-Day,31.0,0.0
2022-05-31T11:00:00.000,subway,144,Dyckman St (A),Manhattan,metrocard,Metrocard - Unlimited 30-Day,14.0,0.0
2022-05-31T05:00:00.000,subway,602,"14 St-Union Sq (L,N,Q,R,W,4,5,6)",Manhattan,metrocard,Metrocard - Students,3.0,0.0
2022-05-31T22:00:00.000,subway,329,Rector St (1),Manhattan,metrocard,Metrocard - Other,3.0,0.0
2022-05-31T21:00:00.000,subway,144,Dyckman St (A),Manhattan,metrocard,Metrocard - Full Fare,7.0,0.0
2022-05-31T17:00:00.000,subway,162,"50 St (C,E)",Manhattan,metrocard,Metrocard - Seniors & Disability,22.0,2.0
2022-05-31T10:00:00.000,subway,145,190 St (A),Manhattan,metrocard,Metrocard - Seniors & Disability,12.0,0.0
2022-05-31T06:00:00.000,subway,147,175 St (A),Manhattan,metrocard,Metrocard - Fair Fare,14.0,0.0
2022-05-31T05:00:00.000,subway,155,"Cathedral Pkwy (110 St) (C,B)",Manhattan,metrocard,Metrocard - Seniors & Disability,1.0,0.0
2022-05-31T18:00:00.000,subway,601,"14 St (F,M,1,2,3)/6 Av (L)",Manhattan,metrocard,Metrocard - Students,62.0,3.0
2022-05-31T13:00:00.000,subway,327,"Chambers St (1,2,3)",Manhattan,metrocard,Metrocard - Seniors & Disability,20.0,0.0
2022-05-31T18:00:00.000,subway,157,"96 St (C,B)",Manhattan,metrocard,Metrocard - Seniors & Disability,28.0,7.0
2022-05-31T13:00:00.000,subway,16,"8 St-NYU (R,W)",Manhattan,metrocard,Metrocard - Full Fare,82.0,2.0
2022-05-31T10:00:00.000,subway,409,Spring St (6),Manhattan,metrocard,Metrocard - Other,2.0,0.0
2022-05-31T05:00:00.000,subway,9,"57 St-7 Av (N,Q,R,W)",Manhattan,metrocard,Metrocard - Seniors & Disability,3.0,0.0
2022-05-31T08:00:00.000,subway,414,"Bowling Green (4,5)",Manhattan,metrocard,Metrocard - Unlimited 7-Day,66.0,0.0
2022-05-31T14:00:00.000,subway,333,"Wall St (2,3)",Manhattan,metrocard,Metrocard - Students,13.0,0.0
2022-05-31T19:00:00.000,subway,327,"Chambers St (1,2,3)",Manhattan,omny,OMNY - Full Fare,281.0,0.0
2022-05-31T20:00:00.000,subway,16,"8 St-NYU (R,W)",Manhattan,omny,OMNY - Full Fare,210.0,0.0
2022-05-31T15:00:00.000,subway,149,163 St-Amsterdam Av (C),Manhattan,metrocard,Metrocard - Unlimited 30-Day,21.0,0.0
2022-05-31T20:00:00.000,subway,144,Dyckman St (A),Manhattan,metrocard,Metrocard - Seniors & Disability,1.0,0.0
2022-05-31T20:00:00.000,subway,13,"28 St (R,W)",Manhattan,metrocard,Metrocard - Fair Fare,2.0,0.0
2022-05-31T15:00:00.000,subway,160,"72 St (C,B)",Manhattan,metrocard,Metrocard - Unlimited 7-Day,94.0,0.0
2022-05-31T19:00:00.000,subway,405,23 St (6),Manhattan,metrocard,Metrocard - Unlimited 30-Day,94.0,0.0
2022-05-31T11:00:00.000,subway,143,Inwood-207 St (A),Manhattan,metrocard,Metrocard - Fair Fare,14.0,1.0
2022-05-31T03:00:00.000,subway,154,"116 St (C,B)",Manhattan,metrocard,Metrocard - Unlimited 7-Day,1.0,0.0
2022-05-31T22:00:00.000,subway,407,Astor Pl (6),Manhattan,metrocard,Metrocard - Other,11.0,0.0
2022-05-31T16:00:00.000,subway,150,155 St (C),Manhattan,metrocard,Metrocard - Students,6.0,1.0
2022-05-31T11:00:00.000,subway,601,"14 St (F,M,1,2,3)/6 Av (L)",Manhattan,metrocard,Metrocard - Students,18.0,0.0
2022-05-31T13:00:00.000,subway,14,"23 St (R,W)",Manhattan,metrocard,Metrocard - Seniors & Disability,27.0,4.0
2022-05-31T04:00:00.000,subway,605,"168 St (A,C,1)",Manhattan,metrocard,Metrocard - Unlimited 7-Day,19.0,0.0
2022-05-31T07:00:00.000,subway,16,"8 St-NYU (R,W)",Manhattan,metrocard,Metrocard - Full Fare,46.0,2.0
2022-05-31T12:00:00.000,subway,413,"Wall St (4,5)",Manhattan,metrocard,Metrocard - Full Fare,95.0,3.0
2022-05-31T15:00:00.000,subway,328,WTC Cortlandt (1),Manhattan,metrocard,Metrocard - Unlimited 7-Day,109.0,0.0
2022-05-31T20:00:00.000,subway,328,WTC Cortlandt (1),Manhattan,metrocard,Metrocard - Seniors & Disability,7.0,0.0
2022-05-31T05:00:00.000,subway,147,175 St (A),Manhattan,metrocard,Metrocard - Unlimited 7-Day,46.0,0.0
2022-05-31T16:00:00.000,subway,607,"34 St-Herald Sq (B,D,F,M,N,Q,R,W)",Manhattan,metrocard,Metrocard - Fair Fare,127.0,2.0
2022-05-31T15:00:00.000,subway,159,"81 St-Museum of Natural History (C,B)",Manhattan,metrocard,Metrocard - Unlimited 30-Day,84.0,0.0
2022-05-31T01:00:00.000,subway,602,"14 St-Union Sq (L,N,Q,R,W,4,5,6)",Manhattan,metrocard,Metrocard - Students,1.0,0.0
2022-05-31T05:00:00.000,subway,9,"57 St-7 Av (N,Q,R,W)",Manhattan,metrocard,Metrocard - Other,3.0,0.0
2022-05-31T00:00:00.000,subway,602,"14 St-Union Sq (L,N,Q,R,W,4,5,6)",Manhattan,metrocard,Metrocard - Full Fare,71.0,2.0
2022-05-31T08:00:00.000,subway,158,"86 St (C,B)",Manhattan,metrocard,Metrocard - Other,44.0,0.0
2022-05-31T10:00:00.000,subway,160,"72 St (C,B)",Manhattan,omny,OMNY - Full Fare,62.0,1.0
2022-05-31T22:00:00.000,subway,151,"145 St (A,C,B,D)",Manhattan,omny,OMNY - Full Fare,30.0,0.0
2022-05-31T15:00:00.000,subway,146,181 St (A),Manhattan,metrocard,Metrocard - Students,20.0,1.0
2022-05-31T04:00:00.000,subway,143,Inwood-207 St (A),Manhattan,metrocard,Metrocard - Fair Fare,1.0,0.0
2022-05-31T15:00:00.000,subway,328,WTC Cortlandt (1),Manhattan,metrocard,Metrocard - Unlimited 30-Day,24.0,0.0
2022-05-31T22:00:00.000,subway,153,"125 St (A,C,B,D)",Manhattan,metrocard,Metrocard - Fair Fare,21.0,1.0
2022-05-31T04:00:00.000,subway,149,163 St-Amsterdam Av (C),Manhattan,metrocard,Metrocard - Unlimited 30-Day,5.0,0.0
2022-05-31T12:00:00.000,subway,414,"Bowling Green (4,5)",Manhattan,omny,OMNY - Seniors & Disability,1.0,0.0
2022-05-31T20:00:00.000,subway,609,"Bryant Pk (B,D,F,M)/5 Av (7)",Manhattan,metrocard,Metrocard - Fair Fare,50.0,0.0
2022-05-31T09:00:00.000,subway,413,"Wall St (4,5)",Manhattan,metrocard,Metrocard - Other,20.0,2.0
2022-05-31T05:00:00.000,subway,151,"145 St (A,C,B,D)",Manhattan,metrocard,Metrocard - Other,34.0,0.0
2022-05-31T12:00:00.000,subway,333,"Wall St (2,3)",Manhattan,metrocard,Metrocard - Full Fare,72.0,2.0
2022-05-31T00:00:00.000,subway,414,"Bowling Green (4,5)",Manhattan,metrocard,Metrocard - Unlimited 30-Day,4.0,0.0
2022-05-31T06:00:00.000,subway,14,"23 St (R,W)",Manhattan,omny,OMNY - Full Fare,27.0,3.0
2022-05-31T06:00:00.000,subway,159,"81 St-Museum of Natural History (C,B)",Manhattan,metrocard,Metrocard - Seniors & Disability,3.0,0.0
2022-05-31T16:00:00.000,subway,152,"135 St (C,B)",Manhattan,metrocard,Metrocard - Full Fare,62.0,3.0
2022-05-31T17:00:00.000,subway,605,"168 St (A,C,1)",Manhattan,omny,OMNY - Full Fare,769.0,2.0
2022-05-31T10:00:00.000,subway,9,"57 St-7 Av (N,Q,R,W)",Manhattan,metrocard,Metrocard - Full Fare,141.0,4.0
2022-05-31T10:00:00.000,subway,602,"14 St-Union Sq (L,N,Q,R,W,4,5,6)",Manhattan,metrocard,Metrocard - Unlimited 7-Day,120.0,0.0
2022-05-31T02:00:00.000,subway,605,"168 St (A,C,1)",Manhattan,metrocard,Metrocard - Unlimited 30-Day,2.0,0.0
2022-05-31T03:00:00.000,subway,151,"145 St (A,C,B,D)",Manhattan,omny,OMNY - Full Fare,4.0,0.0
2022-05-31T10:00:00.000,subway,158,"86 St (C,B)",Manhattan,omny,OMNY - Full Fare,104.0,10.0
2022-05-31T14:00:00.000,subway,153,"125 St (A,C,B,D)",Manhattan,metrocard,Metrocard - Other,66.0,2.0
2022-05-31T21:00:00.000,subway,150,155 St (C),Manhattan,metrocard,Metrocard - Unlimited 30-Day,2.0,0.0
2022-05-31T02:00:00.000,subway,149,163 St-Amsterdam Av (C),Manhattan,metrocard,Metrocard - Other,1.0,0.0
2022-05-31T15:00:00.000,subway,145,190 St (A),Manhattan,metrocard,Metrocard - Unlimited 7-Day,15.0,0.0
2022-05-31T18:00:00.000,subway,155,"Cathedral Pkwy (110 St) (C,B)",Manhattan,metrocard,Metrocard - Unlimited 7-Day,42.0,0.0
2022-05-31T06:00:00.000,subway,162,"50 St (C,E)",Manhattan,metrocard,Metrocard - Students,3.0,1.0
2022-05-31T22:00:00.000,subway,157,"96 St (C,B)",Manhattan,metrocard,Metrocard - Full Fare,9.0,1.0
2022-05-31T13:00:00.000,subway,607,"34 St-Herald Sq (B,D,F,M,N,Q,R,W)",Manhattan,omny,OMNY - Full Fare,899.0,13.0
2022-05-31T21:00:00.000,subway,605,"168 St (A,C,1)",Manhattan,metrocard,Metrocard - Fair Fare,15.0,0.0
2022-05-31T05:00:00.000,subway,601,"14 St (F,M,1,2,3)/6 Av (L)",Manhattan,metrocard,Metrocard - Seniors & Disability,7.0,1.0
2022-05-31T22:00:00.000,subway,162,"50 St (C,E)",Manhattan,metrocard,Metrocard - Seniors & Disability,13.0,0.0
2022-05-31T05:00:00.000,subway,601,"14 St (F,M,1,2,3)/6 Av (L)",Manhattan,metrocard,Metrocard - Unlimited 30-Day,5.0,0.0
2022-05-31T08:00:00.000,subway,158,"86 St (C,B)",Manhattan,metrocard,Metrocard - Full Fare,160.0,9.0
2022-05-31T06:00:00.000,subway,16,"8 St-NYU (R,W)",Manhattan,metrocard,Metrocard - Full Fare,9.0,0.0
2022-05-31T14:00:00.000,subway,160,"72 St (C,B)",Manhattan,metrocard,Metrocard - Full Fare,81.0,7.0
2022-05-31T09:00:00.000,subway,151,"145 St (A,C,B,D)",Manhattan,metrocard,Metrocard - Full Fare,182.0,5.0
2022-05-31T08:00:00.000,subway,413,"Wall St (4,5)",Manhattan,metrocard,Metrocard - Unlimited 7-Day,37.0,0.0
2022-05-31T05:00:00.000,subway,165,"23 St (C,E)",Manhattan,omny,OMNY - Full Fare,9.0,0.0
2022-05-31T17:00:00.000,subway,157,"96 St (C,B)",Manhattan,metrocard,Metrocard - Other,35.0,3.0
2022-05-31T20:00:00.000,subway,16,"8 St-NYU (R,W)",Manhattan,metrocard,Metrocard - Other,15.0,0.0
2022-05-31T00:00:00.000,subway,152,"135 St (C,B)",Manhattan,omny,OMNY - Full Fare,2.0,0.0
2022-05-31T15:00:00.000,subway,159,"81 St-Museum of Natural History (C,B)",Manhattan,metrocard,Metrocard - Other,25.0,2.0
2022-05-31T10:00:00.000,subway,144,Dyckman St (A),Manhattan,metrocard,Metrocard - Seniors & Disability,10.0,1.0
2022-05-31T09:00:00.000,subway,414,"Bowling Green (4,5)",Manhattan,metrocard,Metrocard - Students,13.0,4.0
2022-05-31T17:00:00.000,subway,407,Astor Pl (6),Manhattan,metrocard,Metrocard - Seniors & Disability,12.0,0.0
2022-05-31T09:00:00.000,subway,153,"125 St (A,C,B,D)",Manhattan,metrocard,Metrocard - Students,57.0,6.0
2022-05-31T10:00:00.000,subway,607,"34 St-Herald Sq (B,D,F,M,N,Q,R,W)",Manhattan,metrocard,Metrocard - Unlimited 7-Day,257.0,0.0
2022-05-31T18:00:00.000,subway,147,175 St (A),Manhattan,omny,OMNY - Full Fare,156.0,4.0
2022-05-31T17:00:00.000,subway,152,"135 St (C,B)",Manhattan,metrocard,Metrocard - Unlimited 7-Day,29.0,0.0
2022-05-31T15:00:00.000,subway,149,163 St-Amsterdam Av (C),Manhattan,metrocard,Metrocard - Fair Fare,12.0,0.0
2022-05-31T12:00:00.000,subway,405,23 St (6),Manhattan,metrocard,Metrocard - Unlimited 7-Day,78.0,0.0
2022-05-31T20:00:00.000,subway,147,175 St (A),Manhattan,omny,OMNY - Full Fare,47.0,0.0
2022-05-31T16:00:00.000,subway,162,"50 St (C,E)",Manhattan,metrocard,Metrocard - Other,49.0,1.0
2022-05-31T16:00:00.000,subway,329,Rector St (1),Manhattan,omny,OMNY - Full Fare,131.0,2.0
2022-05-31T19:00:00.000,subway,326,Franklin St (1),Manhattan,omny,OMNY - Full Fare,89.0,0.0
2022-05-31T05:00:00.000,subway,16,"8 St-NYU (R,W)",Manhattan,metrocard,Metrocard - Unlimited 7-Day,4.0,0.0
2022-05-31T21:00:00.000,subway,158,"86 St (C,B)",Manhattan,omny,OMNY - Full Fare,55.0,4.0
2022-05-31T10:00:00.000,subway,13,"28 St (R,W)",Manhattan,metrocard,Metrocard - Other,6.0,0.0
2022-05-31T20:00:00.000,subway,333,"Wall St (2,3)",Manhattan,metrocard,Metrocard - Seniors & Disability,9.0,0.0
2022-05-31T21:00:00.000,subway,157,"96 St (C,B)",Manhattan,metrocard,Metrocard - Seniors & Disability,1.0,1.0
2022-05-31T13:00:00.000,subway,151,"145 St (A,C,B,D)",Manhattan,metrocard,Metrocard - Seniors & Disability,18.0,5.0
2022-05-31T15:00:00.000,subway,409,Spring St (6),Manhattan,metrocard,Metrocard - Other,10.0,0.0
2022-05-31T23:00:00.000,subway,414,"Bowling Green (4,5)",Manhattan,metrocard,Metrocard - Full Fare,46.0,0.0
2022-05-31T17:00:00.000,subway,605,"168 St (A,C,1)",Manhattan,metrocard,Metrocard - Seniors & Disability,54.0,0.0
2022-05-31T15:00:00.000,subway,9,"57 St-7 Av (N,Q,R,W)",Manhattan,metrocard,Metrocard - Fair Fare,34.0,2.0
2022-05-31T06:00:00.000,subway,149,163 St-Amsterdam Av (C),Manhattan,metrocard,Metrocard - Fair Fare,9.0,0.0
2022-05-31T09:00:00.000,subway,607,"34 St-Herald Sq (B,D,F,M,N,Q,R,W)",Manhattan,metrocard,Metrocard - Students,21.0,1.0
2022-05-31T16:00:00.000,subway,144,Dyckman St (A),Manhattan,metrocard,Metrocard - Students,24.0,1.0
2022-05-31T14:00:00.000,subway,145,190 St (A),Manhattan,metrocard,Metrocard - Full Fare,37.0,1.0
2022-05-31T10:00:00.000,subway,329,Rector St (1),Manhattan,metrocard,Metrocard - Other,7.0,1.0
2022-05-31T14:00:00.000,subway,159,"81 St-Museum of Natural History (C,B)",Manhattan,metrocard,Metrocard - Full Fare,139.0,18.0
2022-05-31T06:00:00.000,subway,14,"23 St (R,W)",Manhattan,metrocard,Metrocard - Fair Fare,4.0,0.0
2022-05-31T21:00:00.000,subway,152,"135 St (C,B)",Manhattan,metrocard,Metrocard - Other,3.0,0.0
2022-05-31T20:00:00.000,subway,413,"Wall St (4,5)",Manhattan,metrocard,Metrocard - Unlimited 7-Day,29.0,0.0
2022-05-31T07:00:00.000,subway,152,"135 St (C,B)",Manhattan,metrocard,Metrocard - Full Fare,59.0,6.0
2022-05-31T06:00:00.000,subway,144,Dyckman St (A),Manhattan,metrocard,Metrocard - Full Fare,57.0,0.0
2022-05-31T19:00:00.000,subway,601,"14 St (F,M,1,2,3)/6 Av (L)",Manhattan,metrocard,Metrocard - Other,77.0,0.0
2022-05-31T15:00:00.000,subway,601,"14 St (F,M,1,2,3)/6 Av (L)",Manhattan,metrocard,Metrocard - Fair Fare,45.0,3.0
2022-05-31T08:00:00.000,subway,156,"103 St (C,B)",Manhattan,metrocard,Metrocard - Unlimited 7-Day,27.0,0.0
2022-05-31T07:00:00.000,subway,147,175 St (A),Manhattan,metrocard,Metrocard - Other,29.0,0.0
2022-05-31T21:00:00.000,subway,143,Inwood-207 St (A),Manhattan,metrocard,Metrocard - Unlimited 7-Day,5.0,0.0
2022-05-31T18:00:00.000,subway,159,"81 St-Museum of Natural History (C,B)",Manhattan,omny,OMNY - Full Fare,210.0,22.0
2022-05-31T09:00:00.000,subway,159,"81 St-Museum of Natural History (C,B)",Manhattan,metrocard,Metrocard - Full Fare,66.0,5.0
2022-05-31T07:00:00.000,subway,14,"23 St (R,W)",Manhattan,metrocard,Metrocard - Full Fare,57.0,16.0
2022-05-31T22:00:00.000,subway,16,"8 St-NYU (R,W)",Manhattan,metrocard,Metrocard - Unlimited 7-Day,45.0,0.0
2022-05-31T09:00:00.000,subway,9,"57 St-7 Av (N,Q,R,W)",Manhattan,metrocard,Metrocard - Unlimited 30-Day,86.0,0.0
2022-05-31T14:00:00.000,subway,158,"86 St (C,B)",Manhattan,metrocard,Metrocard - Other,17.0,0.0
2022-05-31T15:00:00.000,subway,156,"103 St (C,B)",Manhattan,omny,OMNY - Full Fare,53.0,0.0
2022-05-31T20:00:00.000,subway,152,"135 St (C,B)",Manhattan,metrocard,Metrocard - Full Fare,17.0,0.0
2022-05-31T23:00:00.000,subway,9,"57 St-7 Av (N,Q,R,W)",Manhattan,omny,OMNY - Full Fare,209.0,0.0
2022-05-31T09:00:00.000,subway,162,"50 St (C,E)",Manhattan,metrocard,Metrocard - Students,13.0,1.0
2022-05-31T05:00:00.000,subway,153,"125 St (A,C,B,D)",Manhattan,metrocard,Metrocard - Full Fare,46.0,4.0
2022-05-31T20:00:00.000,subway,152,"135 St (C,B)",Manhattan,metrocard,Metrocard - Students,4.0,1.0
2022-05-31T13:00:00.000,subway,155,"Cathedral Pkwy (110 St) (C,B)",Manhattan,metrocard,Metrocard - Full Fare,46.0,2.0
2022-05-31T00:00:00.000,subway,14,"23 St (R,W)",Manhattan,metrocard,Metrocard - Seniors & Disability,4.0,1.0
2022-05-31T16:00:00.000,subway,154,"116 St (C,B)",Manhattan,metrocard,Metrocard - Unlimited 7-Day,49.0,0.0
2022-05-31T07:00:00.000,subway,16,"8 St-NYU (R,W)",Manhattan,metrocard,Metrocard - Students,24.0,0.0
2022-05-31T04:00:00.000,subway,154,"116 St (C,B)",Manhattan,omny,OMNY - Full Fare,3.0,0.0
2022-05-31T20:00:00.000,subway,413,"Wall St (4,5)",Manhattan,metrocard,Metrocard - Other,13.0,0.0
2022-05-31T17:00:00.000,subway,159,"81 St-Museum of Natural History (C,B)",Manhattan,metrocard,Metrocard - Unlimited 7-Day,99.0,0.0
2022-05-31T16:00:00.000,subway,602,"14 St-Union Sq (L,N,Q,R,W,4,5,6)",Manhattan,metrocard,Metrocard - Other,251.0,4.0
2022-05-31T14:00:00.000,subway,414,"Bowling Green (4,5)",Manhattan,omny,OMNY - Full Fare,214.0,13.0
2022-05-31T23:00:00.000,subway,601,"14 St (F,M,1,2,3)/6 Av (L)",Manhattan,metrocard,Metrocard - Full Fare,114.0,4.0
2022-05-31T14:00:00.000,subway,154,"116 St (C,B)",Manhattan,metrocard,Metrocard - Students,46.0,6.0
2022-05-31T01:00:00.000,subway,16,"8 St-NYU (R,W)",Manhattan,metrocard,Metrocard - Fair Fare,1.0,0.0
2022-05-31T03:00:00.000,subway,159,"81 St-Museum of Natural History (C,B)",Manhattan,metrocard,Metrocard - Fair Fare,1.0,0.0
2022-05-31T17:00:00.000,subway,160,"72 St (C,B)",Manhattan,metrocard,Metrocard - Other,14.0,1.0
2022-05-31T16:00:00.000,subway,414,"Bowling Green (4,5)",Manhattan,metrocard,Metrocard - Fair Fare,37.0,5.0
2022-05-31T10:00:00.000,subway,160,"72 St (C,B)",Manhattan,metrocard,Metrocard - Fair Fare,2.0,0.0
2022-05-31T15:00:00.000,subway,155,"Cathedral Pkwy (110 St) (C,B)",Manhattan,metrocard,Metrocard - Unlimited 30-Day,44.0,0.0
2022-05-31T23:00:00.000,subway,162,"50 St (C,E)",Manhattan,metrocard,Metrocard - Unlimited 30-Day,24.0,0.0
2022-05-31T00:00:00.000,subway,156,"103 St (C,B)",Manhattan,metrocard,Metrocard - Full Fare,3.0,0.0
2022-05-31T12:00:00.000,subway,16,"8 St-NYU (R,W)",Manhattan,metrocard,Metrocard - Unlimited 7-Day,20.0,0.0
2022-05-31T16:00:00.000,subway,414,"Bowling Green (4,5)",Manhattan,omny,OMNY - Full Fare,476.0,17.0
2022-05-31T08:00:00.000,subway,151,"145 St (A,C,B,D)",Manhattan,metrocard,Metrocard - Students,175.0,1.0
2022-05-31T07:00:00.000,subway,150,155 St (C),Manhattan,omny,OMNY - Full Fare,33.0,1.0
2022-05-31T00:00:00.000,subway,14,"23 St (R,W)",Manhattan,metrocard,Metrocard - Other,1.0,0.0
2022-05-31T10:00:00.000,subway,409,Spring St (6),Manhattan,metrocard,Metrocard - Fair Fare,3.0,0.0
2022-05-31T07:00:00.000,subway,601,"14 St (F,M,1,2,3)/6 Av (L)",Manhattan,metrocard,Metrocard - Unlimited 7-Day,44.0,0.0
2022-05-31T04:00:00.000,subway,152,"135 St (C,B)",Manhattan,omny,OMNY - Full Fare,2.0,0.0
2022-05-31T13:00:00.000,subway,9,"57 St-7 Av (N,Q,R,W)",Manhattan,metrocard,Metrocard - Students,19.0,0.0
2022-05-31T14:00:00.000,subway,414,"Bowling Green (4,5)",Manhattan,metrocard,Metrocard - Students,42.0,0.0
2022-05-31T11:00:00.000,subway,327,"Chambers St (1,2,3)",Manhattan,metrocard,Metrocard - Students,6.0,0.0
2022-05-31T19:00:00.000,subway,156,"103 St (C,B)",Manhattan,metrocard,Metrocard - Unlimited 7-Day,10.0,0.0
2022-05-31T17:00:00.000,subway,413,"Wall St (4,5)",Manhattan,metrocard,Metrocard - Unlimited 30-Day,199.0,0.0
2022-05-31T23:00:00.000,subway,159,"81 St-Museum of Natural History (C,B)",Manhattan,metrocard,Metrocard - Unlimited 30-Day,13.0,0.0
2022-05-31T01:00:00.000,subway,327,"Chambers St (1,2,3)",Manhattan,metrocard,Metrocard - Fair Fare,1.0,0.0
2022-05-31T19:00:00.000,subway,159,"81 St-Museum of Natural History (C,B)",Manhattan,metrocard,Metrocard - Full Fare,69.0,9.0
2022-05-31T21:00:00.000,subway,154,"116 St (C,B)",Manhattan,metrocard,Metrocard - Full Fare,23.0,4.0
2022-05-31T17:00:00.000,subway,16,"8 St-NYU (R,W)",Manhattan,metrocard,Metrocard - Other,46.0,0.0
2022-05-31T22:00:00.000,subway,13,"28 St (R,W)",Manhattan,metrocard,Metrocard - Unlimited 30-Day,11.0,0.0
2022-05-31T15:00:00.000,subway,333,"Wall St (2,3)",Manhattan,metrocard,Metrocard - Fair Fare,16.0,0.0
2022-05-31T07:00:00.000,subway,153,"125 St (A,C,B,D)",Manhattan,omny,OMNY - Full Fare,258.0,7.0
2022-05-31T08:00:00.000,subway,405,23 St (6),Manhattan,metrocard,Metrocard - Seniors & Disability,24.0,7.0
2022-05-31T21:00:00.000,subway,160,"72 St (C,B)",Manhattan,metrocard,Metrocard - Full Fare,38.0,2.0
2022-05-31T11:00:00.000,subway,13,"28 St (R,W)",Manhattan,metrocard,Metrocard - Unlimited 30-Day,22.0,0.0
2022-05-31T13:00:00.000,subway,145,190 St (A),Manhattan,metrocard,Metrocard - Unlimited 30-Day,12.0,0.0
2022-05-31T03:00:00.000,subway,601,"14 St (F,M,1,2,3)/6 Av (L)",Manhattan,metrocard,Metrocard - Fair Fare,2.0,0.0
2022-05-31T06:00:00.000,subway,13,"28 St (R,W)",Manhattan,metrocard,Metrocard - Full Fare,5.0,0.0
2022-05-31T21:00:00.000,subway,602,"14 St-Union Sq (L,N,Q,R,W,4,5,6)",Manhattan,metrocard,Metrocard - Unlimited 7-Day,263.0,0.0
2022-05-31T15:00:00.000,subway,16,"8 St-NYU (R,W)",Manhattan,metrocard,Metrocard - Unlimited 7-Day,102.0,0.0
2022-05-31T16:00:00.000,subway,407,Astor Pl (6),Manhattan,omny,OMNY - Full Fare,273.0,2.0
2022-05-31T04:00:00.000,subway,146,181 St (A),Manhattan,metrocard,Metrocard - Full Fare,8.0,0.0
2022-05-31T07:00:00.000,subway,157,"96 St (C,B)",Manhattan,metrocard,Metrocard - Full Fare,62.0,10.0
2022-05-31T15:00:00.000,subway,405,23 St (6),Manhattan,metrocard,Metrocard - Other,41.0,2.0
2022-05-31T18:00:00.000,subway,601,"14 St (F,M,1,2,3)/6 Av (L)",Manhattan,metrocard,Metrocard - Fair Fare,52.0,2.0
2022-05-31T03:00:00.000,subway,147,175 St (A),Manhattan,metrocard,Metrocard - Full Fare,3.0,0.0
2022-05-31T15:00:00.000,subway,607,"34 St-Herald Sq (B,D,F,M,N,Q,R,W)",Manhattan,metrocard,Metrocard - Full Fare,1195.0,29.0
2022-05-31T08:00:00.000,subway,162,"50 St (C,E)",Manhattan,metrocard,Metrocard - Fair Fare,16.0,0.0
2022-05-31T02:00:00.000,subway,153,"125 St (A,C,B,D)",Manhattan,metrocard,Metrocard - Seniors & Disability,2.0,0.0
2022-05-31T20:00:00.000,subway,146,181 St (A),Manhattan,metrocard,Metrocard - Unlimited 7-Day,13.0,0.0
2022-05-31T13:00:00.000,subway,13,"28 St (R,W)",Manhattan,metrocard,Metrocard - Seniors & Disability,11.0,0.0
2022-05-31T20:00:00.000,subway,601,"14 St (F,M,1,2,3)/6 Av (L)",Manhattan,metrocard,Metrocard - Fair Fare,42.0,1.0
2022-05-31T23:00:00.000,subway,414,"Bowling Green (4,5)",Manhattan,metrocard,Metrocard - Unlimited 7-Day,26.0,0.0
2022-05-31T05:00:00.000,subway,150,155 St (C),Manhattan,metrocard,Metrocard - Fair Fare,2.0,0.0
2022-05-31T20:00:00.000,subway,329,Rector St (1),Manhattan,metrocard,Metrocard - Fair Fare,3.0,0.0
2022-05-31T16:00:00.000,subway,407,Astor Pl (6),Manhattan,metrocard,Metrocard - Unlimited 30-Day,81.0,0.0
2022-05-31T22:00:00.000,subway,162,"50 St (C,E)",Manhattan,metrocard,Metrocard - Full Fare,82.0,0.0
2022-05-31T11:00:00.000,subway,158,"86 St (C,B)",Manhattan,metrocard,Metrocard - Seniors & Disability,22.0,3.0
2022-05-31T18:00:00.000,subway,146,181 St (A),Manhattan,omny,OMNY - Full Fare,75.0,0.0
2022-05-31T21:00:00.000,subway,407,Astor Pl (6),Manhattan,metrocard,Metrocard - Fair Fare,11.0,0.0
2022-05-31T16:00:00.000,subway,413,"Wall St (4,5)",Manhattan,metrocard,Metrocard - Fair Fare,25.0,0.0
2022-05-31T14:00:00.000,subway,149,163 St-Amsterdam Av (C),Manhattan,metrocard,Metrocard - Seniors & Disability,6.0,0.0
2022-05-31T14:00:00.000,subway,162,"50 St (C,E)",Manhattan,omny,OMNY - Full Fare,174.0,2.0
2022-05-31T14:00:00.000,subway,143,Inwood-207 St (A),Manhattan,metrocard,Metrocard - Seniors & Disability,22.0,6.0
2022-05-31T14:00:00.000,subway,159,"81 St-Museum of Natural History (C,B)",Manhattan,metrocard,Metrocard - Students,57.0,1.0
2022-05-31T05:00:00.000,subway,13,"28 St (R,W)",Manhattan,omny,OMNY - Full Fare,3.0,0.0
2022-05-31T18:00:00.000,subway,409,Spring St (6),Manhattan,metrocard,Metrocard - Full Fare,116.0,0.0
2022-05-31T17:00:00.000,subway,147,175 St (A),Manhattan,metrocard,Metrocard - Students,24.0,1.0
2022-05-31T19:00:00.000,subway,14,"23 St (R,W)",Manhattan,metrocard,Metrocard - Unlimited 30-Day,105.0,0.0
2022-05-31T02:00:00.000,subway,607,"34 St-Herald Sq (B,D,F,M,N,Q,R,W)",Manhattan,metrocard,Metrocard - Unlimited 7-Day,18.0,0.0
2022-05-31T15:00:00.000,subway,13,"28 St (R,W)",Manhattan,metrocard,Metrocard - Fair Fare,14.0,0.0
2022-05-31T02:00:00.000,subway,605,"168 St (A,C,1)",Manhattan,metrocard,Metrocard - Full Fare,3.0,0.0
2022-05-31T09:00:00.000,subway,145,190 St (A),Manhattan,metrocard,Metrocard - Students,6.0,0.0
2022-05-31T20:00:00.000,subway,144,Dyckman St (A),Manhattan,metrocard,Metrocard - Unlimited 7-Day,12.0,0.0
2022-05-31T18:00:00.000,subway,409,Spring St (6),Manhattan,metrocard,Metrocard - Seniors & Disability,4.0,0.0
2022-05-31T15:00:00.000,subway,154,"116 St (C,B)",Manhattan,metrocard,Metrocard - Students,64.0,14.0
2022-05-31T09:00:00.000,subway,160,"72 St (C,B)",Manhattan,metrocard,Metrocard - Seniors & Disability,17.0,1.0
2022-05-31T06:00:00.000,subway,155,"Cathedral Pkwy (110 St) (C,B)",Manhattan,metrocard,Metrocard - Unlimited 30-Day,33.0,0.0
2022-05-31T11:00:00.000,subway,333,"Wall St (2,3)",Manhattan,omny,OMNY - Full Fare,105.0,0.0
2022-05-31T15:00:00.000,subway,328,WTC Cortlandt (1),Manhattan,metrocard,Metrocard - Full Fare,214.0,0.0
2022-05-31T04:00:00.000,subway,601,"14 St (F,M,1,2,3)/6 Av (L)",Manhattan,metrocard,Metrocard - Other,8.0,0.0
2022-05-31T06:00:00.000,subway,153,"125 St (A,C,B,D)",Manhattan,metrocard,Metrocard - Unlimited 30-Day,87.0,0.0
2022-05-31T22:00:00.000,subway,144,Dyckman St (A),Manhattan,metrocard,Metrocard - Fair Fare,3.0,0.0
2022-05-31T16:00:00.000,subway,601,"14 St (F,M,1,2,3)/6 Av (L)",Manhattan,metrocard,Metrocard - Unlimited 30-Day,288.0,0.0
2022-05-31T14:00:00.000,subway,149,163 St-Amsterdam Av (C),Manhattan,metrocard,Metrocard - Students,3.0,0.0
2022-05-31T05:00:00.000,subway,407,Astor Pl (6),Manhattan,metrocard,Metrocard - Other,1.0,0.0
2022-05-31T23:00:00.000,subway,162,"50 St (C,E)",Manhattan,metrocard,Metrocard - Unlimited 7-Day,49.0,0.0
2022-05-31T20:00:00.000,subway,224,57 St (F),Manhattan,omny,OMNY - Full Fare,183.0,2.0
2022-05-31T17:00:00.000,subway,327,"Chambers St (1,2,3)",Manhattan,metrocard,Metrocard - Other,83.0,1.0
2022-05-31T04:00:00.000,subway,607,"34 St-Herald Sq (B,D,F,M,N,Q,R,W)",Manhattan,metrocard,Metrocard - Other,14.0,0.0
2022-05-31T09:00:00.000,subway,149,163 St-Amsterdam Av (C),Manhattan,metrocard,Metrocard - Other,7.0,0.0
2022-05-31T14:00:00.000,subway,156,"103 St (C,B)",Manhattan,metrocard,Metrocard - Full Fare,29.0,1.0
2022-05-31T15:00:00.000,subway,154,"116 St (C,B)",Manhattan,metrocard,Metrocard - Fair Fare,20.0,2.0
2022-05-31T10:00:00.000,subway,147,175 St (A),Manhattan,metrocard,Metrocard - Unlimited 7-Day,45.0,0.0
2022-05-31T23:00:00.000,subway,150,155 St (C),Manhattan,metrocard,Metrocard - Full Fare,1.0,0.0
2022-05-31T12:00:00.000,subway,143,Inwood-207 St (A),Manhattan,metrocard,Metrocard - Full Fare,49.0,5.0
2022-05-31T23:00:00.000,subway,405,23 St (6),Manhattan,metrocard,Metrocard - Seniors & Disability,4.0,0.0
2022-05-31T09:00:00.000,subway,155,"Cathedral Pkwy (110 St) (C,B)",Manhattan,metrocard,Metrocard - Other,15.0,0.0
2022-05-31T22:00:00.000,subway,405,23 St (6),Manhattan,metrocard,Metrocard - Unlimited 7-Day,49.0,0.0
2022-05-31T17:00:00.000,subway,14,"23 St (R,W)",Manhattan,metrocard,Metrocard - Students,23.0,2.0
2022-05-31T15:00:00.000,subway,143,Inwood-207 St (A),Manhattan,metrocard,Metrocard - Students,18.0,1.0
2022-05-31T14:00:00.000,subway,328,WTC Cortlandt (1),Manhattan,omny,OMNY - Full Fare,110.0,2.0
2022-05-31T08:00:00.000,subway,158,"86 St (C,B)",Manhattan,metrocard,Metrocard - Unlimited 30-Day,102.0,0.0
2022-05-31T12:00:00.000,subway,160,"72 St (C,B)",Manhattan,metrocard,Metrocard - Other,4.0,0.0
2022-05-31T05:00:00.000,subway,160,"72 St (C,B)",Manhattan,metrocard,Metrocard - Unlimited 30-Day,2.0,0.0
2022-05-31T12:00:00.000,subway,409,Spring St (6),Manhattan,metrocard,Metrocard - Students,5.0,0.0
2022-05-31T14:00:00.000,subway,146,181 St (A),Manhattan,metrocard,Metrocard - Other,14.0,0.0
2022-05-31T10:00:00.000,subway,407,Astor Pl (6),Manhattan,metrocard,Metrocard - Full Fare,58.0,0.0
2022-05-31T15:00:00.000,subway,9,"57 St-7 Av (N,Q,R,W)",Manhattan,metrocard,Metrocard - Unlimited 7-Day,185.0,0.0
2022-05-31T15:00:00.000,subway,152,"135 St (C,B)",Manhattan,metrocard,Metrocard - Students,50.0,0.0
2022-05-31T23:00:00.000,subway,405,23 St (6),Manhattan,omny,OMNY - Full Fare,99.0,1.0
2022-05-31T14:00:00.000,subway,329,Rector St (1),Manhattan,metrocard,Metrocard - Unlimited 7-Day,47.0,0.0
2022-05-31T23:00:00.000,subway,602,"14 St-Union Sq (L,N,Q,R,W,4,5,6)",Manhattan,metrocard,Metrocard - Unlimited 7-Day,233.0,0.0
2022-05-31T09:00:00.000,subway,149,163 St-Amsterdam Av (C),Manhattan,metrocard,Metrocard - Seniors & Disability,5.0,0.0
2022-05-31T16:00:00.000,subway,9,"57 St-7 Av (N,Q,R,W)",Manhattan,metrocard,Metrocard - Seniors & Disability,69.0,10.0
2022-05-31T15:00:00.000,subway,162,"50 St (C,E)",Manhattan,metrocard,Metrocard - Fair Fare,27.0,0.0
2022-05-31T12:00:00.000,subway,16,"8 St-NYU (R,W)",Manhattan,metrocard,Metrocard - Students,3.0,0.0
2022-05-31T17:00:00.000,subway,333,"Wall St (2,3)",Manhattan,metrocard,Metrocard - Full Fare,755.0,0.0
2022-05-31T11:00:00.000,subway,601,"14 St (F,M,1,2,3)/6 Av (L)",Manhattan,omny,OMNY - Full Fare,282.0,7.0
2022-05-31T13:00:00.000,subway,143,Inwood-207 St (A),Manhattan,metrocard,Metrocard - Unlimited 30-Day,25.0,0.0
2022-05-31T18:00:00.000,subway,601,"14 St (F,M,1,2,3)/6 Av (L)",Manhattan,metrocard,Metrocard - Full Fare,515.0,5.0
2022-05-31T17:00:00.000,subway,413,"Wall St (4,5)",Manhattan,metrocard,Metrocard - Students,21.0,0.0
2022-05-31T10:00:00.000,subway,409,Spring St (6),Manhattan,metrocard,Metrocard - Unlimited 30-Day,16.0,0.0
2022-05-31T20:00:00.000,subway,150,155 St (C),Manhattan,omny,OMNY - Full Fare,5.0,0.0
2022-05-31T08:00:00.000,subway,602,"14 St-Union Sq (L,N,Q,R,W,4,5,6)",Manhattan,metrocard,Metrocard - Full Fare,439.0,43.0
2022-05-31T04:00:00.000,subway,328,WTC Cortlandt (1),Manhattan,omny,OMNY - Full Fare,1.0,0.0
2022-05-31T07:00:00.000,subway,157,"96 St (C,B)",Manhattan,metrocard,Metrocard - Fair Fare,1.0,0.0
2022-05-31T13:00:00.000,subway,413,"Wall St (4,5)",Manhattan,omny,OMNY - Full Fare,150.0,6.0
2022-05-31T13:00:00.000,subway,150,155 St (C),Manhattan,metrocard,Metrocard - Unlimited 7-Day,7.0,0.0
2022-05-31T01:00:00.000,subway,16,"8 St-NYU (R,W)",Manhattan,metrocard,Metrocard - Unlimited 30-Day,6.0,0.0
2022-05-31T00:00:00.000,subway,601,"14 St (F,M,1,2,3)/6 Av (L)",Manhattan,omny,OMNY - Full Fare,101.0,0.0
2022-05-31T06:00:00.000,subway,146,181 St (A),Manhattan,metrocard,Metrocard - Unlimited 30-Day,71.0,0.0
2022-05-31T08:00:00.000,subway,413,"Wall St (4,5)",Manhattan,omny,OMNY - Full Fare,337.0,11.0
2022-05-31T20:00:00.000,subway,162,"50 St (C,E)",Manhattan,metrocard,Metrocard - Unlimited 30-Day,49.0,0.0
2022-05-31T18:00:00.000,subway,605,"168 St (A,C,1)",Manhattan,metrocard,Metrocard - Students,35.0,0.0
2022-05-31T06:00:00.000,subway,602,"14 St-Union Sq (L,N,Q,R,W,4,5,6)",Manhattan,metrocard,Metrocard - Unlimited 30-Day,71.0,0.0
2022-05-31T02:00:00.000,subway,144,Dyckman St (A),Manhattan,metrocard,Metrocard - Other,1.0,1.0
2022-05-31T19:00:00.000,subway,158,"86 St (C,B)",Manhattan,metrocard,Metrocard - Unlimited 30-Day,56.0,0.0
2022-05-31T23:00:00.000,subway,152,"135 St (C,B)",Manhattan,omny,OMNY - Full Fare,2.0,0.0
2022-05-31T02:00:00.000,subway,155,"Cathedral Pkwy (110 St) (C,B)",Manhattan,metrocard,Metrocard - Fair Fare,1.0,0.0
2022-05-31T08:00:00.000,subway,14,"23 St (R,W)",Manhattan,metrocard,Metrocard - Seniors & Disability,4.0,1.0
2022-05-31T23:00:00.000,subway,14,"23 St (R,W)",Manhattan,omny,OMNY - Full Fare,92.0,3.0
2022-05-31T02:00:00.000,subway,157,"96 St (C,B)",Manhattan,omny,OMNY - Full Fare,1.0,0.0
2022-05-31T12:00:00.000,subway,405,23 St (6),Manhattan,metrocard,Metrocard - Other,28.0,1.0
2022-05-31T13:00:00.000,subway,327,"Chambers St (1,2,3)",Manhattan,metrocard,Metrocard - Full Fare,114.0,2.0
2022-05-31T06:00:00.000,subway,144,Dyckman St (A),Manhattan,metrocard,Metrocard - Unlimited 30-Day,37.0,0.0
2022-05-31T03:00:00.000,subway,602,"14 St-Union Sq (L,N,Q,R,W,4,5,6)",Manhattan,metrocard,Metrocard - Other,5.0,0.0
2022-05-31T17:00:00.000,subway,333,"Wall St (2,3)",Manhattan,omny,OMNY - Full Fare,878.0,0.0
2022-05-31T03:00:00.000,subway,145,190 St (A),Manhattan,metrocard,Metrocard - Fair Fare,1.0,0.0
2022-05-31T12:00:00.000,subway,13,"28 St (R,W)",Manhattan,metrocard,Metrocard - Students,1.0,0.0
2022-05-31T01:00:00.000,subway,607,"34 St-Herald Sq (B,D,F,M,N,Q,R,W)",Manhattan,omny,OMNY - Full Fare,48.0,0.0
2022-05-31T06:00:00.000,subway,150,155 St (C),Manhattan,metrocard,Metrocard - Fair Fare,7.0,0.0
2022-05-31T17:00:00.000,subway,327,"Chambers St (1,2,3)",Manhattan,metrocard,Metrocard - Fair Fare,25.0,0.0
2022-05-31T18:00:00.000,subway,333,"Wall St (2,3)",Manhattan,metrocard,Metrocard - Unlimited 7-Day,63.0,0.0
2022-05-31T12:00:00.000,subway,601,"14 St (F,M,1,2,3)/6 Av (L)",Manhattan,metrocard,Metrocard - Seniors & Disability,81.0,9.0
2022-05-31T19:00:00.000,subway,149,163 St-Amsterdam Av (C),Manhattan,metrocard,Metrocard - Unlimited 7-Day,17.0,0.0
2022-05-31T15:00:00.000,subway,155,"Cathedral Pkwy (110 St) (C,B)",Manhattan,metrocard,Metrocard - Full Fare,84.0,6.0
2022-05-31T19:00:00.000,subway,607,"34 St-Herald Sq (B,D,F,M,N,Q,R,W)",Manhattan,metrocard,Metrocard - Other,157.0,0.0
2022-05-31T10:00:00.000,subway,145,190 St (A),Manhattan,metrocard,Metrocard - Unlimited 7-Day,18.0,0.0
2022-05-31T19:00:00.000,subway,405,23 St (6),Manhattan,metrocard,Metrocard - Full Fare,130.0,2.0
2022-05-31T10:00:00.000,subway,143,Inwood-207 St (A),Manhattan,metrocard,Metrocard - Unlimited 7-Day,26.0,0.0
2022-05-31T19:00:00.000,subway,160,"72 St (C,B)",Manhattan,omny,OMNY - Full Fare,134.0,5.0
2022-05-31T19:00:00.000,subway,9,"57 St-7 Av (N,Q,R,W)",Manhattan,metrocard,Metrocard - Unlimited 30-Day,163.0,0.0
2022-05-31T07:00:00.000,subway,405,23 St (6),Manhattan,metrocard,Metrocard - Unlimited 30-Day,46.0,0.0
2022-05-31T23:00:00.000,subway,143,Inwood-207 St (A),Manhattan,omny,OMNY - Full Fare,10.0,0.0
2022-05-31T10:00:00.000,subway,333,"Wall St (2,3)",Manhattan,metrocard,Metrocard - Seniors & Disability,6.0,0.0
2022-05-31T05:00:00.000,subway,145,190 St (A),Manhattan,metrocard,Metrocard - Students,2.0,0.0
2022-05-31T16:00:00.000,subway,144,Dyckman St (A),Manhattan,metrocard,Metrocard - Unlimited 30-Day,25.0,0.0
2022-05-31T20:00:00.000,subway,147,175 St (A),Manhattan,metrocard,Metrocard - Seniors & Disability,1.0,0.0
2022-05-31T21:00:00.000,subway,144,Dyckman St (A),Manhattan,metrocard,Metrocard - Other,5.0,0.0
2022-05-31T04:00:00.000,subway,146,181 St (A),Manhattan,metrocard,Metrocard - Other,1.0,0.0
2022-05-31T06:00:00.000,subway,602,"14 St-Union Sq (L,N,Q,R,W,4,5,6)",Manhattan,metrocard,Metrocard - Fair Fare,15.0,1.0
2022-05-31T19:00:00.000,subway,146,181 St (A),Manhattan,metrocard,Metrocard - Full Fare,31.0,0.0
2022-05-31T18:00:00.000,subway,13,"28 St (R,W)",Manhattan,metrocard,Metrocard - Other,19.0,0.0
2022-05-31T10:00:00.000,subway,328,WTC Cortlandt (1),Manhattan,metrocard,Metrocard - Full Fare,120.0,0.0
2022-05-31T16:00:00.000,subway,158,"86 St (C,B)",Manhattan,metrocard,Metrocard - Full Fare,265.0,26.0
2022-05-31T18:00:00.000,subway,154,"116 St (C,B)",Manhattan,metrocard,Metrocard - Seniors & Disability,4.0,0.0
2022-05-31T08:00:00.000,subway,329,Rector St (1),Manhattan,metrocard,Metrocard - Fair Fare,1.0,0.0
2022-05-31T02:00:00.000,subway,407,Astor Pl (6),Manhattan,omny,OMNY - Full Fare,5.0,0.0
2022-05-31T03:00:00.000,subway,405,23 St (6),Manhattan,omny,OMNY - Full Fare,1.0,0.0
2022-05-31T12:00:00.000,subway,14,"23 St (R,W)",Manhattan,metrocard,Metrocard - Full Fare,117.0,2.0
2022-05-31T08:00:00.000,subway,405,23 St (6),Manhattan,metrocard,Metrocard - Students,26.0,1.0
2022-05-31T13:00:00.000,subway,414,"Bowling Green (4,5)",Manhattan,metrocard,Metrocard - Unlimited 30-Day,50.0,0.0
2022-05-31T06:00:00.000,subway,409,Spring St (6),Manhattan,metrocard,Metrocard - Seniors & Disability,2.0,0.0
2022-05-31T14:00:00.000,subway,14,"23 St (R,W)",Manhattan,metrocard,Metrocard - Full Fare,157.0,3.0
2022-05-31T08:00:00.000,subway,605,"168 St (A,C,1)",Manhattan,metrocard,Metrocard - Fair Fare,77.0,1.0
2022-05-31T16:00:00.000,subway,407,Astor Pl (6),Manhattan,metrocard,Metrocard - Students,45.0,0.0
2022-05-31T03:00:00.000,subway,143,Inwood-207 St (A),Manhattan,metrocard,Metrocard - Other,3.0,0.0
2022-05-31T07:00:00.000,subway,149,163 St-Amsterdam Av (C),Manhattan,metrocard,Metrocard - Students,95.0,0.0
2022-05-31T04:00:00.000,subway,407,Astor Pl (6),Manhattan,metrocard,Metrocard - Unlimited 30-Day,1.0,0.0
2022-05-31T09:00:00.000,subway,154,"116 St (C,B)",Manhattan,metrocard,Metrocard - Full Fare,50.0,1.0
2022-05-31T01:00:00.000,subway,602,"14 St-Union Sq (L,N,Q,R,W,4,5,6)",Manhattan,metrocard,Metrocard - Unlimited 30-Day,13.0,0.0
2022-05-31T00:00:00.000,subway,605,"168 St (A,C,1)",Manhattan,metrocard,Metrocard - Unlimited 7-Day,8.0,0.0
2022-05-31T20:00:00.000,subway,157,"96 St (C,B)",Manhattan,metrocard,Metrocard - Students,1.0,0.0
2022-05-31T12:00:00.000,subway,329,Rector St (1),Manhattan,metrocard,Metrocard - Unlimited 30-Day,12.0,0.0
2022-05-31T16:00:00.000,subway,609,"Bryant Pk (B,D,F,M)/5 Av (7)",Manhattan,metrocard,Metrocard - Other,152.0,3.0
2022-05-31T01:00:00.000,subway,409,Spring St (6),Manhattan,metrocard,Metrocard - Unlimited 7-Day,3.0,0.0
2022-05-31T10:00:00.000,subway,152,"135 St (C,B)",Manhattan,metrocard,Metrocard - Fair Fare,4.0,0.0
2022-05-31T05:00:00.000,subway,146,181 St (A),Manhattan,metrocard,Metrocard - Unlimited 7-Day,29.0,0.0
2022-05-31T18:00:00.000,subway,14,"23 St (R,W)",Manhattan,metrocard,Metrocard - Seniors & Disability,23.0,3.0
2022-05-31T05:00:00.000,subway,329,Rector St (1),Manhattan,metrocard,Metrocard - Other,1.0,0.0
2022-05-31T05:00:00.000,subway,333,"Wall St (2,3)",Manhattan,metrocard,Metrocard - Unlimited 7-Day,1.0,0.0
2022-05-31T00:00:00.000,subway,609,"Bryant Pk (B,D,F,M)/5 Av (7)",Manhattan,metrocard,Metrocard - Fair Fare,10.0,0.0
2022-05-31T08:00:00.000,subway,151,"145 St (A,C,B,D)",Manhattan,metrocard,Metrocard - Seniors & Disability,32.0,2.0
2022-05-31T06:00:00.000,subway,328,WTC Cortlandt (1),Manhattan,metrocard,Metrocard - Students,3.0,0.0
2022-05-31T18:00:00.000,subway,14,"23 St (R,W)",Manhattan,metrocard,Metrocard - Unlimited 7-Day,157.0,0.0
2022-05-31T03:00:00.000,subway,153,"125 St (A,C,B,D)",Manhattan,metrocard,Metrocard - Unlimited 7-Day,10.0,0.0
2022-05-31T20:00:00.000,subway,154,"116 St (C,B)",Manhattan,metrocard,Metrocard - Other,5.0,0.0
2022-05-31T06:00:00.000,subway,9,"57 St-7 Av (N,Q,R,W)",Manhattan,omny,OMNY - Full Fare,37.0,0.0
2022-05-31T20:00:00.000,subway,607,"34 St-Herald Sq (B,D,F,M,N,Q,R,W)",Manhattan,metrocard,Metrocard - Fair Fare,113.0,0.0
2022-05-31T07:00:00.000,subway,333,"Wall St (2,3)",Manhattan,metrocard,Metrocard - Unlimited 7-Day,11.0,0.0
2022-05-31T07:00:00.000,subway,601,"14 St (F,M,1,2,3)/6 Av (L)",Manhattan,metrocard,Metrocard - Students,76.0,8.0
2022-05-31T06:00:00.000,subway,407,Astor Pl (6),Manhattan,metrocard,Metrocard - Seniors & Disability,3.0,0.0
2022-05-31T11:00:00.000,subway,162,"50 St (C,E)",Manhattan,metrocard,Metrocard - Other,10.0,0.0
2022-05-31T05:00:00.000,subway,333,"Wall St (2,3)",Manhattan,metrocard,Metrocard - Fair Fare,1.0,0.0
2022-05-31T16:00:00.000,subway,145,190 St (A),Manhattan,metrocard,Metrocard - Other,2.0,0.0
2022-05-31T13:00:00.000,subway,162,"50 St (C,E)",Manhattan,metrocard,Metrocard - Other,18.0,0.0
2022-05-31T06:00:00.000,subway,16,"8 St-NYU (R,W)",Manhattan,metrocard,Metrocard - Unlimited 30-Day,6.0,0.0
2022-05-31T08:00:00.000,subway,413,"Wall St (4,5)",Manhattan,metrocard,Metrocard - Full Fare,111.0,3.0
2022-05-31T22:00:00.000,subway,601,"14 St (F,M,1,2,3)/6 Av (L)",Manhattan,metrocard,Metrocard - Students,1.0,0.0
2022-05-31T11:00:00.000,subway,328,WTC Cortlandt (1),Manhattan,metrocard,Metrocard - Unlimited 7-Day,103.0,0.0
2022-05-31T17:00:00.000,subway,16,"8 St-NYU (R,W)",Manhattan,metrocard,Metrocard - Full Fare,228.0,3.0
2022-05-31T05:00:00.000,subway,607,"34 St-Herald Sq (B,D,F,M,N,Q,R,W)",Manhattan,metrocard,Metrocard - Seniors & Disability,9.0,0.0
2022-05-31T19:00:00.000,subway,143,Inwood-207 St (A),Manhattan,omny,OMNY - Full Fare,47.0,4.0
2022-05-31T18:00:00.000,subway,157,"96 St (C,B)",Manhattan,metrocard,Metrocard - Unlimited 7-Day,49.0,0.0
2022-05-31T12:00:00.000,subway,602,"14 St-Union Sq (L,N,Q,R,W,4,5,6)",Manhattan,omny,OMNY - Full Fare,603.0,5.0
2022-05-31T09:00:00.000,subway,143,Inwood-207 St (A),Manhattan,omny,OMNY - Full Fare,92.0,13.0
2022-05-31T06:00:00.000,subway,414,"Bowling Green (4,5)",Manhattan,metrocard,Metrocard - Unlimited 7-Day,62.0,0.0
2022-05-31T21:00:00.000,subway,155,"Cathedral Pkwy (110 St) (C,B)",Manhattan,metrocard,Metrocard - Unlimited 30-Day,10.0,0.0
2022-05-31T12:00:00.000,subway,155,"Cathedral Pkwy (110 St) (C,B)",Manhattan,omny,OMNY - Full Fare,78.0,0.0
2022-05-31T14:00:00.000,subway,151,"145 St (A,C,B,D)",Manhattan,metrocard,Metrocard - Other,43.0,1.0
2022-05-31T06:00:00.000,subway,146,181 St (A),Manhattan,metrocard,Metrocard - Fair Fare,12.0,2.0
2022-05-31T17:00:00.000,subway,327,"Chambers St (1,2,3)",Manhattan,metrocard,Metrocard - Seniors & Disability,42.0,2.0
2022-05-31T19:00:00.000,subway,162,"50 St (C,E)",Manhattan,metrocard,Metrocard - Students,11.0,0.0
2022-05-31T22:00:00.000,subway,153,"125 St (A,C,B,D)",Manhattan,omny,OMNY - Full Fare,87.0,4.0
2022-05-31T09:00:00.000,subway,605,"168 St (A,C,1)",Manhattan,metrocard,Metrocard - Fair Fare,37.0,2.0
2022-05-31T21:00:00.000,subway,145,190 St (A),Manhattan,metrocard,Metrocard - Fair Fare,2.0,0.0
2022-05-31T22:00:00.000,subway,147,175 St (A),Manhattan,metrocard,Metrocard - Full Fare,13.0,0.0
2022-05-31T15:00:00.000,subway,153,"125 St (A,C,B,D)",Manhattan,metrocard,Metrocard - Fair Fare,95.0,11.0
2022-05-31T13:00:00.000,subway,329,Rector St (1),Manhattan,metrocard,Metrocard - Seniors & Disability,5.0,1.0
2022-05-31T08:00:00.000,subway,156,"103 St (C,B)",Manhattan,metrocard,Metrocard - Unlimited 30-Day,53.0,0.0
2022-05-31T21:00:00.000,subway,143,Inwood-207 St (A),Manhattan,metrocard,Metrocard - Fair Fare,5.0,1.0
2022-05-31T18:00:00.000,subway,16,"8 St-NYU (R,W)",Manhattan,metrocard,Metrocard - Other,42.0,0.0
2022-05-31T13:00:00.000,subway,154,"116 St (C,B)",Manhattan,metrocard,Metrocard - Seniors & Disability,7.0,2.0
2022-05-31T22:00:00.000,subway,409,Spring St (6),Manhattan,omny,OMNY - Full Fare,127.0,0.0
2022-05-31T10:00:00.000,subway,152,"135 St (C,B)",Manhattan,metrocard,Metrocard - Unlimited 30-Day,22.0,0.0
2022-05-31T18:00:00.000,subway,149,163 St-Amsterdam Av (C),Manhattan,metrocard,Metrocard - Students,4.0,0.0
2022-05-31T17:00:00.000,subway,605,"168 St (A,C,1)",Manhattan,metrocard,Metrocard - Unlimited 7-Day,112.0,0.0
2022-05-31T12:00:00.000,subway,605,"168 St (A,C,1)",Manhattan,omny,OMNY - Full Fare,163.0,1.0
2022-05-31T17:00:00.000,subway,14,"23 St (R,W)",Manhattan,metrocard,Metrocard - Other,61.0,2.0
2022-05-31T18:00:00.000,subway,157,"96 St (C,B)",Manhattan,metrocard,Metrocard - Full Fare,120.0,31.0
2022-05-31T00:00:00.000,subway,16,"8 St-NYU (R,W)",Manhattan,metrocard,Metrocard - Seniors & Disability,1.0,0.0
2022-05-31T21:00:00.000,subway,157,"96 St (C,B)",Manhattan,metrocard,Metrocard - Other,6.0,0.0
2022-05-31T01:00:00.000,subway,158,"86 St (C,B)",Manhattan,metrocard,Metrocard - Unlimited 7-Day,3.0,0.0
2022-05-31T19:00:00.000,subway,155,"Cathedral Pkwy (110 St) (C,B)",Manhattan,metrocard,Metrocard - Students,2.0,1.0
2022-05-31T19:00:00.000,subway,328,WTC Cortlandt (1),Manhattan,metrocard,Metrocard - Unlimited 30-Day,25.0,0.0
2022-05-31T20:00:00.000,subway,150,155 St (C),Manhattan,metrocard,Metrocard - Fair Fare,1.0,0.0
2022-05-31T03:00:00.000,subway,159,"81 St-Museum of Natural History (C,B)",Manhattan,metrocard,Metrocard - Seniors & Disability,1.0,0.0
2022-05-31T08:00:00.000,subway,326,Franklin St (1),Manhattan,omny,OMNY - Full Fare,70.0,0.0
2022-05-31T07:00:00.000,subway,327,"Chambers St (1,2,3)",Manhattan,metrocard,Metrocard - Full Fare,66.0,4.0
2022-05-31T02:00:00.000,subway,16,"8 St-NYU (R,W)",Manhattan,metrocard,Metrocard - Full Fare,1.0,0.0
2022-05-31T12:00:00.000,subway,413,"Wall St (4,5)",Manhattan,metrocard,Metrocard - Unlimited 7-Day,48.0,0.0
2022-05-31T14:00:00.000,subway,146,181 St (A),Manhattan,metrocard,Metrocard - Seniors & Disability,29.0,0.0
2022-05-31T19:00:00.000,subway,329,Rector St (1),Manhattan,metrocard,Metrocard - Students,9.0,0.0
2022-05-31T05:00:00.000,subway,151,"145 St (A,C,B,D)",Manhattan,metrocard,Metrocard - Full Fare,87.0,0.0
2022-05-31T08:00:00.000,subway,407,Astor Pl (6),Manhattan,metrocard,Metrocard - Unlimited 7-Day,20.0,0.0
2022-05-31T11:00:00.000,subway,409,Spring St (6),Manhattan,metrocard,Metrocard - Seniors & Disability,9.0,0.0
2022-05-31T18:00:00.000,subway,607,"34 St-Herald Sq (B,D,F,M,N,Q,R,W)",Manhattan,metrocard,Metrocard - Students,150.0,1.0
2022-05-31T01:00:00.000,subway,609,"Bryant Pk (B,D,F,M)/5 Av (7)",Manhattan,metrocard,Metrocard - Other,4.0,0.0
2022-05-31T14:00:00.000,subway,158,"86 St (C,B)",Manhattan,metrocard,Metrocard - Fair Fare,11.0,1.0
2022-05-31T01:00:00.000,subway,151,"145 St (A,C,B,D)",Manhattan,metrocard,Metrocard - Unlimited 30-Day,2.0,0.0
2022-05-31T11:00:00.000,subway,160,"72 St (C,B)",Manhattan,metrocard,Metrocard - Full Fare,72.0,0.0
2022-05-31T18:00:00.000,subway,152,"135 St (C,B)",Manhattan,metrocard,Metrocard - Full Fare,24.0,3.0
2022-05-31T11:00:00.000,subway,160,"72 St (C,B)",Manhattan,metrocard,Metrocard - Seniors & Disability,18.0,2.0
2022-05-31T17:00:00.000,subway,414,"Bowling Green (4,5)",Manhattan,metrocard,Metrocard - Students,39.0,0.0
2022-05-31T12:00:00.000,subway,333,"Wall St (2,3)",Manhattan,metrocard,Metrocard - Fair Fare,3.0,0.0
2022-05-31T05:00:00.000,subway,162,"50 St (C,E)",Manhattan,metrocard,Metrocard - Full Fare,8.0,0.0
2022-05-31T02:00:00.000,subway,160,"72 St (C,B)",Manhattan,metrocard,Metrocard - Unlimited 7-Day,2.0,0.0
2022-05-31T07:00:00.000,subway,155,"Cathedral Pkwy (110 St) (C,B)",Manhattan,metrocard,Metrocard - Other,19.0,0.0
2022-05-31T07:00:00.000,subway,147,175 St (A),Manhattan,metrocard,Metrocard - Full Fare,255.0,3.0
2022-05-31T18:00:00.000,subway,153,"125 St (A,C,B,D)",Manhattan,metrocard,Metrocard - Full Fare,246.0,25.0
2022-05-31T13:00:00.000,subway,157,"96 St (C,B)",Manhattan,metrocard,Metrocard - Unlimited 7-Day,22.0,0.0
2022-05-31T11:00:00.000,subway,414,"Bowling Green (4,5)",Manhattan,metrocard,Metrocard - Full Fare,119.0,28.0
2022-05-31T10:00:00.000,subway,14,"23 St (R,W)",Manhattan,omny,OMNY - Full Fare,112.0,6.0
2022-05-31T05:00:00.000,subway,413,"Wall St (4,5)",Manhattan,metrocard,Metrocard - Other,2.0,0.0
2022-05-31T18:00:00.000,subway,13,"28 St (R,W)",Manhattan,metrocard,Metrocard - Unlimited 7-Day,69.0,0.0
2022-05-31T23:00:00.000,subway,327,"Chambers St (1,2,3)",Manhattan,metrocard,Metrocard - Other,3.0,0.0
2022-05-31T09:00:00.000,subway,605,"168 St (A,C,1)",Manhattan,metrocard,Metrocard - Unlimited 30-Day,94.0,0.0
2022-05-31T00:00:00.000,subway,144,Dyckman St (A),Manhattan,metrocard,Metrocard - Unlimited 30-Day,2.0,0.0
2022-05-31T19:00:00.000,subway,13,"28 St (R,W)",Manhattan,metrocard,Metrocard - Full Fare,70.0,0.0
2022-05-31T13:00:00.000,subway,409,Spring St (6),Manhattan,metrocard,Metrocard - Full Fare,96.0,1.0
2022-05-31T14:00:00.000,subway,143,Inwood-207 St (A),Manhattan,metrocard,Metrocard - Fair Fare,14.0,1.0
2022-05-31T07:00:00.000,subway,154,"116 St (C,B)",Manhattan,metrocard,Metrocard - Unlimited 30-Day,77.0,0.0
2022-05-31T07:00:00.000,subway,156,"103 St (C,B)",Manhattan,metrocard,Metrocard - Fair Fare,9.0,0.0
2022-05-31T06:00:00.000,subway,14,"23 St (R,W)",Manhattan,metrocard,Metrocard - Unlimited 7-Day,4.0,0.0
2022-05-31T19:00:00.000,subway,9,"57 St-7 Av (N,Q,R,W)",Manhattan,metrocard,Metrocard - Fair Fare,13.0,0.0
2022-05-31T00:00:00.000,subway,327,"Chambers St (1,2,3)",Manhattan,omny,OMNY - Full Fare,12.0,0.0
2022-05-31T22:00:00.000,subway,328,WTC Cortlandt (1),Manhattan,metrocard,Metrocard - Full Fare,30.0,0.0
2022-05-31T06:00:00.000,subway,328,WTC Cortlandt (1),Manhattan,metrocard,Metrocard - Fair Fare,1.0,0.0
2022-05-31T06:00:00.000,subway,333,"Wall St (2,3)",Manhattan,metrocard,Metrocard - Unlimited 30-Day,17.0,0.0
2022-05-31T22:00:00.000,subway,9,"57 St-7 Av (N,Q,R,W)",Manhattan,metrocard,Metrocard - Seniors & Disability,28.0,2.0
2022-05-31T19:00:00.000,subway,155,"Cathedral Pkwy (110 St) (C,B)",Manhattan,metrocard,Metrocard - Fair Fare,7.0,1.0
2022-05-31T17:00:00.000,subway,157,"96 St (C,B)",Manhattan,metrocard,Metrocard - Unlimited 30-Day,122.0,0.0
2022-05-31T20:00:00.000,subway,602,"14 St-Union Sq (L,N,Q,R,W,4,5,6)",Manhattan,metrocard,Metrocard - Fair Fare,74.0,1.0
2022-05-31T02:00:00.000,subway,156,"103 St (C,B)",Manhattan,metrocard,Metrocard - Seniors & Disability,1.0,0.0
2022-05-31T09:00:00.000,subway,146,181 St (A),Manhattan,metrocard,Metrocard - Seniors & Disability,33.0,0.0
2022-05-31T17:00:00.000,subway,150,155 St (C),Manhattan,metrocard,Metrocard - Unlimited 30-Day,18.0,0.0
2022-05-31T19:00:00.000,subway,327,"Chambers St (1,2,3)",Manhattan,metrocard,Metrocard - Fair Fare,8.0,0.0
2022-05-31T16:00:00.000,subway,159,"81 St-Museum of Natural History (C,B)",Manhattan,metrocard,Metrocard - Full Fare,268.0,34.0
2022-05-31T14:00:00.000,subway,159,"81 St-Museum of Natural History (C,B)",Manhattan,omny,OMNY - Full Fare,128.0,12.0
2022-05-31T04:00:00.000,subway,156,"103 St (C,B)",Manhattan,metrocard,Metrocard - Unlimited 7-Day,2.0,0.0
2022-05-31T09:00:00.000,subway,159,"81 St-Museum of Natural History (C,B)",Manhattan,metrocard,Metrocard - Students,6.0,0.0
2022-05-31T11:00:00.000,subway,149,163 St-Amsterdam Av (C),Manhattan,omny,OMNY - Full Fare,41.0,3.0
2022-05-31T08:00:00.000,subway,152,"135 St (C,B)",Manhattan,metrocard,Metrocard - Fair Fare,14.0,1.0
2022-05-31T14:00:00.000,subway,150,155 St (C),Manhattan,metrocard,Metrocard - Seniors & Disability,2.0,0.0
2022-05-31T08:00:00.000,subway,162,"50 St (C,E)",Manhattan,metrocard,Metrocard - Unlimited 30-Day,75.0,0.0
2022-05-31T07:00:00.000,subway,602,"14 St-Union Sq (L,N,Q,R,W,4,5,6)",Manhattan,metrocard,Metrocard - Seniors & Disability,46.0,15.0
2022-05-31T02:00:00.000,subway,143,Inwood-207 St (A),Manhattan,omny,OMNY - Full Fare,1.0,0.0
2022-05-31T20:00:00.000,subway,160,"72 St (C,B)",Manhattan,metrocard,Metrocard - Fair Fare,12.0,0.0
2022-05-31T13:00:00.000,subway,333,"Wall St (2,3)",Manhattan,metrocard,Metrocard - Other,14.0,0.0
2022-05-31T22:00:00.000,subway,152,"135 St (C,B)",Manhattan,metrocard,Metrocard - Seniors & Disability,1.0,0.0
2022-05-31T14:00:00.000,subway,405,23 St (6),Manhattan,metrocard,Metrocard - Unlimited 30-Day,98.0,0.0
2022-05-31T23:00:00.000,subway,147,175 St (A),Manhattan,metrocard,Metrocard - Unlimited 30-Day,3.0,0.0
2022-05-31T04:00:00.000,subway,328,WTC Cortlandt (1),Manhattan,metrocard,Metrocard - Unlimited 7-Day,3.0,0.0
2022-05-31T16:00:00.000,subway,328,WTC Cortlandt (1),Manhattan,metrocard,Metrocard - Fair Fare,8.0,0.0
2022-05-31T09:00:00.000,subway,328,WTC Cortlandt (1),Manhattan,metrocard,Metrocard - Seniors & Disability,9.0,0.0
2022-05-31T13:00:00.000,subway,151,"145 St (A,C,B,D)",Manhattan,metrocard,Metrocard - Other,24.0,0.0
2022-05-31T11:00:00.000,subway,146,181 St (A),Manhattan,metrocard,Metrocard - Students,8.0,0.0
2022-05-31T13:00:00.000,subway,160,"72 St (C,B)",Manhattan,metrocard,Metrocard - Students,1.0,0.0
2022-05-31T13:00:00.000,subway,607,"34 St-Herald Sq (B,D,F,M,N,Q,R,W)",Manhattan,metrocard,Metrocard - Students,76.0,0.0
2022-05-31T19:00:00.000,subway,413,"Wall St (4,5)",Manhattan,metrocard,Metrocard - Seniors & Disability,9.0,0.0
2022-05-31T18:00:00.000,subway,145,190 St (A),Manhattan,metrocard,Metrocard - Full Fare,24.0,0.0
2022-05-31T10:00:00.000,subway,153,"125 St (A,C,B,D)",Manhattan,metrocard,Metrocard - Fair Fare,38.0,3.0
2022-05-31T20:00:00.000,subway,327,"Chambers St (1,2,3)",Manhattan,metrocard,Metrocard - Unlimited 30-Day,62.0,0.0
2022-05-31T18:00:00.000,subway,329,Rector St (1),Manhattan,metrocard,Metrocard - Seniors & Disability,8.0,0.0
2022-05-31T13:00:00.000,subway,407,Astor Pl (6),Manhattan,metrocard,Metrocard - Seniors & Disability,16.0,1.0
2022-05-31T13:00:00.000,subway,153,"125 St (A,C,B,D)",Manhattan,metrocard,Metrocard - Students,34.0,5.0
2022-05-31T16:00:00.000,subway,149,163 St-Amsterdam Av (C),Manhattan,metrocard,Metrocard - Full Fare,33.0,0.0
2022-05-31T01:00:00.000,subway,414,"Bowling Green (4,5)",Manhattan,metrocard,Metrocard - Fair Fare,2.0,1.0
2022-05-31T23:00:00.000,subway,407,Astor Pl (6),Manhattan,metrocard,Metrocard - Unlimited 7-Day,57.0,0.0
2022-05-31T11:00:00.000,subway,16,"8 St-NYU (R,W)",Manhattan,metrocard,Metrocard - Students,1.0,0.0
2022-05-31T21:00:00.000,subway,160,"72 St (C,B)",Manhattan,metrocard,Metrocard - Unlimited 7-Day,38.0,0.0
2022-05-31T08:00:00.000,subway,154,"116 St (C,B)",Manhattan,omny,OMNY - Full Fare,160.0,12.0
2022-05-31T00:00:00.000,subway,156,"103 St (C,B)",Manhattan,omny,OMNY - Full Fare,1.0,0.0
2022-05-31T18:00:00.000,subway,16,"8 St-NYU (R,W)",Manhattan,metrocard,Metrocard - Unlimited 7-Day,59.0,0.0
2022-05-31T17:00:00.000,subway,149,163 St-Amsterdam Av (C),Manhattan,omny,OMNY - Full Fare,35.0,1.0
2022-05-31T12:00:00.000,subway,328,WTC Cortlandt (1),Manhattan,metrocard,Metrocard - Other,19.0,0.0
2022-05-31T01:00:00.000,subway,14,"23 St (R,W)",Manhattan,metrocard,Metrocard - Fair Fare,1.0,0.0
2022-05-31T00:00:00.000,subway,152,"135 St (C,B)",Manhattan,metrocard,Metrocard - Other,2.0,0.0
2022-05-31T17:00:00.000,subway,150,155 St (C),Manhattan,metrocard,Metrocard - Fair Fare,6.0,0.0
2022-05-31T14:00:00.000,subway,407,Astor Pl (6),Manhattan,metrocard,Metrocard - Fair Fare,23.0,0.0
2022-05-31T20:00:00.000,subway,607,"34 St-Herald Sq (B,D,F,M,N,Q,R,W)",Manhattan,metrocard,Metrocard - Seniors & Disability,69.0,3.0
2022-05-31T00:00:00.000,subway,14,"23 St (R,W)",Manhattan,metrocard,Metrocard - Unlimited 7-Day,14.0,0.0
2022-05-31T07:00:00.000,subway,602,"14 St-Union Sq (L,N,Q,R,W,4,5,6)",Manhattan,metrocard,Metrocard - Full Fare,267.0,31.0
2022-05-31T05:00:00.000,subway,333,"Wall St (2,3)",Manhattan,metrocard,Metrocard - Full Fare,5.0,2.0
2022-05-31T12:00:00.000,subway,407,Astor Pl (6),Manhattan,omny,OMNY - Full Fare,131.0,3.0
2022-05-31T16:00:00.000,subway,147,175 St (A),Manhattan,metrocard,Metrocard - Fair Fare,21.0,1.0
2022-05-31T16:00:00.000,subway,153,"125 St (A,C,B,D)",Manhattan,metrocard,Metrocard - Students,158.0,13.0
2022-05-31T01:00:00.000,subway,150,155 St (C),Manhattan,omny,OMNY - Full Fare,1.0,0.0
2022-05-31T16:00:00.000,subway,327,"Chambers St (1,2,3)",Manhattan,metrocard,Metrocard - Students,237.0,1.0
2022-05-31T07:00:00.000,subway,14,"23 St (R,W)",Manhattan,metrocard,Metrocard - Seniors & Disability,4.0,1.0
2022-05-31T06:00:00.000,subway,154,"116 St (C,B)",Manhattan,metrocard,Metrocard - Seniors & Disability,4.0,1.0
2022-05-31T09:00:00.000,subway,9,"57 St-7 Av (N,Q,R,W)",Manhattan,metrocard,Metrocard - Students,11.0,0.0
2022-05-31T18:00:00.000,subway,328,WTC Cortlandt (1),Manhattan,metrocard,Metrocard - Full Fare,248.0,0.0
2022-05-31T17:00:00.000,subway,601,"14 St (F,M,1,2,3)/6 Av (L)",Manhattan,metrocard,Metrocard - Unlimited 7-Day,238.0,0.0
2022-05-31T09:00:00.000,subway,149,163 St-Amsterdam Av (C),Manhattan,metrocard,Metrocard - Unlimited 30-Day,19.0,0.0
2022-05-31T21:00:00.000,subway,413,"Wall St (4,5)",Manhattan,metrocard,Metrocard - Unlimited 30-Day,25.0,0.0
2022-05-31T10:00:00.000,subway,329,Rector St (1),Manhattan,metrocard,Metrocard - Students,3.0,0.0
2022-05-31T08:00:00.000,subway,146,181 St (A),Manhattan,metrocard,Metrocard - Full Fare,232.0,4.0
2022-05-31T20:00:00.000,subway,602,"14 St-Union Sq (L,N,Q,R,W,4,5,6)",Manhattan,metrocard,Metrocard - Other,116.0,1.0
2022-05-31T16:00:00.000,subway,152,"135 St (C,B)",Manhattan,metrocard,Metrocard - Students,45.0,0.0
2022-05-31T11:00:00.000,subway,155,"Cathedral Pkwy (110 St) (C,B)",Manhattan,metrocard,Metrocard - Unlimited 30-Day,34.0,0.0
2022-05-31T21:00:00.000,subway,151,"145 St (A,C,B,D)",Manhattan,metrocard,Metrocard - Unlimited 7-Day,42.0,0.0
2022-05-31T15:00:00.000,subway,153,"125 St (A,C,B,D)",Manhattan,metrocard,Metrocard - Full Fare,324.0,36.0
2022-05-31T22:00:00.000,subway,602,"14 St-Union Sq (L,N,Q,R,W,4,5,6)",Manhattan,metrocard,Metrocard - Unlimited 7-Day,279.0,0.0
2022-05-31T19:00:00.000,subway,601,"14 St (F,M,1,2,3)/6 Av (L)",Manhattan,metrocard,Metrocard - Unlimited 30-Day,264.0,0.0
2022-05-31T15:00:00.000,subway,409,Spring St (6),Manhattan,metrocard,Metrocard - Unlimited 7-Day,98.0,0.0
2023-04-07T11:00:00.000,subway,301,181 St (1),Manhattan,omny,OMNY - Full Fare,87.0,6.0
2022-05-31T07:00:00.000,subway,159,"81 St-Museum of Natural History (C,B)",Manhattan,metrocard,Metrocard - Other,19.0,6.0
2022-05-31T23:00:00.000,subway,327,"Chambers St (1,2,3)",Manhattan,metrocard,Metrocard - Fair Fare,3.0,0.0
2022-05-31T10:00:00.000,subway,155,"Cathedral Pkwy (110 St) (C,B)",Manhattan,metrocard,Metrocard - Fair Fare,13.0,1.0
2022-05-31T21:00:00.000,subway,159,"81 St-Museum of Natural History (C,B)",Manhattan,omny,OMNY - Full Fare,56.0,0.0
2022-05-31T06:00:00.000,subway,159,"81 St-Museum of Natural History (C,B)",Manhattan,metrocard,Metrocard - Unlimited 7-Day,3.0,0.0
2022-05-31T05:00:00.000,subway,160,"72 St (C,B)",Manhattan,metrocard,Metrocard - Fair Fare,1.0,0.0
2022-05-31T06:00:00.000,subway,409,Spring St (6),Manhattan,metrocard,Metrocard - Fair Fare,7.0,0.0
2022-05-31T17:00:00.000,subway,146,181 St (A),Manhattan,metrocard,Metrocard - Unlimited 7-Day,35.0,0.0
2022-05-31T17:00:00.000,subway,150,155 St (C),Manhattan,metrocard,Metrocard - Unlimited 7-Day,16.0,0.0
2022-05-31T10:00:00.000,subway,149,163 St-Amsterdam Av (C),Manhattan,metrocard,Metrocard - Seniors & Disability,5.0,0.0
2022-05-31T03:00:00.000,subway,153,"125 St (A,C,B,D)",Manhattan,omny,OMNY - Full Fare,2.0,0.0
2022-05-31T05:00:00.000,subway,155,"Cathedral Pkwy (110 St) (C,B)",Manhattan,metrocard,Metrocard - Fair Fare,2.0,0.0
2022-05-31T01:00:00.000,subway,160,"72 St (C,B)",Manhattan,metrocard,Metrocard - Full Fare,1.0,0.0
2022-05-31T00:00:00.000,subway,601,"14 St (F,M,1,2,3)/6 Av (L)",Manhattan,metrocard,Metrocard - Full Fare,62.0,0.0
2022-05-31T11:00:00.000,subway,157,"96 St (C,B)",Manhattan,metrocard,Metrocard - Full Fare,62.0,5.0
2022-05-31T19:00:00.000,subway,601,"14 St (F,M,1,2,3)/6 Av (L)",Manhattan,metrocard,Metrocard - Full Fare,352.0,6.0
2022-05-31T07:00:00.000,subway,601,"14 St (F,M,1,2,3)/6 Av (L)",Manhattan,metrocard,Metrocard - Fair Fare,14.0,4.0
2022-05-31T10:00:00.000,subway,13,"28 St (R,W)",Manhattan,metrocard,Metrocard - Full Fare,48.0,0.0
2022-05-31T20:00:00.000,subway,151,"145 St (A,C,B,D)",Manhattan,metrocard,Metrocard - Seniors & Disability,7.0,1.0
2022-05-31T18:00:00.000,subway,162,"50 St (C,E)",Manhattan,metrocard,Metrocard - Full Fare,248.0,3.0
2022-05-31T12:00:00.000,subway,9,"57 St-7 Av (N,Q,R,W)",Manhattan,metrocard,Metrocard - Seniors & Disability,39.0,3.0
2022-05-31T19:00:00.000,subway,333,"Wall St (2,3)",Manhattan,metrocard,Metrocard - Fair Fare,7.0,0.0
2022-05-31T07:00:00.000,subway,151,"145 St (A,C,B,D)",Manhattan,metrocard,Metrocard - Unlimited 30-Day,240.0,0.0
2022-05-31T12:00:00.000,subway,154,"116 St (C,B)",Manhattan,metrocard,Metrocard - Seniors & Disability,11.0,0.0
2022-05-31T10:00:00.000,subway,143,Inwood-207 St (A),Manhattan,metrocard,Metrocard - Seniors & Disability,22.0,3.0
2022-05-31T17:00:00.000,subway,154,"116 St (C,B)",Manhattan,metrocard,Metrocard - Unlimited 30-Day,56.0,0.0
2022-05-31T23:00:00.000,subway,327,"Chambers St (1,2,3)",Manhattan,metrocard,Metrocard - Seniors & Disability,6.0,0.0
2022-05-31T21:00:00.000,subway,333,"Wall St (2,3)",Manhattan,metrocard,Metrocard - Unlimited 7-Day,48.0,0.0
2022-05-31T00:00:00.000,subway,409,Spring St (6),Manhattan,metrocard,Metrocard - Unlimited 7-Day,18.0,0.0
2022-05-31T12:00:00.000,subway,156,"103 St (C,B)",Manhattan,metrocard,Metrocard - Fair Fare,8.0,0.0
2022-05-31T11:00:00.000,subway,607,"34 St-Herald Sq (B,D,F,M,N,Q,R,W)",Manhattan,metrocard,Metrocard - Full Fare,705.0,6.0
2022-05-31T12:00:00.000,subway,414,"Bowling Green (4,5)",Manhattan,metrocard,Metrocard - Full Fare,143.0,17.0
2022-05-31T12:00:00.000,subway,151,"145 St (A,C,B,D)",Manhattan,metrocard,Metrocard - Fair Fare,33.0,1.0
2022-05-31T22:00:00.000,subway,409,Spring St (6),Manhattan,metrocard,Metrocard - Students,1.0,0.0
2022-05-31T10:00:00.000,subway,601,"14 St (F,M,1,2,3)/6 Av (L)",Manhattan,metrocard,Metrocard - Unlimited 7-Day,83.0,0.0
2022-05-31T12:00:00.000,subway,158,"86 St (C,B)",Manhattan,metrocard,Metrocard - Unlimited 30-Day,27.0,0.0
2022-05-31T01:00:00.000,subway,405,23 St (6),Manhattan,metrocard,Metrocard - Seniors & Disability,1.0,0.0
2022-05-31T20:00:00.000,subway,414,"Bowling Green (4,5)",Manhattan,omny,OMNY - Full Fare,107.0,5.0
2022-05-31T09:00:00.000,subway,13,"28 St (R,W)",Manhattan,metrocard,Metrocard - Seniors & Disability,8.0,0.0
2022-05-31T22:00:00.000,subway,14,"23 St (R,W)",Manhattan,metrocard,Metrocard - Other,8.0,0.0
2022-05-31T17:00:00.000,subway,160,"72 St (C,B)",Manhattan,metrocard,Metrocard - Full Fare,176.0,14.0
2022-05-31T18:00:00.000,subway,153,"125 St (A,C,B,D)",Manhattan,metrocard,Metrocard - Fair Fare,55.0,6.0
2022-05-31T18:00:00.000,subway,159,"81 St-Museum of Natural History (C,B)",Manhattan,metrocard,Metrocard - Students,25.0,0.0
2022-05-31T03:00:00.000,subway,414,"Bowling Green (4,5)",Manhattan,omny,OMNY - Full Fare,2.0,1.0
2022-05-31T17:00:00.000,subway,146,181 St (A),Manhattan,metrocard,Metrocard - Fair Fare,8.0,0.0
2022-05-31T17:00:00.000,subway,602,"14 St-Union Sq (L,N,Q,R,W,4,5,6)",Manhattan,metrocard,Metrocard - Unlimited 7-Day,565.0,0.0
2022-05-31T07:00:00.000,subway,407,Astor Pl (6),Manhattan,metrocard,Metrocard - Full Fare,84.0,1.0
2022-05-31T14:00:00.000,subway,414,"Bowling Green (4,5)",Manhattan,metrocard,Metrocard - Full Fare,287.0,21.0
2022-05-31T20:00:00.000,subway,407,Astor Pl (6),Manhattan,metrocard,Metrocard - Unlimited 30-Day,57.0,0.0
2022-05-31T16:00:00.000,subway,333,"Wall St (2,3)",Manhattan,metrocard,Metrocard - Full Fare,579.0,1.0
2022-05-31T05:00:00.000,subway,16,"8 St-NYU (R,W)",Manhattan,metrocard,Metrocard - Other,3.0,0.0
2022-05-31T12:00:00.000,subway,601,"14 St (F,M,1,2,3)/6 Av (L)",Manhattan,metrocard,Metrocard - Unlimited 7-Day,101.0,0.0
2022-05-31T22:00:00.000,subway,329,Rector St (1),Manhattan,metrocard,Metrocard - Unlimited 30-Day,10.0,0.0
2022-05-31T09:00:00.000,subway,407,Astor Pl (6),Manhattan,metrocard,Metrocard - Fair Fare,1.0,0.0
2022-05-31T09:00:00.000,subway,154,"116 St (C,B)",Manhattan,metrocard,Metrocard - Students,19.0,1.0
2022-05-31T19:00:00.000,subway,405,23 St (6),Manhattan,metrocard,Metrocard - Other,30.0,0.0
2022-05-31T05:00:00.000,subway,9,"57 St-7 Av (N,Q,R,W)",Manhattan,metrocard,Metrocard - Unlimited 30-Day,17.0,0.0
2022-05-31T14:00:00.000,subway,333,"Wall St (2,3)",Manhattan,omny,OMNY - Full Fare,164.0,0.0
2022-05-31T13:00:00.000,subway,328,WTC Cortlandt (1),Manhattan,metrocard,Metrocard - Fair Fare,1.0,0.0
2022-05-31T06:00:00.000,subway,146,181 St (A),Manhattan,omny,OMNY - Full Fare,86.0,3.0
2022-05-31T05:00:00.000,subway,154,"116 St (C,B)",Manhattan,metrocard,Metrocard - Other,6.0,0.0
2022-05-31T12:00:00.000,subway,162,"50 St (C,E)",Manhattan,metrocard,Metrocard - Fair Fare,3.0,0.0
2022-05-31T18:00:00.000,subway,156,"103 St (C,B)",Manhattan,metrocard,Metrocard - Other,9.0,0.0
2022-05-31T14:00:00.000,subway,609,"Bryant Pk (B,D,F,M)/5 Av (7)",Manhattan,metrocard,Metrocard - Fair Fare,45.0,1.0
2022-05-31T22:00:00.000,subway,605,"168 St (A,C,1)",Manhattan,metrocard,Metrocard - Unlimited 7-Day,32.0,0.0
2022-05-31T11:00:00.000,subway,154,"116 St (C,B)",Manhattan,metrocard,Metrocard - Fair Fare,9.0,2.0
2022-05-31T20:00:00.000,subway,154,"116 St (C,B)",Manhattan,metrocard,Metrocard - Full Fare,32.0,1.0
2022-05-31T19:00:00.000,subway,405,23 St (6),Manhattan,metrocard,Metrocard - Seniors & Disability,17.0,0.0
2022-05-31T16:00:00.000,subway,160,"72 St (C,B)",Manhattan,omny,OMNY - Full Fare,222.0,8.0
2022-05-31T21:00:00.000,subway,414,"Bowling Green (4,5)",Manhattan,metrocard,Metrocard - Fair Fare,12.0,0.0
2022-05-31T06:00:00.000,subway,144,Dyckman St (A),Manhattan,metrocard,Metrocard - Students,23.0,0.0
2022-05-31T05:00:00.000,subway,605,"168 St (A,C,1)",Manhattan,metrocard,Metrocard - Unlimited 7-Day,47.0,0.0
2022-05-31T10:00:00.000,subway,155,"Cathedral Pkwy (110 St) (C,B)",Manhattan,metrocard,Metrocard - Unlimited 30-Day,36.0,0.0
2022-05-31T17:00:00.000,subway,327,"Chambers St (1,2,3)",Manhattan,metrocard,Metrocard - Full Fare,537.0,6.0
2022-05-31T15:00:00.000,subway,147,175 St (A),Manhattan,metrocard,Metrocard - Fair Fare,29.0,0.0
2022-05-31T08:00:00.000,subway,601,"14 St (F,M,1,2,3)/6 Av (L)",Manhattan,metrocard,Metrocard - Other,76.0,3.0
2022-05-31T22:00:00.000,subway,153,"125 St (A,C,B,D)",Manhattan,metrocard,Metrocard - Unlimited 7-Day,57.0,0.0
2022-05-31T10:00:00.000,subway,143,Inwood-207 St (A),Manhattan,metrocard,Metrocard - Unlimited 30-Day,26.0,0.0
2022-05-31T06:00:00.000,subway,605,"168 St (A,C,1)",Manhattan,metrocard,Metrocard - Full Fare,117.0,0.0
2022-05-31T23:00:00.000,subway,153,"125 St (A,C,B,D)",Manhattan,metrocard,Metrocard - Other,25.0,2.0
2022-05-31T12:00:00.000,subway,149,163 St-Amsterdam Av (C),Manhattan,metrocard,Metrocard - Students,2.0,1.0
2022-05-31T16:00:00.000,subway,144,Dyckman St (A),Manhattan,metrocard,Metrocard - Unlimited 7-Day,30.0,0.0
2022-05-31T03:00:00.000,subway,9,"57 St-7 Av (N,Q,R,W)",Manhattan,omny,OMNY - Full Fare,2.0,0.0
2022-05-31T01:00:00.000,subway,143,Inwood-207 St (A),Manhattan,metrocard,Metrocard - Unlimited 7-Day,1.0,0.0
2022-05-31T20:00:00.000,subway,160,"72 St (C,B)",Manhattan,metrocard,Metrocard - Students,4.0,0.0
2022-05-31T18:00:00.000,subway,329,Rector St (1),Manhattan,metrocard,Metrocard - Other,18.0,0.0
2022-05-31T03:00:00.000,subway,607,"34 St-Herald Sq (B,D,F,M,N,Q,R,W)",Manhattan,metrocard,Metrocard - Fair Fare,2.0,0.0
2022-05-31T06:00:00.000,subway,143,Inwood-207 St (A),Manhattan,metrocard,Metrocard - Other,35.0,1.0
2022-05-31T16:00:00.000,subway,409,Spring St (6),Manhattan,metrocard,Metrocard - Students,24.0,0.0
2022-05-31T18:00:00.000,subway,146,181 St (A),Manhattan,metrocard,Metrocard - Other,9.0,0.0
2022-05-31T20:00:00.000,subway,601,"14 St (F,M,1,2,3)/6 Av (L)",Manhattan,omny,OMNY - Full Fare,565.0,3.0
2022-05-31T13:00:00.000,subway,145,190 St (A),Manhattan,metrocard,Metrocard - Fair Fare,6.0,0.0
2022-05-31T02:00:00.000,subway,146,181 St (A),Manhattan,metrocard,Metrocard - Unlimited 30-Day,2.0,0.0
2022-05-31T04:00:00.000,subway,150,155 St (C),Manhattan,metrocard,Metrocard - Other,1.0,0.0
2022-05-31T13:00:00.000,subway,147,175 St (A),Manhattan,metrocard,Metrocard - Students,10.0,0.0
2022-05-31T12:00:00.000,subway,601,"14 St (F,M,1,2,3)/6 Av (L)",Manhattan,metrocard,Metrocard - Unlimited 30-Day,96.0,0.0
2022-05-31T11:00:00.000,subway,414,"Bowling Green (4,5)",Manhattan,metrocard,Metrocard - Other,58.0,0.0
2022-05-31T09:00:00.000,subway,407,Astor Pl (6),Manhattan,metrocard,Metrocard - Other,17.0,0.0
2022-05-31T11:00:00.000,subway,13,"28 St (R,W)",Manhattan,metrocard,Metrocard - Fair Fare,4.0,0.0
2022-05-31T18:00:00.000,subway,601,"14 St (F,M,1,2,3)/6 Av (L)",Manhattan,omny,OMNY - Full Fare,1105.0,6.0
2022-05-31T19:00:00.000,subway,151,"145 St (A,C,B,D)",Manhattan,metrocard,Metrocard - Other,20.0,0.0
2022-05-31T14:00:00.000,subway,605,"168 St (A,C,1)",Manhattan,metrocard,Metrocard - Unlimited 30-Day,94.0,0.0
2022-05-31T22:00:00.000,subway,407,Astor Pl (6),Manhattan,metrocard,Metrocard - Full Fare,91.0,1.0
2022-05-31T11:00:00.000,subway,607,"34 St-Herald Sq (B,D,F,M,N,Q,R,W)",Manhattan,metrocard,Metrocard - Unlimited 30-Day,189.0,0.0
2022-05-31T05:00:00.000,subway,156,"103 St (C,B)",Manhattan,metrocard,Metrocard - Other,1.0,0.0
2022-05-31T08:00:00.000,subway,405,23 St (6),Manhattan,metrocard,Metrocard - Other,61.0,4.0
2022-05-31T14:00:00.000,subway,409,Spring St (6),Manhattan,metrocard,Metrocard - Unlimited 30-Day,30.0,0.0
2022-05-31T09:00:00.000,subway,605,"168 St (A,C,1)",Manhattan,metrocard,Metrocard - Seniors & Disability,30.0,2.0
2022-05-31T17:00:00.000,subway,413,"Wall St (4,5)",Manhattan,omny,OMNY - Full Fare,668.0,3.0
2022-05-31T01:00:00.000,subway,14,"23 St (R,W)",Manhattan,metrocard,Metrocard - Unlimited 30-Day,4.0,0.0
2022-05-31T19:00:00.000,subway,605,"168 St (A,C,1)",Manhattan,metrocard,Metrocard - Unlimited 30-Day,85.0,0.0
2022-05-31T03:00:00.000,subway,414,"Bowling Green (4,5)",Manhattan,metrocard,Metrocard - Seniors & Disability,1.0,1.0
2022-05-31T08:00:00.000,subway,150,155 St (C),Manhattan,metrocard,Metrocard - Full Fare,39.0,0.0
2022-05-31T00:00:00.000,subway,601,"14 St (F,M,1,2,3)/6 Av (L)",Manhattan,metrocard,Metrocard - Fair Fare,8.0,0.0
2022-05-31T01:00:00.000,subway,328,WTC Cortlandt (1),Manhattan,metrocard,Metrocard - Full Fare,2.0,0.0
2022-05-31T19:00:00.000,subway,144,Dyckman St (A),Manhattan,metrocard,Metrocard - Fair Fare,2.0,0.0
2022-05-31T09:00:00.000,subway,407,Astor Pl (6),Manhattan,metrocard,Metrocard - Unlimited 7-Day,22.0,0.0
2022-05-31T12:00:00.000,subway,147,175 St (A),Manhattan,metrocard,Metrocard - Unlimited 7-Day,20.0,0.0
2022-05-31T07:00:00.000,subway,145,190 St (A),Manhattan,metrocard,Metrocard - Other,27.0,0.0
2022-05-31T09:00:00.000,subway,609,"Bryant Pk (B,D,F,M)/5 Av (7)",Manhattan,metrocard,Metrocard - Full Fare,148.0,14.0
2022-05-31T13:00:00.000,subway,327,"Chambers St (1,2,3)",Manhattan,metrocard,Metrocard - Fair Fare,13.0,0.0
2022-05-31T00:00:00.000,subway,162,"50 St (C,E)",Manhattan,metrocard,Metrocard - Unlimited 7-Day,5.0,0.0
2022-05-31T12:00:00.000,subway,602,"14 St-Union Sq (L,N,Q,R,W,4,5,6)",Manhattan,metrocard,Metrocard - Full Fare,475.0,9.0
2022-05-31T21:00:00.000,subway,333,"Wall St (2,3)",Manhattan,omny,OMNY - Full Fare,94.0,1.0
2022-05-31T03:00:00.000,subway,602,"14 St-Union Sq (L,N,Q,R,W,4,5,6)",Manhattan,omny,OMNY - Full Fare,13.0,0.0
2022-05-31T08:00:00.000,subway,145,190 St (A),Manhattan,metrocard,Metrocard - Fair Fare,15.0,0.0
2022-05-31T22:00:00.000,subway,414,"Bowling Green (4,5)",Manhattan,metrocard,Metrocard - Other,14.0,0.0
2022-05-31T19:00:00.000,subway,162,"50 St (C,E)",Manhattan,metrocard,Metrocard - Unlimited 7-Day,69.0,0.0
2022-05-31T11:00:00.000,subway,13,"28 St (R,W)",Manhattan,metrocard,Metrocard - Unlimited 7-Day,33.0,0.0
2022-05-31T23:00:00.000,subway,162,"50 St (C,E)",Manhattan,metrocard,Metrocard - Full Fare,52.0,1.0
2022-05-31T18:00:00.000,subway,328,WTC Cortlandt (1),Manhattan,omny,OMNY - Full Fare,303.0,0.0
2022-05-31T23:00:00.000,subway,154,"116 St (C,B)",Manhattan,omny,OMNY - Full Fare,8.0,0.0
2022-05-31T19:00:00.000,subway,329,Rector St (1),Manhattan,metrocard,Metrocard - Unlimited 7-Day,20.0,0.0
2022-05-31T13:00:00.000,subway,159,"81 St-Museum of Natural History (C,B)",Manhattan,metrocard,Metrocard - Unlimited 7-Day,86.0,0.0
2022-05-31T18:00:00.000,subway,333,"Wall St (2,3)",Manhattan,metrocard,Metrocard - Other,59.0,0.0
2022-05-31T17:00:00.000,subway,159,"81 St-Museum of Natural History (C,B)",Manhattan,metrocard,Metrocard - Fair Fare,17.0,1.0
2022-05-31T03:00:00.000,subway,328,WTC Cortlandt (1),Manhattan,metrocard,Metrocard - Full Fare,1.0,0.0
2022-05-31T13:00:00.000,subway,151,"145 St (A,C,B,D)",Manhattan,metrocard,Metrocard - Students,31.0,0.0
2022-05-31T13:00:00.000,subway,155,"Cathedral Pkwy (110 St) (C,B)",Manhattan,metrocard,Metrocard - Other,4.0,0.0
2022-05-31T15:00:00.000,subway,158,"86 St (C,B)",Manhattan,metrocard,Metrocard - Unlimited 30-Day,101.0,0.0
2022-05-31T20:00:00.000,subway,409,Spring St (6),Manhattan,metrocard,Metrocard - Other,11.0,0.0
2022-05-31T21:00:00.000,subway,143,Inwood-207 St (A),Manhattan,metrocard,Metrocard - Other,19.0,0.0
2022-05-31T05:00:00.000,subway,607,"34 St-Herald Sq (B,D,F,M,N,Q,R,W)",Manhattan,omny,OMNY - Full Fare,61.0,4.0
2022-05-31T00:00:00.000,subway,160,"72 St (C,B)",Manhattan,metrocard,Metrocard - Seniors & Disability,3.0,0.0
2022-05-31T04:00:00.000,subway,413,"Wall St (4,5)",Manhattan,metrocard,Metrocard - Unlimited 30-Day,1.0,0.0
2022-05-31T15:00:00.000,subway,143,Inwood-207 St (A),Manhattan,metrocard,Metrocard - Seniors & Disability,13.0,5.0
2022-05-31T16:00:00.000,subway,150,155 St (C),Manhattan,omny,OMNY - Full Fare,24.0,1.0
2022-05-31T00:00:00.000,subway,144,Dyckman St (A),Manhattan,metrocard,Metrocard - Unlimited 7-Day,3.0,0.0
2022-05-31T22:00:00.000,subway,156,"103 St (C,B)",Manhattan,omny,OMNY - Full Fare,16.0,0.0
2022-05-31T07:00:00.000,subway,157,"96 St (C,B)",Manhattan,metrocard,Metrocard - Unlimited 7-Day,16.0,0.0
2022-05-31T03:00:00.000,subway,605,"168 St (A,C,1)",Manhattan,omny,OMNY - Full Fare,2.0,0.0
2022-05-31T03:00:00.000,subway,153,"125 St (A,C,B,D)",Manhattan,metrocard,Metrocard - Fair Fare,3.0,0.0
2022-05-31T08:00:00.000,subway,151,"145 St (A,C,B,D)",Manhattan,metrocard,Metrocard - Other,88.0,1.0
2022-05-31T17:00:00.000,subway,407,Astor Pl (6),Manhattan,omny,OMNY - Full Fare,368.0,2.0
2022-05-31T18:00:00.000,subway,9,"57 St-7 Av (N,Q,R,W)",Manhattan,omny,OMNY - Full Fare,973.0,11.0
2022-05-31T19:00:00.000,subway,155,"Cathedral Pkwy (110 St) (C,B)",Manhattan,metrocard,Metrocard - Full Fare,28.0,0.0
2022-05-31T13:00:00.000,subway,146,181 St (A),Manhattan,metrocard,Metrocard - Seniors & Disability,34.0,0.0
2022-05-31T09:00:00.000,subway,407,Astor Pl (6),Manhattan,metrocard,Metrocard - Seniors & Disability,20.0,0.0
2022-05-31T15:00:00.000,subway,14,"23 St (R,W)",Manhattan,omny,OMNY - Full Fare,295.0,3.0
2022-05-31T06:00:00.000,subway,151,"145 St (A,C,B,D)",Manhattan,metrocard,Metrocard - Full Fare,150.0,10.0
2022-05-31T20:00:00.000,subway,13,"28 St (R,W)",Manhattan,metrocard,Metrocard - Students,1.0,0.0
2022-05-31T16:00:00.000,subway,147,175 St (A),Manhattan,metrocard,Metrocard - Seniors & Disability,15.0,0.0
2022-05-31T18:00:00.000,subway,153,"125 St (A,C,B,D)",Manhattan,omny,OMNY - Full Fare,336.0,16.0
2022-05-31T17:00:00.000,subway,144,Dyckman St (A),Manhattan,metrocard,Metrocard - Other,9.0,0.0
2022-05-31T17:00:00.000,subway,409,Spring St (6),Manhattan,metrocard,Metrocard - Fair Fare,10.0,0.0
2022-05-31T15:00:00.000,subway,405,23 St (6),Manhattan,metrocard,Metrocard - Unlimited 7-Day,137.0,0.0
2022-05-31T23:00:00.000,subway,155,"Cathedral Pkwy (110 St) (C,B)",Manhattan,metrocard,Metrocard - Unlimited 7-Day,8.0,0.0
2022-05-31T20:00:00.000,subway,143,Inwood-207 St (A),Manhattan,metrocard,Metrocard - Unlimited 30-Day,14.0,0.0
2022-05-31T19:00:00.000,subway,145,190 St (A),Manhattan,metrocard,Metrocard - Seniors & Disability,3.0,0.0
2022-05-31T20:00:00.000,subway,407,Astor Pl (6),Manhattan,metrocard,Metrocard - Students,5.0,0.0
2022-05-31T19:00:00.000,subway,152,"135 St (C,B)",Manhattan,metrocard,Metrocard - Unlimited 30-Day,14.0,0.0
2022-05-31T00:00:00.000,subway,407,Astor Pl (6),Manhattan,metrocard,Metrocard - Unlimited 30-Day,8.0,0.0
2022-05-31T15:00:00.000,subway,405,23 St (6),Manhattan,metrocard,Metrocard - Full Fare,368.0,17.0
2022-05-31T21:00:00.000,subway,328,WTC Cortlandt (1),Manhattan,omny,OMNY - Full Fare,44.0,0.0
2022-05-31T05:00:00.000,subway,154,"116 St (C,B)",Manhattan,metrocard,Metrocard - Full Fare,11.0,0.0
2022-05-31T06:00:00.000,subway,407,Astor Pl (6),Manhattan,omny,OMNY - Full Fare,54.0,1.0
2022-05-31T09:00:00.000,subway,16,"8 St-NYU (R,W)",Manhattan,metrocard,Metrocard - Unlimited 30-Day,33.0,0.0
2022-05-31T10:00:00.000,subway,405,23 St (6),Manhattan,omny,OMNY - Full Fare,175.0,6.0
2022-05-31T17:00:00.000,subway,414,"Bowling Green (4,5)",Manhattan,metrocard,Metrocard - Unlimited 30-Day,250.0,0.0
2022-05-31T02:00:00.000,subway,414,"Bowling Green (4,5)",Manhattan,metrocard,Metrocard - Fair Fare,1.0,0.0
2022-05-31T02:00:00.000,subway,601,"14 St (F,M,1,2,3)/6 Av (L)",Manhattan,metrocard,Metrocard - Unlimited 30-Day,4.0,0.0
2022-05-31T20:00:00.000,subway,405,23 St (6),Manhattan,omny,OMNY - Full Fare,195.0,0.0
2022-05-31T15:00:00.000,subway,154,"116 St (C,B)",Manhattan,metrocard,Metrocard - Other,14.0,0.0
2022-05-31T14:00:00.000,subway,152,"135 St (C,B)",Manhattan,metrocard,Metrocard - Fair Fare,11.0,0.0
2022-05-31T08:00:00.000,subway,149,163 St-Amsterdam Av (C),Manhattan,metrocard,Metrocard - Full Fare,54.0,1.0
2022-05-31T13:00:00.000,subway,150,155 St (C),Manhattan,metrocard,Metrocard - Unlimited 30-Day,15.0,0.0
2022-05-31T06:00:00.000,subway,153,"125 St (A,C,B,D)",Manhattan,metrocard,Metrocard - Other,61.0,0.0
2022-05-31T04:00:00.000,subway,605,"168 St (A,C,1)",Manhattan,metrocard,Metrocard - Fair Fare,4.0,0.0
2022-05-31T01:00:00.000,subway,162,"50 St (C,E)",Manhattan,metrocard,Metrocard - Seniors & Disability,2.0,0.0
2022-05-31T14:00:00.000,subway,333,"Wall St (2,3)",Manhattan,metrocard,Metrocard - Unlimited 7-Day,55.0,0.0
2022-05-31T04:00:00.000,subway,609,"Bryant Pk (B,D,F,M)/5 Av (7)",Manhattan,metrocard,Metrocard - Other,3.0,0.0
2022-05-31T06:00:00.000,subway,147,175 St (A),Manhattan,metrocard,Metrocard - Full Fare,199.0,8.0
2022-05-31T01:00:00.000,subway,9,"57 St-7 Av (N,Q,R,W)",Manhattan,metrocard,Metrocard - Fair Fare,2.0,0.0
2022-05-31T08:00:00.000,subway,409,Spring St (6),Manhattan,metrocard,Metrocard - Full Fare,53.0,0.0
2022-05-31T07:00:00.000,subway,153,"125 St (A,C,B,D)",Manhattan,metrocard,Metrocard - Unlimited 7-Day,150.0,0.0
2022-05-31T23:00:00.000,subway,146,181 St (A),Manhattan,metrocard,Metrocard - Full Fare,3.0,0.0
2022-05-31T22:00:00.000,subway,601,"14 St (F,M,1,2,3)/6 Av (L)",Manhattan,metrocard,Metrocard - Seniors & Disability,18.0,2.0
2022-05-31T15:00:00.000,subway,160,"72 St (C,B)",Manhattan,metrocard,Metrocard - Full Fare,152.0,4.0
2022-05-31T18:00:00.000,subway,602,"14 St-Union Sq (L,N,Q,R,W,4,5,6)",Manhattan,metrocard,Metrocard - Unlimited 30-Day,756.0,0.0
2022-05-31T12:00:00.000,subway,156,"103 St (C,B)",Manhattan,metrocard,Metrocard - Unlimited 30-Day,20.0,0.0
2022-05-31T22:00:00.000,subway,602,"14 St-Union Sq (L,N,Q,R,W,4,5,6)",Manhattan,metrocard,Metrocard - Full Fare,366.0,8.0
2022-05-31T22:00:00.000,subway,145,190 St (A),Manhattan,omny,OMNY - Full Fare,2.0,0.0
2022-05-31T20:00:00.000,subway,154,"116 St (C,B)",Manhattan,metrocard,Metrocard - Students,12.0,0.0
2022-05-31T08:00:00.000,subway,149,163 St-Amsterdam Av (C),Manhattan,metrocard,Metrocard - Unlimited 7-Day,32.0,0.0
2022-05-31T05:00:00.000,subway,143,Inwood-207 St (A),Manhattan,omny,OMNY - Full Fare,39.0,6.0
2022-05-31T10:00:00.000,subway,13,"28 St (R,W)",Manhattan,omny,OMNY - Full Fare,103.0,1.0
2022-05-31T06:00:00.000,subway,327,"Chambers St (1,2,3)",Manhattan,metrocard,Metrocard - Unlimited 7-Day,8.0,0.0
2022-05-31T02:00:00.000,subway,407,Astor Pl (6),Manhattan,metrocard,Metrocard - Unlimited 7-Day,1.0,0.0
2022-05-31T02:00:00.000,subway,409,Spring St (6),Manhattan,metrocard,Metrocard - Other,1.0,0.0
2022-05-31T11:00:00.000,subway,405,23 St (6),Manhattan,metrocard,Metrocard - Unlimited 30-Day,51.0,0.0
2022-05-31T10:00:00.000,subway,414,"Bowling Green (4,5)",Manhattan,metrocard,Metrocard - Fair Fare,9.0,0.0
2022-05-31T08:00:00.000,subway,149,163 St-Amsterdam Av (C),Manhattan,omny,OMNY - Full Fare,63.0,1.0
2022-05-31T23:00:00.000,subway,145,190 St (A),Manhattan,metrocard,Metrocard - Unlimited 7-Day,5.0,0.0
2022-05-31T12:00:00.000,subway,326,Franklin St (1),Manhattan,omny,OMNY - Full Fare,47.0,0.0
2022-05-31T06:00:00.000,subway,150,155 St (C),Manhattan,metrocard,Metrocard - Unlimited 30-Day,12.0,0.0
2022-05-31T14:00:00.000,subway,407,Astor Pl (6),Manhattan,metrocard,Metrocard - Other,17.0,0.0
2022-05-31T21:00:00.000,subway,146,181 St (A),Manhattan,omny,OMNY - Full Fare,30.0,0.0
2022-05-31T05:00:00.000,subway,409,Spring St (6),Manhattan,metrocard,Metrocard - Unlimited 7-Day,3.0,0.0
2022-05-31T14:00:00.000,subway,159,"81 St-Museum of Natural History (C,B)",Manhattan,metrocard,Metrocard - Seniors & Disability,22.0,6.0
2022-05-31T00:00:00.000,subway,158,"86 St (C,B)",Manhattan,metrocard,Metrocard - Full Fare,6.0,0.0
2022-05-31T17:00:00.000,subway,329,Rector St (1),Manhattan,metrocard,Metrocard - Seniors & Disability,19.0,0.0
2022-05-31T13:00:00.000,subway,162,"50 St (C,E)",Manhattan,metrocard,Metrocard - Unlimited 30-Day,33.0,0.0
2022-05-31T05:00:00.000,subway,602,"14 St-Union Sq (L,N,Q,R,W,4,5,6)",Manhattan,metrocard,Metrocard - Unlimited 30-Day,16.0,0.0
2022-05-31T21:00:00.000,subway,147,175 St (A),Manhattan,metrocard,Metrocard - Seniors & Disability,1.0,0.0
2022-05-31T22:00:00.000,subway,13,"28 St (R,W)",Manhattan,metrocard,Metrocard - Other,5.0,0.0
2022-05-31T21:00:00.000,subway,16,"8 St-NYU (R,W)",Manhattan,metrocard,Metrocard - Full Fare,68.0,0.0
2022-05-31T11:00:00.000,subway,14,"23 St (R,W)",Manhattan,metrocard,Metrocard - Other,10.0,0.0
2022-05-31T09:00:00.000,subway,14,"23 St (R,W)",Manhattan,metrocard,Metrocard - Unlimited 30-Day,22.0,0.0
2022-05-31T08:00:00.000,subway,602,"14 St-Union Sq (L,N,Q,R,W,4,5,6)",Manhattan,omny,OMNY - Full Fare,1091.0,37.0
2022-05-31T23:00:00.000,subway,327,"Chambers St (1,2,3)",Manhattan,metrocard,Metrocard - Unlimited 30-Day,29.0,0.0
2022-05-31T02:00:00.000,subway,607,"34 St-Herald Sq (B,D,F,M,N,Q,R,W)",Manhattan,metrocard,Metrocard - Seniors & Disability,1.0,0.0
2022-05-31T04:00:00.000,subway,155,"Cathedral Pkwy (110 St) (C,B)",Manhattan,metrocard,Metrocard - Unlimited 7-Day,6.0,0.0
2022-05-31T17:00:00.000,subway,13,"28 St (R,W)",Manhattan,metrocard,Metrocard - Unlimited 30-Day,116.0,0.0
2022-05-31T18:00:00.000,subway,147,175 St (A),Manhattan,metrocard,Metrocard - Unlimited 7-Day,39.0,0.0
2022-05-31T13:00:00.000,subway,605,"168 St (A,C,1)",Manhattan,metrocard,Metrocard - Fair Fare,31.0,1.0
2022-05-31T15:00:00.000,subway,605,"168 St (A,C,1)",Manhattan,metrocard,Metrocard - Other,56.0,0.0
2022-05-31T04:00:00.000,subway,144,Dyckman St (A),Manhattan,metrocard,Metrocard - Fair Fare,1.0,0.0
2022-05-31T15:00:00.000,subway,414,"Bowling Green (4,5)",Manhattan,metrocard,Metrocard - Students,238.0,0.0
2022-05-31T15:00:00.000,subway,156,"103 St (C,B)",Manhattan,metrocard,Metrocard - Seniors & Disability,10.0,0.0
2022-05-31T18:00:00.000,subway,409,Spring St (6),Manhattan,omny,OMNY - Full Fare,362.0,0.0
2022-05-31T08:00:00.000,subway,605,"168 St (A,C,1)",Manhattan,omny,OMNY - Full Fare,319.0,7.0
2022-05-31T16:00:00.000,subway,413,"Wall St (4,5)",Manhattan,metrocard,Metrocard - Unlimited 7-Day,89.0,0.0
2022-05-31T01:00:00.000,subway,151,"145 St (A,C,B,D)",Manhattan,metrocard,Metrocard - Full Fare,3.0,0.0
2022-05-31T12:00:00.000,subway,333,"Wall St (2,3)",Manhattan,metrocard,Metrocard - Students,2.0,0.0
2022-05-31T17:00:00.000,subway,327,"Chambers St (1,2,3)",Manhattan,metrocard,Metrocard - Unlimited 7-Day,88.0,0.0
2022-05-31T14:00:00.000,subway,155,"Cathedral Pkwy (110 St) (C,B)",Manhattan,metrocard,Metrocard - Full Fare,41.0,1.0
2022-05-31T07:00:00.000,subway,157,"96 St (C,B)",Manhattan,metrocard,Metrocard - Seniors & Disability,3.0,0.0
2022-05-31T09:00:00.000,subway,13,"28 St (R,W)",Manhattan,metrocard,Metrocard - Fair Fare,1.0,0.0
2022-05-31T17:00:00.000,subway,605,"168 St (A,C,1)",Manhattan,metrocard,Metrocard - Full Fare,492.0,2.0
2022-05-31T05:00:00.000,subway,413,"Wall St (4,5)",Manhattan,metrocard,Metrocard - Full Fare,7.0,1.0
2022-05-31T18:00:00.000,subway,150,155 St (C),Manhattan,metrocard,Metrocard - Seniors & Disability,5.0,0.0
2022-05-31T09:00:00.000,subway,162,"50 St (C,E)",Manhattan,omny,OMNY - Full Fare,215.0,0.0
2022-05-31T19:00:00.000,subway,158,"86 St (C,B)",Manhattan,metrocard,Metrocard - Unlimited 7-Day,40.0,0.0
2022-05-31T13:00:00.000,subway,16,"8 St-NYU (R,W)",Manhattan,omny,OMNY - Full Fare,136.0,0.0
2022-05-31T14:00:00.000,subway,152,"135 St (C,B)",Manhattan,metrocard,Metrocard - Unlimited 30-Day,31.0,0.0
2022-05-31T12:00:00.000,subway,327,"Chambers St (1,2,3)",Manhattan,omny,OMNY - Full Fare,123.0,1.0
2022-05-31T14:00:00.000,subway,13,"28 St (R,W)",Manhattan,metrocard,Metrocard - Unlimited 7-Day,66.0,0.0
2022-05-31T14:00:00.000,subway,162,"50 St (C,E)",Manhattan,metrocard,Metrocard - Students,280.0,1.0
2022-05-31T01:00:00.000,subway,155,"Cathedral Pkwy (110 St) (C,B)",Manhattan,metrocard,Metrocard - Other,2.0,0.0
2022-05-31T17:00:00.000,subway,150,155 St (C),Manhattan,metrocard,Metrocard - Other,6.0,0.0
2022-05-31T14:00:00.000,subway,151,"145 St (A,C,B,D)",Manhattan,metrocard,Metrocard - Seniors & Disability,20.0,2.0
2022-05-31T11:00:00.000,subway,409,Spring St (6),Manhattan,metrocard,Metrocard - Students,2.0,0.0
2022-05-31T15:00:00.000,subway,160,"72 St (C,B)",Manhattan,metrocard,Metrocard - Seniors & Disability,16.0,2.0
2022-05-31T15:00:00.000,subway,154,"116 St (C,B)",Manhattan,metrocard,Metrocard - Unlimited 7-Day,34.0,0.0
2022-05-31T22:00:00.000,subway,14,"23 St (R,W)",Manhattan,metrocard,Metrocard - Seniors & Disability,4.0,0.0
2022-05-31T09:00:00.000,subway,327,"Chambers St (1,2,3)",Manhattan,metrocard,Metrocard - Seniors & Disability,13.0,0.0
2022-05-31T20:00:00.000,subway,151,"145 St (A,C,B,D)",Manhattan,metrocard,Metrocard - Full Fare,47.0,1.0
2022-05-31T16:00:00.000,subway,607,"34 St-Herald Sq (B,D,F,M,N,Q,R,W)",Manhattan,metrocard,Metrocard - Students,197.0,3.0
2022-05-31T05:00:00.000,subway,144,Dyckman St (A),Manhattan,metrocard,Metrocard - Unlimited 30-Day,19.0,0.0
2022-05-31T17:00:00.000,subway,13,"28 St (R,W)",Manhattan,metrocard,Metrocard - Other,36.0,1.0
2022-05-31T17:00:00.000,subway,602,"14 St-Union Sq (L,N,Q,R,W,4,5,6)",Manhattan,omny,OMNY - Other,2.0,0.0
2022-05-31T15:00:00.000,subway,155,"Cathedral Pkwy (110 St) (C,B)",Manhattan,metrocard,Metrocard - Students,70.0,12.0
2022-05-31T16:00:00.000,subway,602,"14 St-Union Sq (L,N,Q,R,W,4,5,6)",Manhattan,metrocard,Metrocard - Fair Fare,160.0,8.0
2022-05-31T17:00:00.000,subway,154,"116 St (C,B)",Manhattan,metrocard,Metrocard - Seniors & Disability,6.0,2.0
2022-05-31T07:00:00.000,subway,414,"Bowling Green (4,5)",Manhattan,metrocard,Metrocard - Full Fare,283.0,190.0
2022-05-31T13:00:00.000,subway,157,"96 St (C,B)",Manhattan,omny,OMNY - Full Fare,78.0,4.0
2022-05-31T11:00:00.000,subway,156,"103 St (C,B)",Manhattan,metrocard,Metrocard - Students,7.0,1.0
2022-05-31T07:00:00.000,subway,145,190 St (A),Manhattan,metrocard,Metrocard - Unlimited 7-Day,28.0,0.0
2022-05-31T08:00:00.000,subway,333,"Wall St (2,3)",Manhattan,metrocard,Metrocard - Fair Fare,3.0,0.0
2022-05-31T04:00:00.000,subway,151,"145 St (A,C,B,D)",Manhattan,metrocard,Metrocard - Unlimited 7-Day,21.0,0.0
2022-05-31T00:00:00.000,subway,162,"50 St (C,E)",Manhattan,metrocard,Metrocard - Full Fare,7.0,0.0
2022-05-31T14:00:00.000,subway,157,"96 St (C,B)",Manhattan,metrocard,Metrocard - Full Fare,83.0,22.0
2022-05-31T12:00:00.000,subway,328,WTC Cortlandt (1),Manhattan,metrocard,Metrocard - Unlimited 30-Day,20.0,0.0
2022-05-31T15:00:00.000,subway,13,"28 St (R,W)",Manhattan,metrocard,Metrocard - Full Fare,131.0,0.0
2022-05-31T18:00:00.000,subway,147,175 St (A),Manhattan,metrocard,Metrocard - Unlimited 30-Day,43.0,0.0
2022-05-31T13:00:00.000,subway,414,"Bowling Green (4,5)",Manhattan,omny,OMNY - Full Fare,154.0,11.0
2022-05-31T06:00:00.000,subway,158,"86 St (C,B)",Manhattan,metrocard,Metrocard - Unlimited 7-Day,5.0,0.0
2022-05-31T14:00:00.000,subway,153,"125 St (A,C,B,D)",Manhattan,metrocard,Metrocard - Fair Fare,73.0,7.0
2022-05-31T04:00:00.000,subway,145,190 St (A),Manhattan,metrocard,Metrocard - Seniors & Disability,2.0,0.0
2022-05-31T13:00:00.000,subway,143,Inwood-207 St (A),Manhattan,metrocard,Metrocard - Unlimited 7-Day,27.0,0.0
2022-05-31T00:00:00.000,subway,333,"Wall St (2,3)",Manhattan,metrocard,Metrocard - Unlimited 30-Day,5.0,0.0
2022-05-31T15:00:00.000,subway,602,"14 St-Union Sq (L,N,Q,R,W,4,5,6)",Manhattan,metrocard,Metrocard - Other,191.0,2.0
2022-05-31T07:00:00.000,subway,158,"86 St (C,B)",Manhattan,metrocard,Metrocard - Fair Fare,8.0,0.0
2022-05-31T15:00:00.000,subway,155,"Cathedral Pkwy (110 St) (C,B)",Manhattan,metrocard,Metrocard - Fair Fare,14.0,1.0
2022-05-31T18:00:00.000,subway,152,"135 St (C,B)",Manhattan,metrocard,Metrocard - Seniors & Disability,2.0,0.0
2022-05-31T20:00:00.000,subway,333,"Wall St (2,3)",Manhattan,metrocard,Metrocard - Full Fare,99.0,0.0
2022-05-31T17:00:00.000,subway,413,"Wall St (4,5)",Manhattan,metrocard,Metrocard - Other,70.0,0.0
2022-05-31T09:00:00.000,subway,143,Inwood-207 St (A),Manhattan,metrocard,Metrocard - Full Fare,94.0,11.0
2022-05-31T04:00:00.000,subway,333,"Wall St (2,3)",Manhattan,omny,OMNY - Full Fare,2.0,0.0
2022-05-31T06:00:00.000,subway,327,"Chambers St (1,2,3)",Manhattan,omny,OMNY - Full Fare,29.0,3.0
2022-05-31T23:00:00.000,subway,413,"Wall St (4,5)",Manhattan,metrocard,Metrocard - Seniors & Disability,5.0,0.0
2022-05-31T08:00:00.000,subway,327,"Chambers St (1,2,3)",Manhattan,metrocard,Metrocard - Unlimited 30-Day,41.0,0.0
2022-05-31T19:00:00.000,subway,151,"145 St (A,C,B,D)",Manhattan,metrocard,Metrocard - Unlimited 7-Day,58.0,0.0
2022-05-31T13:00:00.000,subway,154,"116 St (C,B)",Manhattan,metrocard,Metrocard - Unlimited 7-Day,27.0,0.0
2022-05-31T02:00:00.000,subway,153,"125 St (A,C,B,D)",Manhattan,metrocard,Metrocard - Unlimited 7-Day,5.0,0.0
2022-05-31T08:00:00.000,subway,160,"72 St (C,B)",Manhattan,metrocard,Metrocard - Unlimited 7-Day,10.0,0.0
2022-05-31T11:00:00.000,subway,147,175 St (A),Manhattan,metrocard,Metrocard - Full Fare,88.0,2.0
2022-05-31T08:00:00.000,subway,328,WTC Cortlandt (1),Manhattan,metrocard,Metrocard - Unlimited 7-Day,33.0,0.0
2022-05-31T18:00:00.000,subway,144,Dyckman St (A),Manhattan,metrocard,Metrocard - Unlimited 30-Day,24.0,0.0
2022-05-31T18:00:00.000,subway,143,Inwood-207 St (A),Manhattan,metrocard,Metrocard - Fair Fare,9.0,0.0
2022-05-31T07:00:00.000,subway,146,181 St (A),Manhattan,metrocard,Metrocard - Students,262.0,2.0
2022-05-31T07:00:00.000,subway,328,WTC Cortlandt (1),Manhattan,metrocard,Metrocard - Unlimited 30-Day,36.0,0.0
2022-05-31T08:00:00.000,subway,414,"Bowling Green (4,5)",Manhattan,omny,OMNY - Full Fare,308.0,145.0
2022-05-31T07:00:00.000,subway,329,Rector St (1),Manhattan,metrocard,Metrocard - Unlimited 30-Day,26.0,0.0
2022-05-31T06:00:00.000,subway,145,190 St (A),Manhattan,metrocard,Metrocard - Students,15.0,0.0
2022-05-31T02:00:00.000,subway,405,23 St (6),Manhattan,metrocard,Metrocard - Unlimited 7-Day,2.0,0.0
2022-05-31T06:00:00.000,subway,152,"135 St (C,B)",Manhattan,metrocard,Metrocard - Fair Fare,3.0,0.0
2022-05-31T13:00:00.000,subway,328,WTC Cortlandt (1),Manhattan,metrocard,Metrocard - Seniors & Disability,2.0,0.0
2022-05-31T16:00:00.000,subway,605,"168 St (A,C,1)",Manhattan,metrocard,Metrocard - Full Fare,449.0,3.0
2022-05-31T08:00:00.000,subway,9,"57 St-7 Av (N,Q,R,W)",Manhattan,metrocard,Metrocard - Students,47.0,8.0
2022-05-31T23:00:00.000,subway,413,"Wall St (4,5)",Manhattan,omny,OMNY - Full Fare,69.0,0.0
2022-05-31T23:00:00.000,subway,9,"57 St-7 Av (N,Q,R,W)",Manhattan,metrocard,Metrocard - Unlimited 30-Day,104.0,0.0
2022-05-31T19:00:00.000,subway,407,Astor Pl (6),Manhattan,metrocard,Metrocard - Unlimited 7-Day,38.0,0.0
2022-05-31T23:00:00.000,subway,414,"Bowling Green (4,5)",Manhattan,metrocard,Metrocard - Seniors & Disability,3.0,0.0
2022-05-31T05:00:00.000,subway,414,"Bowling Green (4,5)",Manhattan,metrocard,Metrocard - Unlimited 7-Day,20.0,0.0
2022-05-31T15:00:00.000,subway,153,"125 St (A,C,B,D)",Manhattan,metrocard,Metrocard - Seniors & Disability,50.0,7.0
2022-05-31T07:00:00.000,subway,409,Spring St (6),Manhattan,metrocard,Metrocard - Unlimited 30-Day,23.0,0.0
2022-05-31T10:00:00.000,subway,327,"Chambers St (1,2,3)",Manhattan,metrocard,Metrocard - Other,12.0,0.0
2022-05-31T18:00:00.000,subway,328,WTC Cortlandt (1),Manhattan,metrocard,Metrocard - Unlimited 7-Day,36.0,0.0
2022-05-31T06:00:00.000,subway,409,Spring St (6),Manhattan,metrocard,Metrocard - Students,6.0,0.0
2022-05-31T03:00:00.000,subway,147,175 St (A),Manhattan,omny,OMNY - Full Fare,1.0,0.0
2022-05-31T18:00:00.000,subway,414,"Bowling Green (4,5)",Manhattan,metrocard,Metrocard - Full Fare,334.0,23.0
2022-05-31T05:00:00.000,subway,150,155 St (C),Manhattan,metrocard,Metrocard - Unlimited 7-Day,9.0,0.0
2022-05-31T11:00:00.000,subway,160,"72 St (C,B)",Manhattan,omny,OMNY - Full Fare,82.0,1.0
2022-05-31T20:00:00.000,subway,328,WTC Cortlandt (1),Manhattan,metrocard,Metrocard - Fair Fare,2.0,0.0
2022-05-31T06:00:00.000,subway,329,Rector St (1),Manhattan,metrocard,Metrocard - Students,3.0,0.0
2022-05-31T14:00:00.000,subway,413,"Wall St (4,5)",Manhattan,metrocard,Metrocard - Students,39.0,0.0
2022-05-31T12:00:00.000,subway,146,181 St (A),Manhattan,metrocard,Metrocard - Full Fare,57.0,1.0
2022-05-31T02:00:00.000,subway,602,"14 St-Union Sq (L,N,Q,R,W,4,5,6)",Manhattan,metrocard,Metrocard - Seniors & Disability,2.0,0.0
2022-05-31T09:00:00.000,subway,413,"Wall St (4,5)",Manhattan,metrocard,Metrocard - Unlimited 30-Day,43.0,0.0
2022-05-31T13:00:00.000,subway,159,"81 St-Museum of Natural History (C,B)",Manhattan,metrocard,Metrocard - Fair Fare,10.0,1.0
2022-05-31T03:00:00.000,subway,147,175 St (A),Manhattan,metrocard,Metrocard - Unlimited 30-Day,1.0,0.0
2022-05-31T21:00:00.000,subway,607,"34 St-Herald Sq (B,D,F,M,N,Q,R,W)",Manhattan,omny,OMNY - Other,3.0,0.0
2022-05-31T13:00:00.000,subway,605,"168 St (A,C,1)",Manhattan,metrocard,Metrocard - Students,24.0,0.0
2022-05-31T16:00:00.000,subway,601,"14 St (F,M,1,2,3)/6 Av (L)",Manhattan,omny,OMNY - Other,2.0,0.0
2022-05-31T08:00:00.000,subway,328,WTC Cortlandt (1),Manhattan,metrocard,Metrocard - Other,34.0,0.0
2022-05-31T19:00:00.000,subway,609,"Bryant Pk (B,D,F,M)/5 Av (7)",Manhattan,metrocard,Metrocard - Fair Fare,59.0,1.0
2022-05-31T19:00:00.000,subway,16,"8 St-NYU (R,W)",Manhattan,metrocard,Metrocard - Students,12.0,0.0
2022-05-31T09:00:00.000,subway,333,"Wall St (2,3)",Manhattan,metrocard,Metrocard - Full Fare,58.0,0.0
2022-05-31T09:00:00.000,subway,158,"86 St (C,B)",Manhattan,metrocard,Metrocard - Unlimited 7-Day,23.0,0.0
2022-05-31T18:00:00.000,subway,328,WTC Cortlandt (1),Manhattan,metrocard,Metrocard - Other,17.0,0.0
2022-05-31T22:00:00.000,subway,160,"72 St (C,B)",Manhattan,metrocard,Metrocard - Seniors & Disability,1.0,0.0
2022-05-31T08:00:00.000,subway,409,Spring St (6),Manhattan,omny,OMNY - Full Fare,175.0,0.0
2022-05-31T16:00:00.000,subway,156,"103 St (C,B)",Manhattan,metrocard,Metrocard - Fair Fare,6.0,0.0
2022-05-31T12:00:00.000,subway,327,"Chambers St (1,2,3)",Manhattan,metrocard,Metrocard - Students,10.0,0.0
2022-05-31T10:00:00.000,subway,159,"81 St-Museum of Natural History (C,B)",Manhattan,metrocard,Metrocard - Unlimited 7-Day,24.0,0.0
2022-05-31T02:00:00.000,subway,333,"Wall St (2,3)",Manhattan,metrocard,Metrocard - Full Fare,1.0,0.0
2022-05-31T13:00:00.000,subway,333,"Wall St (2,3)",Manhattan,metrocard,Metrocard - Seniors & Disability,13.0,0.0
2022-05-31T23:00:00.000,subway,409,Spring St (6),Manhattan,metrocard,Metrocard - Fair Fare,2.0,0.0
2022-05-31T11:00:00.000,subway,156,"103 St (C,B)",Manhattan,metrocard,Metrocard - Unlimited 7-Day,25.0,0.0
2022-05-31T18:00:00.000,subway,607,"34 St-Herald Sq (B,D,F,M,N,Q,R,W)",Manhattan,metrocard,Metrocard - Full Fare,1917.0,25.0
2022-05-31T20:00:00.000,subway,144,Dyckman St (A),Manhattan,metrocard,Metrocard - Full Fare,9.0,0.0
2022-05-31T17:00:00.000,subway,16,"8 St-NYU (R,W)",Manhattan,metrocard,Metrocard - Seniors & Disability,22.0,0.0
2022-05-31T09:00:00.000,subway,145,190 St (A),Manhattan,metrocard,Metrocard - Full Fare,32.0,0.0
2022-05-31T11:00:00.000,subway,156,"103 St (C,B)",Manhattan,metrocard,Metrocard - Full Fare,27.0,0.0
2022-05-31T00:00:00.000,subway,159,"81 St-Museum of Natural History (C,B)",Manhattan,metrocard,Metrocard - Other,1.0,0.0
2022-05-31T15:00:00.000,subway,151,"145 St (A,C,B,D)",Manhattan,metrocard,Metrocard - Unlimited 7-Day,112.0,0.0
2022-05-31T08:00:00.000,subway,150,155 St (C),Manhattan,metrocard,Metrocard - Other,11.0,0.0
2022-05-31T13:00:00.000,subway,16,"8 St-NYU (R,W)",Manhattan,metrocard,Metrocard - Fair Fare,4.0,0.0
2022-05-31T01:00:00.000,subway,14,"23 St (R,W)",Manhattan,metrocard,Metrocard - Full Fare,2.0,0.0
2022-05-31T07:00:00.000,subway,143,Inwood-207 St (A),Manhattan,metrocard,Metrocard - Students,138.0,10.0
2022-05-31T23:00:00.000,subway,151,"145 St (A,C,B,D)",Manhattan,metrocard,Metrocard - Other,16.0,0.0
2022-05-31T04:00:00.000,subway,158,"86 St (C,B)",Manhattan,omny,OMNY - Full Fare,2.0,0.0
2022-05-31T14:00:00.000,subway,157,"96 St (C,B)",Manhattan,metrocard,Metrocard - Students,49.0,17.0
2022-05-31T06:00:00.000,subway,13,"28 St (R,W)",Manhattan,metrocard,Metrocard - Unlimited 7-Day,2.0,0.0
2022-05-31T19:00:00.000,subway,409,Spring St (6),Manhattan,metrocard,Metrocard - Unlimited 30-Day,63.0,0.0
2022-05-31T07:00:00.000,subway,155,"Cathedral Pkwy (110 St) (C,B)",Manhattan,metrocard,Metrocard - Full Fare,73.0,1.0
2022-05-31T14:00:00.000,subway,147,175 St (A),Manhattan,metrocard,Metrocard - Unlimited 30-Day,37.0,0.0
2022-05-31T17:00:00.000,subway,158,"86 St (C,B)",Manhattan,metrocard,Metrocard - Students,56.0,1.0
2022-05-31T08:00:00.000,subway,147,175 St (A),Manhattan,metrocard,Metrocard - Other,43.0,0.0
2022-05-31T14:00:00.000,subway,609,"Bryant Pk (B,D,F,M)/5 Av (7)",Manhattan,metrocard,Metrocard - Full Fare,416.0,3.0
2022-05-31T11:00:00.000,subway,153,"125 St (A,C,B,D)",Manhattan,metrocard,Metrocard - Full Fare,157.0,16.0
2022-05-31T05:00:00.000,subway,9,"57 St-7 Av (N,Q,R,W)",Manhattan,metrocard,Metrocard - Full Fare,10.0,1.0
2022-05-31T17:00:00.000,subway,414,"Bowling Green (4,5)",Manhattan,metrocard,Metrocard - Other,395.0,0.0
2022-05-31T00:00:00.000,subway,601,"14 St (F,M,1,2,3)/6 Av (L)",Manhattan,metrocard,Metrocard - Unlimited 7-Day,52.0,0.0
2022-05-31T21:00:00.000,subway,607,"34 St-Herald Sq (B,D,F,M,N,Q,R,W)",Manhattan,metrocard,Metrocard - Full Fare,520.0,8.0
2022-05-31T22:00:00.000,subway,162,"50 St (C,E)",Manhattan,metrocard,Metrocard - Fair Fare,10.0,0.0
2022-05-31T11:00:00.000,subway,144,Dyckman St (A),Manhattan,metrocard,Metrocard - Other,3.0,0.0
2022-05-31T09:00:00.000,subway,602,"14 St-Union Sq (L,N,Q,R,W,4,5,6)",Manhattan,metrocard,Metrocard - Unlimited 30-Day,195.0,0.0
2022-05-31T21:00:00.000,subway,154,"116 St (C,B)",Manhattan,metrocard,Metrocard - Unlimited 30-Day,13.0,0.0
2022-05-31T07:00:00.000,subway,156,"103 St (C,B)",Manhattan,omny,OMNY - Full Fare,79.0,0.0
2022-05-31T09:00:00.000,subway,144,Dyckman St (A),Manhattan,metrocard,Metrocard - Other,7.0,0.0
2022-05-31T18:00:00.000,subway,144,Dyckman St (A),Manhattan,omny,OMNY - Full Fare,50.0,0.0
2022-05-31T18:00:00.000,subway,149,163 St-Amsterdam Av (C),Manhattan,metrocard,Metrocard - Other,1.0,0.0
2022-05-31T13:00:00.000,subway,152,"135 St (C,B)",Manhattan,metrocard,Metrocard - Seniors & Disability,8.0,0.0
2022-05-31T10:00:00.000,subway,154,"116 St (C,B)",Manhattan,metrocard,Metrocard - Seniors & Disability,5.0,3.0
2022-05-31T20:00:00.000,subway,14,"23 St (R,W)",Manhattan,metrocard,Metrocard - Unlimited 30-Day,68.0,0.0
2022-05-31T11:00:00.000,subway,157,"96 St (C,B)",Manhattan,metrocard,Metrocard - Unlimited 30-Day,37.0,0.0
2022-05-31T19:00:00.000,subway,152,"135 St (C,B)",Manhattan,metrocard,Metrocard - Fair Fare,1.0,0.0
2022-05-31T09:00:00.000,subway,147,175 St (A),Manhattan,metrocard,Metrocard - Unlimited 30-Day,60.0,0.0
2022-05-31T08:00:00.000,subway,160,"72 St (C,B)",Manhattan,metrocard,Metrocard - Full Fare,75.0,1.0
2022-05-31T14:00:00.000,subway,162,"50 St (C,E)",Manhattan,metrocard,Metrocard - Full Fare,145.0,2.0
2022-05-31T12:00:00.000,subway,329,Rector St (1),Manhattan,metrocard,Metrocard - Fair Fare,1.0,0.0
2022-05-31T11:00:00.000,subway,605,"168 St (A,C,1)",Manhattan,omny,OMNY - Other,1.0,0.0
2022-05-31T10:00:00.000,subway,151,"145 St (A,C,B,D)",Manhattan,metrocard,Metrocard - Unlimited 7-Day,95.0,0.0
2022-05-31T22:00:00.000,subway,156,"103 St (C,B)",Manhattan,metrocard,Metrocard - Other,2.0,0.0
2022-05-31T10:00:00.000,subway,153,"125 St (A,C,B,D)",Manhattan,metrocard,Metrocard - Unlimited 7-Day,88.0,0.0
2022-05-31T03:00:00.000,subway,602,"14 St-Union Sq (L,N,Q,R,W,4,5,6)",Manhattan,metrocard,Metrocard - Full Fare,7.0,1.0
2022-05-31T21:00:00.000,subway,329,Rector St (1),Manhattan,metrocard,Metrocard - Full Fare,5.0,0.0
2022-05-31T06:00:00.000,subway,162,"50 St (C,E)",Manhattan,omny,OMNY - Full Fare,41.0,0.0
2022-05-31T08:00:00.000,subway,413,"Wall St (4,5)",Manhattan,metrocard,Metrocard - Fair Fare,3.0,0.0
2022-05-31T20:00:00.000,subway,157,"96 St (C,B)",Manhattan,metrocard,Metrocard - Fair Fare,6.0,0.0
2022-05-31T00:00:00.000,subway,602,"14 St-Union Sq (L,N,Q,R,W,4,5,6)",Manhattan,metrocard,Metrocard - Unlimited 7-Day,78.0,0.0
2022-05-31T03:00:00.000,subway,409,Spring St (6),Manhattan,omny,OMNY - Full Fare,3.0,0.0
2022-05-31T22:00:00.000,subway,152,"135 St (C,B)",Manhattan,metrocard,Metrocard - Other,3.0,0.0
2022-05-31T09:00:00.000,subway,328,WTC Cortlandt (1),Manhattan,metrocard,Metrocard - Fair Fare,1.0,0.0
2022-05-31T14:00:00.000,subway,333,"Wall St (2,3)",Manhattan,metrocard,Metrocard - Unlimited 30-Day,59.0,0.0
2022-05-31T16:00:00.000,subway,155,"Cathedral Pkwy (110 St) (C,B)",Manhattan,metrocard,Metrocard - Seniors & Disability,13.0,3.0
2022-05-31T15:00:00.000,subway,13,"28 St (R,W)",Manhattan,metrocard,Metrocard - Students,9.0,0.0
2022-05-31T04:00:00.000,subway,14,"23 St (R,W)",Manhattan,omny,OMNY - Full Fare,1.0,0.0
2022-05-31T23:00:00.000,subway,16,"8 St-NYU (R,W)",Manhattan,metrocard,Metrocard - Seniors & Disability,1.0,0.0
2022-05-31T13:00:00.000,subway,150,155 St (C),Manhattan,metrocard,Metrocard - Fair Fare,5.0,0.0
2022-05-31T15:00:00.000,subway,153,"125 St (A,C,B,D)",Manhattan,omny,OMNY - Full Fare,320.0,14.0
2022-05-31T06:00:00.000,subway,329,Rector St (1),Manhattan,metrocard,Metrocard - Unlimited 7-Day,10.0,0.0
2022-05-31T08:00:00.000,subway,152,"135 St (C,B)",Manhattan,metrocard,Metrocard - Unlimited 7-Day,39.0,0.0
2022-05-31T07:00:00.000,subway,414,"Bowling Green (4,5)",Manhattan,metrocard,Metrocard - Unlimited 30-Day,63.0,0.0
2022-05-31T23:00:00.000,subway,328,WTC Cortlandt (1),Manhattan,metrocard,Metrocard - Unlimited 7-Day,13.0,0.0
2022-05-31T15:00:00.000,subway,9,"57 St-7 Av (N,Q,R,W)",Manhattan,metrocard,Metrocard - Other,73.0,1.0
2022-05-31T13:00:00.000,subway,146,181 St (A),Manhattan,metrocard,Metrocard - Fair Fare,9.0,2.0
2022-05-31T01:00:00.000,subway,326,Franklin St (1),Manhattan,omny,OMNY - Full Fare,3.0,0.0
2022-05-31T17:00:00.000,subway,151,"145 St (A,C,B,D)",Manhattan,metrocard,Metrocard - Students,79.0,2.0
2022-05-31T22:00:00.000,subway,157,"96 St (C,B)",Manhattan,metrocard,Metrocard - Unlimited 7-Day,5.0,0.0
2022-05-31T08:00:00.000,subway,413,"Wall St (4,5)",Manhattan,metrocard,Metrocard - Students,19.0,0.0
2022-05-31T19:00:00.000,subway,153,"125 St (A,C,B,D)",Manhattan,metrocard,Metrocard - Other,30.0,2.0
2022-05-31T15:00:00.000,subway,328,WTC Cortlandt (1),Manhattan,metrocard,Metrocard - Students,12.0,0.0
2022-05-31T17:00:00.000,subway,143,Inwood-207 St (A),Manhattan,metrocard,Metrocard - Other,22.0,1.0
2022-05-31T01:00:00.000,subway,414,"Bowling Green (4,5)",Manhattan,metrocard,Metrocard - Full Fare,4.0,1.0
2022-05-31T18:00:00.000,subway,14,"23 St (R,W)",Manhattan,omny,OMNY - Full Fare,554.0,7.0
2022-05-31T08:00:00.000,subway,601,"14 St (F,M,1,2,3)/6 Av (L)",Manhattan,omny,OMNY - Full Fare,768.0,11.0
2022-05-31T05:00:00.000,subway,327,"Chambers St (1,2,3)",Manhattan,metrocard,Metrocard - Other,4.0,0.0
2022-05-31T09:00:00.000,subway,144,Dyckman St (A),Manhattan,metrocard,Metrocard - Seniors & Disability,6.0,0.0
2022-05-31T23:00:00.000,subway,9,"57 St-7 Av (N,Q,R,W)",Manhattan,metrocard,Metrocard - Unlimited 7-Day,115.0,0.0
2022-05-31T22:00:00.000,subway,143,Inwood-207 St (A),Manhattan,metrocard,Metrocard - Seniors & Disability,2.0,0.0
2022-05-31T16:00:00.000,subway,159,"81 St-Museum of Natural History (C,B)",Manhattan,metrocard,Metrocard - Unlimited 7-Day,156.0,0.0
2022-05-31T01:00:00.000,subway,155,"Cathedral Pkwy (110 St) (C,B)",Manhattan,metrocard,Metrocard - Full Fare,3.0,0.0
2022-05-31T15:00:00.000,subway,405,23 St (6),Manhattan,omny,OMNY - Full Fare,341.0,9.0
2022-05-31T07:00:00.000,subway,607,"34 St-Herald Sq (B,D,F,M,N,Q,R,W)",Manhattan,metrocard,Metrocard - Fair Fare,15.0,1.0
2022-05-31T15:00:00.000,subway,405,23 St (6),Manhattan,metrocard,Metrocard - Seniors & Disability,64.0,14.0
2022-05-31T13:00:00.000,subway,151,"145 St (A,C,B,D)",Manhattan,metrocard,Metrocard - Unlimited 30-Day,89.0,0.0
2022-05-31T03:00:00.000,subway,405,23 St (6),Manhattan,metrocard,Metrocard - Other,3.0,0.0
2022-05-31T12:00:00.000,subway,146,181 St (A),Manhattan,metrocard,Metrocard - Unlimited 7-Day,28.0,0.0
2022-05-31T11:00:00.000,subway,151,"145 St (A,C,B,D)",Manhattan,metrocard,Metrocard - Unlimited 30-Day,85.0,0.0
2022-05-31T17:00:00.000,subway,333,"Wall St (2,3)",Manhattan,metrocard,Metrocard - Unlimited 30-Day,220.0,0.0
2022-05-31T13:00:00.000,subway,607,"34 St-Herald Sq (B,D,F,M,N,Q,R,W)",Manhattan,metrocard,Metrocard - Fair Fare,75.0,1.0
2022-05-31T02:00:00.000,subway,601,"14 St (F,M,1,2,3)/6 Av (L)",Manhattan,metrocard,Metrocard - Other,7.0,0.0
2022-05-31T14:00:00.000,subway,144,Dyckman St (A),Manhattan,metrocard,Metrocard - Fair Fare,19.0,1.0
2022-05-31T16:00:00.000,subway,9,"57 St-7 Av (N,Q,R,W)",Manhattan,metrocard,Metrocard - Other,90.0,0.0
2022-05-31T12:00:00.000,subway,607,"34 St-Herald Sq (B,D,F,M,N,Q,R,W)",Manhattan,metrocard,Metrocard - Other,85.0,2.0
2022-05-31T22:00:00.000,subway,146,181 St (A),Manhattan,metrocard,Metrocard - Other,5.0,0.0
2022-05-31T12:00:00.000,subway,152,"135 St (C,B)",Manhattan,omny,OMNY - Full Fare,35.0,0.0
2022-05-31T07:00:00.000,subway,152,"135 St (C,B)",Manhattan,metrocard,Metrocard - Other,25.0,1.0
2022-05-31T07:00:00.000,subway,144,Dyckman St (A),Manhattan,metrocard,Metrocard - Fair Fare,29.0,1.0
2022-05-31T02:00:00.000,subway,143,Inwood-207 St (A),Manhattan,metrocard,Metrocard - Unlimited 30-Day,1.0,0.0
2022-05-31T00:00:00.000,subway,154,"116 St (C,B)",Manhattan,metrocard,Metrocard - Full Fare,3.0,1.0
2022-05-31T06:00:00.000,subway,162,"50 St (C,E)",Manhattan,metrocard,Metrocard - Unlimited 7-Day,12.0,0.0
2022-05-31T16:00:00.000,subway,602,"14 St-Union Sq (L,N,Q,R,W,4,5,6)",Manhattan,metrocard,Metrocard - Seniors & Disability,170.0,16.0
2022-05-31T02:00:00.000,subway,407,Astor Pl (6),Manhattan,metrocard,Metrocard - Full Fare,4.0,0.0
2022-05-31T19:00:00.000,subway,407,Astor Pl (6),Manhattan,metrocard,Metrocard - Other,22.0,0.0
2022-05-31T02:00:00.000,subway,159,"81 St-Museum of Natural History (C,B)",Manhattan,metrocard,Metrocard - Fair Fare,2.0,0.0
2022-05-31T21:00:00.000,subway,605,"168 St (A,C,1)",Manhattan,metrocard,Metrocard - Other,22.0,0.0
2022-05-31T07:00:00.000,subway,414,"Bowling Green (4,5)",Manhattan,metrocard,Metrocard - Other,78.0,21.0
2022-05-31T18:00:00.000,subway,607,"34 St-Herald Sq (B,D,F,M,N,Q,R,W)",Manhattan,metrocard,Metrocard - Unlimited 30-Day,1071.0,0.0
2022-05-31T18:00:00.000,subway,405,23 St (6),Manhattan,metrocard,Metrocard - Students,33.0,1.0
2022-05-31T08:00:00.000,subway,145,190 St (A),Manhattan,metrocard,Metrocard - Full Fare,90.0,0.0
2022-05-31T12:00:00.000,subway,405,23 St (6),Manhattan,metrocard,Metrocard - Students,12.0,0.0
2022-05-31T13:00:00.000,subway,144,Dyckman St (A),Manhattan,omny,OMNY - Full Fare,49.0,1.0
2022-05-31T14:00:00.000,subway,153,"125 St (A,C,B,D)",Manhattan,metrocard,Metrocard - Unlimited 30-Day,102.0,0.0
2022-05-31T07:00:00.000,subway,328,WTC Cortlandt (1),Manhattan,metrocard,Metrocard - Full Fare,195.0,1.0
2022-05-31T15:00:00.000,subway,602,"14 St-Union Sq (L,N,Q,R,W,4,5,6)",Manhattan,metrocard,Metrocard - Students,956.0,13.0
2022-05-31T09:00:00.000,subway,155,"Cathedral Pkwy (110 St) (C,B)",Manhattan,metrocard,Metrocard - Unlimited 7-Day,38.0,0.0
2022-05-31T21:00:00.000,subway,328,WTC Cortlandt (1),Manhattan,metrocard,Metrocard - Other,4.0,0.0
2022-05-31T09:00:00.000,subway,9,"57 St-7 Av (N,Q,R,W)",Manhattan,metrocard,Metrocard - Unlimited 7-Day,95.0,0.0
2022-05-31T17:00:00.000,subway,407,Astor Pl (6),Manhattan,metrocard,Metrocard - Full Fare,226.0,1.0
2022-05-31T15:00:00.000,subway,162,"50 St (C,E)",Manhattan,metrocard,Metrocard - Unlimited 7-Day,82.0,0.0
2022-05-31T06:00:00.000,subway,329,Rector St (1),Manhattan,omny,OMNY - Full Fare,36.0,6.0
2022-05-31T06:00:00.000,subway,329,Rector St (1),Manhattan,metrocard,Metrocard - Full Fare,13.0,3.0
2022-05-31T23:00:00.000,subway,14,"23 St (R,W)",Manhattan,metrocard,Metrocard - Unlimited 7-Day,35.0,0.0
2022-05-31T10:00:00.000,subway,16,"8 St-NYU (R,W)",Manhattan,metrocard,Metrocard - Other,5.0,0.0
2022-05-31T13:00:00.000,subway,407,Astor Pl (6),Manhattan,metrocard,Metrocard - Unlimited 7-Day,37.0,0.0
2022-05-31T01:00:00.000,subway,159,"81 St-Museum of Natural History (C,B)",Manhattan,omny,OMNY - Full Fare,3.0,0.0
2022-05-31T12:00:00.000,subway,413,"Wall St (4,5)",Manhattan,metrocard,Metrocard - Other,15.0,1.0
2022-05-31T22:00:00.000,subway,333,"Wall St (2,3)",Manhattan,metrocard,Metrocard - Other,2.0,0.0
2022-05-31T04:00:00.000,subway,601,"14 St (F,M,1,2,3)/6 Av (L)",Manhattan,metrocard,Metrocard - Full Fare,1.0,0.0
2022-05-31T16:00:00.000,subway,333,"Wall St (2,3)",Manhattan,metrocard,Metrocard - Other,138.0,0.0
2022-05-31T08:00:00.000,subway,152,"135 St (C,B)",Manhattan,metrocard,Metrocard - Seniors & Disability,10.0,0.0
2022-05-31T10:00:00.000,subway,409,Spring St (6),Manhattan,metrocard,Metrocard - Unlimited 7-Day,28.0,0.0
2022-05-31T08:00:00.000,subway,414,"Bowling Green (4,5)",Manhattan,metrocard,Metrocard - Seniors & Disability,23.0,15.0
2022-05-31T04:00:00.000,subway,150,155 St (C),Manhattan,metrocard,Metrocard - Full Fare,3.0,0.0
2022-05-31T09:00:00.000,subway,609,"Bryant Pk (B,D,F,M)/5 Av (7)",Manhattan,metrocard,Metrocard - Fair Fare,15.0,2.0
2022-05-31T12:00:00.000,subway,14,"23 St (R,W)",Manhattan,metrocard,Metrocard - Fair Fare,6.0,0.0
2022-05-31T23:00:00.000,subway,329,Rector St (1),Manhattan,metrocard,Metrocard - Unlimited 7-Day,6.0,0.0
2022-05-31T03:00:00.000,subway,149,163 St-Amsterdam Av (C),Manhattan,metrocard,Metrocard - Full Fare,2.0,0.0
2022-05-31T14:00:00.000,subway,145,190 St (A),Manhattan,metrocard,Metrocard - Unlimited 30-Day,22.0,0.0
2022-05-31T14:00:00.000,subway,149,163 St-Amsterdam Av (C),Manhattan,metrocard,Metrocard - Unlimited 30-Day,23.0,0.0
2022-05-31T05:00:00.000,subway,151,"145 St (A,C,B,D)",Manhattan,metrocard,Metrocard - Fair Fare,11.0,0.0
2022-05-31T15:00:00.000,subway,157,"96 St (C,B)",Manhattan,metrocard,Metrocard - Fair Fare,18.0,2.0
2022-05-31T15:00:00.000,subway,149,163 St-Amsterdam Av (C),Manhattan,metrocard,Metrocard - Students,10.0,1.0
2022-05-31T04:00:00.000,subway,13,"28 St (R,W)",Manhattan,metrocard,Metrocard - Other,2.0,0.0
2022-05-31T22:00:00.000,subway,155,"Cathedral Pkwy (110 St) (C,B)",Manhattan,metrocard,Metrocard - Seniors & Disability,2.0,0.0
2022-05-31T21:00:00.000,subway,149,163 St-Amsterdam Av (C),Manhattan,omny,OMNY - Full Fare,10.0,1.0
2022-05-31T22:00:00.000,subway,156,"103 St (C,B)",Manhattan,metrocard,Metrocard - Full Fare,9.0,0.0
2022-05-31T08:00:00.000,subway,9,"57 St-7 Av (N,Q,R,W)",Manhattan,metrocard,Metrocard - Fair Fare,22.0,2.0
2022-05-31T19:00:00.000,subway,162,"50 St (C,E)",Manhattan,omny,OMNY - Full Fare,281.0,2.0
2022-05-31T05:00:00.000,subway,144,Dyckman St (A),Manhattan,metrocard,Metrocard - Unlimited 7-Day,16.0,0.0
2022-05-31T05:00:00.000,subway,605,"168 St (A,C,1)",Manhattan,metrocard,Metrocard - Seniors & Disability,10.0,0.0
2022-05-31T13:00:00.000,subway,607,"34 St-Herald Sq (B,D,F,M,N,Q,R,W)",Manhattan,metrocard,Metrocard - Seniors & Disability,135.0,4.0
2022-05-31T00:00:00.000,subway,157,"96 St (C,B)",Manhattan,metrocard,Metrocard - Unlimited 7-Day,2.0,0.0
2022-05-31T02:00:00.000,subway,147,175 St (A),Manhattan,metrocard,Metrocard - Fair Fare,1.0,0.0
2022-05-31T16:00:00.000,subway,409,Spring St (6),Manhattan,metrocard,Metrocard - Other,8.0,0.0
2022-05-31T06:00:00.000,subway,162,"50 St (C,E)",Manhattan,metrocard,Metrocard - Other,10.0,0.0
2022-05-31T19:00:00.000,subway,154,"116 St (C,B)",Manhattan,omny,OMNY - Full Fare,69.0,5.0
2022-05-31T11:00:00.000,subway,601,"14 St (F,M,1,2,3)/6 Av (L)",Manhattan,metrocard,Metrocard - Fair Fare,20.0,0.0
2022-05-31T14:00:00.000,subway,158,"86 St (C,B)",Manhattan,metrocard,Metrocard - Students,68.0,1.0
2022-05-31T22:00:00.000,subway,405,23 St (6),Manhattan,metrocard,Metrocard - Unlimited 30-Day,29.0,0.0
2022-05-31T12:00:00.000,subway,151,"145 St (A,C,B,D)",Manhattan,omny,OMNY - Full Fare,138.0,0.0
2022-05-31T19:00:00.000,subway,405,23 St (6),Manhattan,metrocard,Metrocard - Unlimited 7-Day,40.0,0.0
2022-05-31T01:00:00.000,subway,144,Dyckman St (A),Manhattan,metrocard,Metrocard - Full Fare,4.0,0.0
2022-05-31T19:00:00.000,subway,13,"28 St (R,W)",Manhattan,metrocard,Metrocard - Seniors & Disability,4.0,0.0
2022-05-31T19:00:00.000,subway,153,"125 St (A,C,B,D)",Manhattan,metrocard,Metrocard - Unlimited 30-Day,111.0,0.0
2022-05-31T11:00:00.000,subway,329,Rector St (1),Manhattan,metrocard,Metrocard - Unlimited 30-Day,9.0,0.0
2022-05-31T17:00:00.000,subway,146,181 St (A),Manhattan,metrocard,Metrocard - Seniors & Disability,23.0,1.0
2022-05-31T18:00:00.000,subway,329,Rector St (1),Manhattan,metrocard,Metrocard - Students,1.0,0.0
2022-05-31T17:00:00.000,subway,154,"116 St (C,B)",Manhattan,metrocard,Metrocard - Full Fare,79.0,4.0
2022-05-31T17:00:00.000,subway,156,"103 St (C,B)",Manhattan,metrocard,Metrocard - Unlimited 30-Day,23.0,0.0
2022-05-31T12:00:00.000,subway,407,Astor Pl (6),Manhattan,metrocard,Metrocard - Unlimited 30-Day,37.0,0.0
2022-05-31T08:00:00.000,subway,407,Astor Pl (6),Manhattan,metrocard,Metrocard - Students,14.0,2.0
2022-05-31T08:00:00.000,subway,333,"Wall St (2,3)",Manhattan,metrocard,Metrocard - Students,17.0,0.0
2022-05-31T22:00:00.000,subway,327,"Chambers St (1,2,3)",Manhattan,metrocard,Metrocard - Full Fare,56.0,0.0
2022-05-31T15:00:00.000,subway,157,"96 St (C,B)",Manhattan,metrocard,Metrocard - Seniors & Disability,41.0,7.0
2022-05-31T12:00:00.000,subway,333,"Wall St (2,3)",Manhattan,metrocard,Metrocard - Other,17.0,0.0
2022-05-31T13:00:00.000,subway,409,Spring St (6),Manhattan,metrocard,Metrocard - Fair Fare,8.0,0.0
2022-05-31T03:00:00.000,subway,601,"14 St (F,M,1,2,3)/6 Av (L)",Manhattan,omny,OMNY - Full Fare,10.0,0.0
2022-05-31T22:00:00.000,subway,143,Inwood-207 St (A),Manhattan,metrocard,Metrocard - Fair Fare,2.0,0.0
2022-05-31T06:00:00.000,subway,154,"116 St (C,B)",Manhattan,metrocard,Metrocard - Unlimited 30-Day,29.0,0.0
2022-05-31T07:00:00.000,subway,158,"86 St (C,B)",Manhattan,metrocard,Metrocard - Other,14.0,0.0
2022-05-31T22:00:00.000,subway,607,"34 St-Herald Sq (B,D,F,M,N,Q,R,W)",Manhattan,omny,OMNY - Full Fare,702.0,5.0
2022-05-31T06:00:00.000,subway,414,"Bowling Green (4,5)",Manhattan,metrocard,Metrocard - Fair Fare,15.0,6.0
2022-05-31T04:00:00.000,subway,601,"14 St (F,M,1,2,3)/6 Av (L)",Manhattan,metrocard,Metrocard - Unlimited 30-Day,5.0,0.0
2022-05-31T11:00:00.000,subway,144,Dyckman St (A),Manhattan,metrocard,Metrocard - Seniors & Disability,14.0,0.0
2022-05-31T18:00:00.000,subway,602,"14 St-Union Sq (L,N,Q,R,W,4,5,6)",Manhattan,omny,OMNY - Full Fare,2382.0,30.0
2022-05-31T18:00:00.000,subway,145,190 St (A),Manhattan,metrocard,Metrocard - Students,3.0,0.0
2022-05-31T03:00:00.000,subway,149,163 St-Amsterdam Av (C),Manhattan,metrocard,Metrocard - Other,1.0,0.0
2022-05-31T04:00:00.000,subway,607,"34 St-Herald Sq (B,D,F,M,N,Q,R,W)",Manhattan,metrocard,Metrocard - Unlimited 30-Day,6.0,0.0
2022-05-31T21:00:00.000,subway,162,"50 St (C,E)",Manhattan,metrocard,Metrocard - Other,23.0,0.0
2022-05-31T16:00:00.000,subway,607,"34 St-Herald Sq (B,D,F,M,N,Q,R,W)",Manhattan,metrocard,Metrocard - Unlimited 7-Day,647.0,0.0
2022-05-31T10:00:00.000,subway,155,"Cathedral Pkwy (110 St) (C,B)",Manhattan,metrocard,Metrocard - Students,7.0,1.0
2022-05-31T08:00:00.000,subway,609,"Bryant Pk (B,D,F,M)/5 Av (7)",Manhattan,metrocard,Metrocard - Other,17.0,3.0
2022-05-31T04:00:00.000,subway,409,Spring St (6),Manhattan,metrocard,Metrocard - Full Fare,4.0,0.0
2022-05-31T06:00:00.000,subway,405,23 St (6),Manhattan,omny,OMNY - Full Fare,74.0,10.0
2022-05-31T00:00:00.000,subway,232,2 Av (F),Manhattan,omny,OMNY - Full Fare,54.0,2.0
2022-05-31T05:00:00.000,subway,143,Inwood-207 St (A),Manhattan,metrocard,Metrocard - Unlimited 30-Day,18.0,0.0
2022-05-31T19:00:00.000,subway,146,181 St (A),Manhattan,metrocard,Metrocard - Unlimited 30-Day,10.0,0.0
2022-05-31T02:00:00.000,subway,153,"125 St (A,C,B,D)",Manhattan,metrocard,Metrocard - Other,5.0,0.0
2022-05-31T13:00:00.000,subway,409,Spring St (6),Manhattan,omny,OMNY - Full Fare,133.0,0.0
2022-05-31T15:00:00.000,subway,601,"14 St (F,M,1,2,3)/6 Av (L)",Manhattan,metrocard,Metrocard - Full Fare,503.0,12.0
2022-05-31T10:00:00.000,subway,605,"168 St (A,C,1)",Manhattan,metrocard,Metrocard - Unlimited 7-Day,61.0,0.0
2022-05-31T17:00:00.000,subway,414,"Bowling Green (4,5)",Manhattan,metrocard,Metrocard - Unlimited 7-Day,246.0,0.0
2022-05-31T06:00:00.000,subway,154,"116 St (C,B)",Manhattan,metrocard,Metrocard - Fair Fare,4.0,0.0
2022-05-31T13:00:00.000,subway,16,"8 St-NYU (R,W)",Manhattan,metrocard,Metrocard - Unlimited 30-Day,31.0,0.0
2022-05-31T11:00:00.000,subway,154,"116 St (C,B)",Manhattan,metrocard,Metrocard - Other,13.0,1.0
2022-05-31T09:00:00.000,subway,14,"23 St (R,W)",Manhattan,metrocard,Metrocard - Unlimited 7-Day,42.0,0.0
2022-05-31T18:00:00.000,subway,16,"8 St-NYU (R,W)",Manhattan,metrocard,Metrocard - Fair Fare,8.0,0.0
2022-05-31T12:00:00.000,subway,150,155 St (C),Manhattan,metrocard,Metrocard - Students,4.0,0.0
2022-05-31T18:00:00.000,subway,155,"Cathedral Pkwy (110 St) (C,B)",Manhattan,metrocard,Metrocard - Other,14.0,1.0
2022-05-31T13:00:00.000,subway,162,"50 St (C,E)",Manhattan,metrocard,Metrocard - Seniors & Disability,18.0,1.0
2022-05-31T07:00:00.000,subway,605,"168 St (A,C,1)",Manhattan,metrocard,Metrocard - Students,201.0,7.0
2022-05-31T18:00:00.000,subway,159,"81 St-Museum of Natural History (C,B)",Manhattan,metrocard,Metrocard - Seniors & Disability,27.0,8.0
2022-05-31T08:00:00.000,subway,147,175 St (A),Manhattan,metrocard,Metrocard - Seniors & Disability,27.0,0.0
2022-05-31T12:00:00.000,subway,328,WTC Cortlandt (1),Manhattan,metrocard,Metrocard - Students,4.0,0.0
2022-05-31T21:00:00.000,subway,409,Spring St (6),Manhattan,metrocard,Metrocard - Full Fare,39.0,0.0
2022-05-31T17:00:00.000,subway,609,"Bryant Pk (B,D,F,M)/5 Av (7)",Manhattan,metrocard,Metrocard - Full Fare,1767.0,11.0
2022-05-31T18:00:00.000,subway,602,"14 St-Union Sq (L,N,Q,R,W,4,5,6)",Manhattan,metrocard,Metrocard - Full Fare,1125.0,27.0
2022-05-31T04:00:00.000,subway,149,163 St-Amsterdam Av (C),Manhattan,omny,OMNY - Full Fare,3.0,0.0
2022-05-31T18:00:00.000,subway,145,190 St (A),Manhattan,metrocard,Metrocard - Unlimited 7-Day,10.0,0.0
2022-05-31T10:00:00.000,subway,147,175 St (A),Manhattan,metrocard,Metrocard - Seniors & Disability,23.0,3.0
2022-05-31T15:00:00.000,subway,405,23 St (6),Manhattan,metrocard,Metrocard - Unlimited 30-Day,136.0,0.0
2022-05-31T12:00:00.000,subway,414,"Bowling Green (4,5)",Manhattan,metrocard,Metrocard - Unlimited 7-Day,115.0,0.0
2022-05-31T18:00:00.000,subway,160,"72 St (C,B)",Manhattan,metrocard,Metrocard - Unlimited 30-Day,52.0,0.0
2022-05-31T18:00:00.000,subway,143,Inwood-207 St (A),Manhattan,metrocard,Metrocard - Unlimited 7-Day,23.0,0.0
2022-05-31T09:00:00.000,subway,147,175 St (A),Manhattan,omny,OMNY - Full Fare,165.0,6.0
2022-05-31T12:00:00.000,subway,329,Rector St (1),Manhattan,metrocard,Metrocard - Seniors & Disability,6.0,1.0
2022-05-31T12:00:00.000,subway,601,"14 St (F,M,1,2,3)/6 Av (L)",Manhattan,metrocard,Metrocard - Other,50.0,1.0
2022-05-31T18:00:00.000,subway,145,190 St (A),Manhattan,omny,OMNY - Full Fare,42.0,0.0
2022-05-31T11:00:00.000,subway,605,"168 St (A,C,1)",Manhattan,metrocard,Metrocard - Other,34.0,1.0
2022-05-31T03:00:00.000,subway,145,190 St (A),Manhattan,metrocard,Metrocard - Unlimited 30-Day,1.0,0.0
2022-05-31T18:00:00.000,subway,156,"103 St (C,B)",Manhattan,metrocard,Metrocard - Students,12.0,0.0
2022-05-31T22:00:00.000,subway,414,"Bowling Green (4,5)",Manhattan,metrocard,Metrocard - Unlimited 30-Day,16.0,0.0
2022-05-31T04:00:00.000,subway,154,"116 St (C,B)",Manhattan,metrocard,Metrocard - Unlimited 30-Day,1.0,0.0
2022-05-31T06:00:00.000,subway,152,"135 St (C,B)",Manhattan,metrocard,Metrocard - Students,6.0,0.0
2022-05-31T04:00:00.000,subway,607,"34 St-Herald Sq (B,D,F,M,N,Q,R,W)",Manhattan,metrocard,Metrocard - Full Fare,29.0,0.0
2022-05-31T14:00:00.000,subway,9,"57 St-7 Av (N,Q,R,W)",Manhattan,omny,OMNY - Full Fare,299.0,4.0
2022-05-31T11:00:00.000,subway,160,"72 St (C,B)",Manhattan,metrocard,Metrocard - Unlimited 7-Day,52.0,0.0
2022-05-31T00:00:00.000,subway,147,175 St (A),Manhattan,metrocard,Metrocard - Unlimited 7-Day,3.0,0.0
2022-05-31T09:00:00.000,subway,601,"14 St (F,M,1,2,3)/6 Av (L)",Manhattan,metrocard,Metrocard - Unlimited 30-Day,109.0,0.0
2022-05-31T14:00:00.000,subway,158,"86 St (C,B)",Manhattan,omny,OMNY - Full Fare,122.0,16.0
2022-05-31T04:00:00.000,subway,155,"Cathedral Pkwy (110 St) (C,B)",Manhattan,omny,OMNY - Full Fare,3.0,0.0
2022-05-31T09:00:00.000,subway,602,"14 St-Union Sq (L,N,Q,R,W,4,5,6)",Manhattan,metrocard,Metrocard - Students,45.0,2.0
2022-05-31T15:00:00.000,subway,601,"14 St (F,M,1,2,3)/6 Av (L)",Manhattan,metrocard,Metrocard - Students,341.0,8.0
2022-05-31T01:00:00.000,subway,327,"Chambers St (1,2,3)",Manhattan,metrocard,Metrocard - Unlimited 7-Day,2.0,0.0
2022-05-31T07:00:00.000,subway,153,"125 St (A,C,B,D)",Manhattan,metrocard,Metrocard - Fair Fare,70.0,4.0
2022-05-31T23:00:00.000,subway,145,190 St (A),Manhattan,metrocard,Metrocard - Full Fare,1.0,0.0
2022-05-31T21:00:00.000,subway,407,Astor Pl (6),Manhattan,omny,OMNY - Full Fare,186.0,2.0
2022-05-31T05:00:00.000,subway,143,Inwood-207 St (A),Manhattan,metrocard,Metrocard - Fair Fare,5.0,0.0
2022-05-31T23:00:00.000,subway,413,"Wall St (4,5)",Manhattan,metrocard,Metrocard - Fair Fare,9.0,0.0
2022-05-31T04:00:00.000,subway,609,"Bryant Pk (B,D,F,M)/5 Av (7)",Manhattan,metrocard,Metrocard - Full Fare,10.0,0.0
2022-05-31T19:00:00.000,subway,149,163 St-Amsterdam Av (C),Manhattan,metrocard,Metrocard - Unlimited 30-Day,9.0,0.0
2022-05-31T09:00:00.000,subway,16,"8 St-NYU (R,W)",Manhattan,metrocard,Metrocard - Full Fare,88.0,0.0
2022-05-31T07:00:00.000,subway,14,"23 St (R,W)",Manhattan,metrocard,Metrocard - Other,9.0,0.0
2022-05-31T05:00:00.000,subway,14,"23 St (R,W)",Manhattan,metrocard,Metrocard - Unlimited 30-Day,3.0,0.0
2022-05-31T23:00:00.000,subway,154,"116 St (C,B)",Manhattan,metrocard,Metrocard - Seniors & Disability,1.0,1.0
2022-05-31T23:00:00.000,subway,327,"Chambers St (1,2,3)",Manhattan,omny,OMNY - Full Fare,42.0,0.0
2022-05-31T23:00:00.000,subway,158,"86 St (C,B)",Manhattan,metrocard,Metrocard - Full Fare,14.0,1.0
2022-05-31T05:00:00.000,subway,158,"86 St (C,B)",Manhattan,metrocard,Metrocard - Full Fare,1.0,0.0
2022-05-31T09:00:00.000,subway,162,"50 St (C,E)",Manhattan,metrocard,Metrocard - Unlimited 30-Day,48.0,0.0
2022-05-31T03:00:00.000,subway,607,"34 St-Herald Sq (B,D,F,M,N,Q,R,W)",Manhattan,metrocard,Metrocard - Full Fare,9.0,0.0
2022-05-31T12:00:00.000,subway,605,"168 St (A,C,1)",Manhattan,metrocard,Metrocard - Full Fare,164.0,3.0
2022-05-31T07:00:00.000,subway,147,175 St (A),Manhattan,metrocard,Metrocard - Students,153.0,3.0
2022-05-31T19:00:00.000,subway,146,181 St (A),Manhattan,metrocard,Metrocard - Students,3.0,0.0
2022-05-31T13:00:00.000,subway,150,155 St (C),Manhattan,metrocard,Metrocard - Other,1.0,1.0
2022-05-31T00:00:00.000,subway,156,"103 St (C,B)",Manhattan,metrocard,Metrocard - Unlimited 30-Day,1.0,0.0
2022-05-31T23:00:00.000,subway,9,"57 St-7 Av (N,Q,R,W)",Manhattan,metrocard,Metrocard - Full Fare,133.0,2.0
2022-05-31T06:00:00.000,subway,159,"81 St-Museum of Natural History (C,B)",Manhattan,omny,OMNY - Full Fare,31.0,3.0
2022-05-31T13:00:00.000,subway,605,"168 St (A,C,1)",Manhattan,omny,OMNY - Full Fare,153.0,1.0
2022-05-31T14:00:00.000,subway,407,Astor Pl (6),Manhattan,metrocard,Metrocard - Seniors & Disability,17.0,0.0
2022-05-31T17:00:00.000,subway,147,175 St (A),Manhattan,metrocard,Metrocard - Full Fare,156.0,0.0
2022-05-31T16:00:00.000,subway,328,WTC Cortlandt (1),Manhattan,metrocard,Metrocard - Seniors & Disability,22.0,0.0
2022-05-31T19:00:00.000,subway,601,"14 St (F,M,1,2,3)/6 Av (L)",Manhattan,metrocard,Metrocard - Seniors & Disability,46.0,6.0
2022-05-31T09:00:00.000,subway,601,"14 St (F,M,1,2,3)/6 Av (L)",Manhattan,metrocard,Metrocard - Seniors & Disability,51.0,4.0
2022-05-31T00:00:00.000,subway,13,"28 St (R,W)",Manhattan,metrocard,Metrocard - Full Fare,15.0,0.0
2022-05-31T00:00:00.000,subway,413,"Wall St (4,5)",Manhattan,omny,OMNY - Full Fare,4.0,0.0
2022-05-31T21:00:00.000,subway,605,"168 St (A,C,1)",Manhattan,metrocard,Metrocard - Full Fare,29.0,0.0
2022-05-31T16:00:00.000,subway,327,"Chambers St (1,2,3)",Manhattan,omny,OMNY - Full Fare,321.0,1.0
2022-05-31T10:00:00.000,subway,14,"23 St (R,W)",Manhattan,metrocard,Metrocard - Fair Fare,5.0,0.0
2022-05-31T17:00:00.000,subway,16,"8 St-NYU (R,W)",Manhattan,omny,OMNY - Full Fare,399.0,2.0
2022-05-31T18:00:00.000,subway,333,"Wall St (2,3)",Manhattan,metrocard,Metrocard - Students,20.0,0.0
2022-05-31T21:00:00.000,subway,158,"86 St (C,B)",Manhattan,metrocard,Metrocard - Other,4.0,0.0
2022-05-31T06:00:00.000,subway,160,"72 St (C,B)",Manhattan,omny,OMNY - Full Fare,11.0,0.0
2022-05-31T10:00:00.000,subway,327,"Chambers St (1,2,3)",Manhattan,omny,OMNY - Full Fare,94.0,0.0
2022-05-31T13:00:00.000,subway,157,"96 St (C,B)",Manhattan,metrocard,Metrocard - Other,2.0,0.0
2022-05-31T12:00:00.000,subway,16,"8 St-NYU (R,W)",Manhattan,metrocard,Metrocard - Seniors & Disability,34.0,0.0
2022-05-31T08:00:00.000,subway,157,"96 St (C,B)",Manhattan,metrocard,Metrocard - Other,33.0,3.0
2022-05-31T17:00:00.000,subway,329,Rector St (1),Manhattan,metrocard,Metrocard - Fair Fare,6.0,0.0
2022-05-31T18:00:00.000,subway,151,"145 St (A,C,B,D)",Manhattan,omny,OMNY - Full Fare,163.0,1.0
2022-05-31T15:00:00.000,subway,156,"103 St (C,B)",Manhattan,metrocard,Metrocard - Students,4.0,0.0
2022-05-31T11:00:00.000,subway,159,"81 St-Museum of Natural History (C,B)",Manhattan,metrocard,Metrocard - Unlimited 30-Day,24.0,0.0
2022-05-31T11:00:00.000,subway,156,"103 St (C,B)",Manhattan,metrocard,Metrocard - Seniors & Disability,9.0,0.0
2022-05-31T21:00:00.000,subway,149,163 St-Amsterdam Av (C),Manhattan,metrocard,Metrocard - Full Fare,4.0,0.0
2022-05-31T12:00:00.000,subway,329,Rector St (1),Manhattan,omny,OMNY - Full Fare,59.0,2.0
2022-05-31T14:00:00.000,subway,602,"14 St-Union Sq (L,N,Q,R,W,4,5,6)",Manhattan,metrocard,Metrocard - Unlimited 30-Day,323.0,0.0
2022-05-31T11:00:00.000,subway,602,"14 St-Union Sq (L,N,Q,R,W,4,5,6)",Manhattan,metrocard,Metrocard - Other,84.0,2.0
2022-05-31T13:00:00.000,subway,151,"145 St (A,C,B,D)",Manhattan,metrocard,Metrocard - Full Fare,148.0,6.0
2022-05-31T09:00:00.000,subway,154,"116 St (C,B)",Manhattan,metrocard,Metrocard - Unlimited 7-Day,24.0,0.0
2022-05-31T00:00:00.000,subway,413,"Wall St (4,5)",Manhattan,metrocard,Metrocard - Unlimited 7-Day,2.0,0.0
2022-05-31T17:00:00.000,subway,413,"Wall St (4,5)",Manhattan,metrocard,Metrocard - Full Fare,458.0,2.0
2022-05-31T14:00:00.000,subway,155,"Cathedral Pkwy (110 St) (C,B)",Manhattan,metrocard,Metrocard - Unlimited 7-Day,23.0,0.0
2022-05-31T01:00:00.000,subway,159,"81 St-Museum of Natural History (C,B)",Manhattan,metrocard,Metrocard - Seniors & Disability,1.0,0.0
2022-05-31T05:00:00.000,subway,143,Inwood-207 St (A),Manhattan,metrocard,Metrocard - Full Fare,38.0,3.0
2022-05-31T01:00:00.000,subway,609,"Bryant Pk (B,D,F,M)/5 Av (7)",Manhattan,metrocard,Metrocard - Fair Fare,1.0,0.0
2022-05-31T10:00:00.000,subway,149,163 St-Amsterdam Av (C),Manhattan,metrocard,Metrocard - Fair Fare,11.0,0.0
2022-05-31T14:00:00.000,subway,602,"14 St-Union Sq (L,N,Q,R,W,4,5,6)",Manhattan,metrocard,Metrocard - Fair Fare,99.0,5.0
2022-05-31T18:00:00.000,subway,158,"86 St (C,B)",Manhattan,metrocard,Metrocard - Seniors & Disability,36.0,11.0
2022-05-31T17:00:00.000,subway,157,"96 St (C,B)",Manhattan,omny,OMNY - Full Fare,256.0,51.0
2022-05-31T00:00:00.000,subway,609,"Bryant Pk (B,D,F,M)/5 Av (7)",Manhattan,metrocard,Metrocard - Full Fare,50.0,0.0
2022-05-31T03:00:00.000,subway,145,190 St (A),Manhattan,metrocard,Metrocard - Unlimited 7-Day,2.0,0.0
2022-05-31T21:00:00.000,subway,327,"Chambers St (1,2,3)",Manhattan,metrocard,Metrocard - Unlimited 7-Day,36.0,0.0
2022-05-31T12:00:00.000,subway,152,"135 St (C,B)",Manhattan,metrocard,Metrocard - Full Fare,31.0,0.0
2022-05-31T17:00:00.000,subway,157,"96 St (C,B)",Manhattan,metrocard,Metrocard - Seniors & Disability,22.0,8.0
2022-05-31T11:00:00.000,subway,149,163 St-Amsterdam Av (C),Manhattan,metrocard,Metrocard - Fair Fare,9.0,0.0
2022-05-31T12:00:00.000,subway,228,"23 St (F,M)",Manhattan,omny,OMNY - Full Fare,152.0,2.0
2022-05-31T20:00:00.000,subway,152,"135 St (C,B)",Manhattan,metrocard,Metrocard - Unlimited 7-Day,15.0,0.0
2022-05-31T00:00:00.000,subway,149,163 St-Amsterdam Av (C),Manhattan,metrocard,Metrocard - Unlimited 7-Day,1.0,0.0
2022-05-31T21:00:00.000,subway,149,163 St-Amsterdam Av (C),Manhattan,metrocard,Metrocard - Other,1.0,0.0
2022-05-31T12:00:00.000,subway,144,Dyckman St (A),Manhattan,metrocard,Metrocard - Students,4.0,0.0
2022-05-31T11:00:00.000,subway,155,"Cathedral Pkwy (110 St) (C,B)",Manhattan,metrocard,Metrocard - Seniors & Disability,15.0,1.0
2022-05-31T21:00:00.000,subway,407,Astor Pl (6),Manhattan,metrocard,Metrocard - Seniors & Disability,13.0,1.0
2022-05-31T12:00:00.000,subway,327,"Chambers St (1,2,3)",Manhattan,metrocard,Metrocard - Unlimited 30-Day,39.0,0.0
2022-05-31T00:00:00.000,subway,151,"145 St (A,C,B,D)",Manhattan,metrocard,Metrocard - Unlimited 7-Day,11.0,0.0
2022-05-31T18:00:00.000,subway,162,"50 St (C,E)",Manhattan,metrocard,Metrocard - Students,25.0,0.0
2022-05-31T09:00:00.000,subway,602,"14 St-Union Sq (L,N,Q,R,W,4,5,6)",Manhattan,metrocard,Metrocard - Fair Fare,33.0,3.0
2022-05-31T11:00:00.000,subway,152,"135 St (C,B)",Manhattan,metrocard,Metrocard - Full Fare,30.0,1.0
2022-05-31T22:00:00.000,subway,409,Spring St (6),Manhattan,metrocard,Metrocard - Unlimited 7-Day,32.0,0.0
2022-05-31T13:00:00.000,subway,152,"135 St (C,B)",Manhattan,metrocard,Metrocard - Unlimited 7-Day,17.0,0.0
2022-05-31T11:00:00.000,subway,158,"86 St (C,B)",Manhattan,metrocard,Metrocard - Fair Fare,2.0,0.0
2022-05-31T09:00:00.000,subway,16,"8 St-NYU (R,W)",Manhattan,metrocard,Metrocard - Unlimited 7-Day,18.0,0.0
2022-05-31T08:00:00.000,subway,14,"23 St (R,W)",Manhattan,metrocard,Metrocard - Unlimited 7-Day,26.0,0.0
2022-05-31T11:00:00.000,subway,409,Spring St (6),Manhattan,metrocard,Metrocard - Other,4.0,0.0
2022-05-31T05:00:00.000,subway,333,"Wall St (2,3)",Manhattan,metrocard,Metrocard - Other,1.0,0.0
2022-05-31T11:00:00.000,subway,153,"125 St (A,C,B,D)",Manhattan,metrocard,Metrocard - Seniors & Disability,49.0,6.0
2022-05-31T21:00:00.000,subway,153,"125 St (A,C,B,D)",Manhattan,metrocard,Metrocard - Students,1.0,0.0
2022-05-31T20:00:00.000,subway,602,"14 St-Union Sq (L,N,Q,R,W,4,5,6)",Manhattan,metrocard,Metrocard - Seniors & Disability,49.0,2.0
2022-05-31T18:00:00.000,subway,605,"168 St (A,C,1)",Manhattan,omny,OMNY - Full Fare,354.0,1.0
2022-05-31T11:00:00.000,subway,413,"Wall St (4,5)",Manhattan,metrocard,Metrocard - Seniors & Disability,15.0,2.0
2022-05-31T13:00:00.000,subway,407,Astor Pl (6),Manhattan,metrocard,Metrocard - Students,6.0,0.0
2022-05-31T14:00:00.000,subway,607,"34 St-Herald Sq (B,D,F,M,N,Q,R,W)",Manhattan,metrocard,Metrocard - Unlimited 7-Day,398.0,0.0
2022-05-31T13:00:00.000,subway,159,"81 St-Museum of Natural History (C,B)",Manhattan,metrocard,Metrocard - Full Fare,82.0,4.0
2022-05-31T19:00:00.000,subway,414,"Bowling Green (4,5)",Manhattan,metrocard,Metrocard - Seniors & Disability,11.0,1.0
2022-05-31T07:00:00.000,subway,152,"135 St (C,B)",Manhattan,metrocard,Metrocard - Unlimited 30-Day,52.0,0.0
2022-05-31T08:00:00.000,subway,405,23 St (6),Manhattan,metrocard,Metrocard - Unlimited 7-Day,58.0,0.0
2022-05-31T23:00:00.000,subway,151,"145 St (A,C,B,D)",Manhattan,omny,OMNY - Full Fare,29.0,0.0
2022-05-31T03:00:00.000,subway,14,"23 St (R,W)",Manhattan,metrocard,Metrocard - Full Fare,1.0,0.0
2022-05-31T07:00:00.000,subway,150,155 St (C),Manhattan,metrocard,Metrocard - Students,59.0,1.0
2022-05-31T21:00:00.000,subway,155,"Cathedral Pkwy (110 St) (C,B)",Manhattan,omny,OMNY - Full Fare,36.0,0.0
2022-05-31T10:00:00.000,subway,143,Inwood-207 St (A),Manhattan,omny,OMNY - Full Fare,69.0,8.0
2022-05-31T14:00:00.000,subway,329,Rector St (1),Manhattan,metrocard,Metrocard - Other,11.0,1.0
2022-05-31T23:00:00.000,subway,601,"14 St (F,M,1,2,3)/6 Av (L)",Manhattan,metrocard,Metrocard - Other,38.0,0.0
2022-05-31T15:00:00.000,subway,414,"Bowling Green (4,5)",Manhattan,omny,OMNY - Other,1.0,0.0
2022-05-31T11:00:00.000,subway,160,"72 St (C,B)",Manhattan,metrocard,Metrocard - Unlimited 30-Day,24.0,0.0
2022-05-31T08:00:00.000,subway,628,"Fulton St (A,C,J,Z,2,3,4,5)",Manhattan,omny,OMNY - Full Fare,1164.0,14.0
2022-05-31T12:00:00.000,subway,220,"155 St (B,D)",Manhattan,metrocard,Metrocard - Full Fare,22.0,0.0
2022-05-31T05:00:00.000,subway,392,"125 St (4,5,6)",Manhattan,metrocard,Metrocard - Fair Fare,16.0,0.0
2022-05-31T00:00:00.000,subway,20,"City Hall (R,W)",Manhattan,metrocard,Metrocard - Full Fare,2.0,0.0
2022-05-31T09:00:00.000,subway,220,"155 St (B,D)",Manhattan,metrocard,Metrocard - Students,18.0,0.0
2022-05-31T21:00:00.000,subway,220,"155 St (B,D)",Manhattan,omny,OMNY - Full Fare,11.0,0.0
2022-05-31T07:00:00.000,subway,440,"116 St (2,3)",Manhattan,metrocard,Metrocard - Fair Fare,26.0,2.0
2022-05-31T08:00:00.000,subway,393,116 St (6),Manhattan,metrocard,Metrocard - Seniors & Disability,22.0,5.0
2022-05-31T09:00:00.000,subway,437,145 St (3),Manhattan,metrocard,Metrocard - Unlimited 30-Day,22.0,0.0
2022-05-31T23:00:00.000,subway,625,"Delancey St (F)/Essex St (J,M,Z)",Manhattan,metrocard,Metrocard - Fair Fare,10.0,0.0
2022-05-31T13:00:00.000,subway,220,"155 St (B,D)",Manhattan,metrocard,Metrocard - Fair Fare,12.0,0.0
2022-05-31T21:00:00.000,subway,625,"Delancey St (F)/Essex St (J,M,Z)",Manhattan,metrocard,Metrocard - Fair Fare,16.0,0.0
2022-05-31T10:00:00.000,subway,220,"155 St (B,D)",Manhattan,metrocard,Metrocard - Seniors & Disability,8.0,0.0
2022-05-31T22:00:00.000,subway,625,"Delancey St (F)/Essex St (J,M,Z)",Manhattan,metrocard,Metrocard - Unlimited 7-Day,83.0,0.0
2022-05-31T03:00:00.000,subway,220,"155 St (B,D)",Manhattan,metrocard,Metrocard - Unlimited 7-Day,1.0,0.0
2022-05-31T22:00:00.000,subway,436,Harlem-148 St (3),Manhattan,metrocard,Metrocard - Other,2.0,0.0
2022-05-31T17:00:00.000,subway,20,"City Hall (R,W)",Manhattan,omny,OMNY - Full Fare,139.0,1.0
2022-05-31T17:00:00.000,subway,635,"South Ferry (1)/Whitehall St (R,W)",Manhattan,metrocard,Metrocard - Fair Fare,42.0,4.0
2022-05-31T20:00:00.000,subway,437,145 St (3),Manhattan,omny,OMNY - Full Fare,11.0,0.0
2022-05-31T08:00:00.000,subway,622,"Brooklyn Bridge-City Hall (4,5,6)/Chambers St (J,Z)",Manhattan,metrocard,Metrocard - Students,72.0,1.0
2022-05-31T07:00:00.000,subway,625,"Delancey St (F)/Essex St (J,M,Z)",Manhattan,metrocard,Metrocard - Other,42.0,1.0
2022-05-31T15:00:00.000,subway,436,Harlem-148 St (3),Manhattan,metrocard,Metrocard - Unlimited 7-Day,12.0,0.0
2022-05-31T13:00:00.000,subway,440,"116 St (2,3)",Manhattan,omny,OMNY - Full Fare,71.0,0.0
2022-05-31T09:00:00.000,subway,625,"Delancey St (F)/Essex St (J,M,Z)",Manhattan,metrocard,Metrocard - Other,28.0,0.0
2022-05-31T16:00:00.000,subway,441,"Central Park North (110 St) (2,3)",Manhattan,metrocard,Metrocard - Seniors & Disability,12.0,2.0
2022-05-31T10:00:00.000,subway,392,"125 St (4,5,6)",Manhattan,metrocard,Metrocard - Students,35.0,2.0
2022-05-31T00:00:00.000,subway,392,"125 St (4,5,6)",Manhattan,metrocard,Metrocard - Unlimited 30-Day,11.0,0.0
2022-05-31T12:00:00.000,subway,439,"125 St (2,3)",Manhattan,metrocard,Metrocard - Unlimited 7-Day,45.0,0.0
2022-05-31T04:00:00.000,subway,624,"Chambers St (A,C)/WTC (E)/Park Pl (2,3)/Cortlandt (R,W)",Manhattan,metrocard,Metrocard - Other,2.0,0.0
2022-05-31T11:00:00.000,subway,439,"125 St (2,3)",Manhattan,metrocard,Metrocard - Fair Fare,15.0,1.0
2022-05-31T11:00:00.000,subway,392,"125 St (4,5,6)",Manhattan,metrocard,Metrocard - Unlimited 7-Day,51.0,0.0
2022-05-31T06:00:00.000,subway,392,"125 St (4,5,6)",Manhattan,metrocard,Metrocard - Unlimited 7-Day,93.0,0.0
2022-05-31T17:00:00.000,subway,622,"Brooklyn Bridge-City Hall (4,5,6)/Chambers St (J,Z)",Manhattan,metrocard,Metrocard - Unlimited 30-Day,410.0,0.0
2022-05-31T06:00:00.000,subway,20,"City Hall (R,W)",Manhattan,metrocard,Metrocard - Unlimited 7-Day,1.0,0.0
2022-05-31T10:00:00.000,subway,440,"116 St (2,3)",Manhattan,omny,OMNY - Other,1.0,0.0
2022-05-31T16:00:00.000,subway,622,"Brooklyn Bridge-City Hall (4,5,6)/Chambers St (J,Z)",Manhattan,metrocard,Metrocard - Unlimited 7-Day,233.0,0.0
2022-05-31T07:00:00.000,subway,22,"Rector St (R,W)",Manhattan,metrocard,Metrocard - Seniors & Disability,5.0,3.0
2022-05-31T06:00:00.000,subway,628,"Fulton St (A,C,J,Z,2,3,4,5)",Manhattan,metrocard,Metrocard - Students,51.0,0.0
2022-05-31T23:00:00.000,subway,22,"Rector St (R,W)",Manhattan,metrocard,Metrocard - Unlimited 7-Day,13.0,0.0
2022-05-31T17:00:00.000,subway,20,"City Hall (R,W)",Manhattan,metrocard,Metrocard - Other,28.0,0.0
2022-05-31T06:00:00.000,subway,439,"125 St (2,3)",Manhattan,metrocard,Metrocard - Fair Fare,11.0,0.0
2022-05-31T14:00:00.000,subway,622,"Brooklyn Bridge-City Hall (4,5,6)/Chambers St (J,Z)",Manhattan,metrocard,Metrocard - Fair Fare,37.0,1.0
2022-05-31T21:00:00.000,subway,392,"125 St (4,5,6)",Manhattan,metrocard,Metrocard - Other,53.0,0.0
2022-05-31T06:00:00.000,subway,441,"Central Park North (110 St) (2,3)",Manhattan,metrocard,Metrocard - Students,9.0,0.0
2022-05-31T06:00:00.000,subway,438,"135 St (2,3)",Manhattan,metrocard,Metrocard - Other,31.0,0.0
2022-05-31T14:00:00.000,subway,436,Harlem-148 St (3),Manhattan,metrocard,Metrocard - Full Fare,30.0,0.0
2022-05-31T04:00:00.000,subway,635,"South Ferry (1)/Whitehall St (R,W)",Manhattan,metrocard,Metrocard - Other,12.0,0.0
2022-05-31T02:00:00.000,subway,625,"Delancey St (F)/Essex St (J,M,Z)",Manhattan,metrocard,Metrocard - Full Fare,6.0,0.0
2022-05-31T23:00:00.000,subway,628,"Fulton St (A,C,J,Z,2,3,4,5)",Manhattan,metrocard,Metrocard - Other,32.0,0.0
2022-05-31T15:00:00.000,subway,441,"Central Park North (110 St) (2,3)",Manhattan,metrocard,Metrocard - Full Fare,90.0,8.0
2022-05-31T16:00:00.000,subway,20,"City Hall (R,W)",Manhattan,metrocard,Metrocard - Seniors & Disability,20.0,0.0
2022-05-31T04:00:00.000,subway,439,"125 St (2,3)",Manhattan,metrocard,Metrocard - Unlimited 30-Day,3.0,0.0
2022-05-31T11:00:00.000,subway,393,116 St (6),Manhattan,metrocard,Metrocard - Full Fare,91.0,6.0
2022-05-31T23:00:00.000,subway,623,"Canal St (J,N,Q,R,W,Z,6)",Manhattan,omny,OMNY - Full Fare,126.0,1.0
2022-05-31T14:00:00.000,subway,22,"Rector St (R,W)",Manhattan,metrocard,Metrocard - Unlimited 7-Day,49.0,0.0
2022-05-31T23:00:00.000,subway,438,"135 St (2,3)",Manhattan,metrocard,Metrocard - Fair Fare,9.0,0.0
2022-05-31T11:00:00.000,subway,623,"Canal St (J,N,Q,R,W,Z,6)",Manhattan,metrocard,Metrocard - Students,14.0,0.0
2022-05-31T20:00:00.000,subway,624,"Chambers St (A,C)/WTC (E)/Park Pl (2,3)/Cortlandt (R,W)",Manhattan,metrocard,Metrocard - Seniors & Disability,21.0,0.0
2022-05-31T17:00:00.000,subway,220,"155 St (B,D)",Manhattan,metrocard,Metrocard - Full Fare,30.0,1.0
2022-05-31T19:00:00.000,subway,393,116 St (6),Manhattan,metrocard,Metrocard - Seniors & Disability,7.0,1.0
2022-05-31T05:00:00.000,subway,440,"116 St (2,3)",Manhattan,metrocard,Metrocard - Unlimited 7-Day,14.0,0.0
2022-05-31T20:00:00.000,subway,628,"Fulton St (A,C,J,Z,2,3,4,5)",Manhattan,metrocard,Metrocard - Other,68.0,0.0
2022-05-31T21:00:00.000,subway,439,"125 St (2,3)",Manhattan,metrocard,Metrocard - Seniors & Disability,6.0,5.0
2022-05-31T20:00:00.000,subway,439,"125 St (2,3)",Manhattan,metrocard,Metrocard - Full Fare,57.0,8.0
2023-04-07T10:00:00.000,subway,301,181 St (1),Manhattan,omny,OMNY - Full Fare,97.0,7.0
2022-05-31T15:00:00.000,subway,393,116 St (6),Manhattan,metrocard,Metrocard - Unlimited 30-Day,69.0,0.0
2022-05-31T02:00:00.000,subway,393,116 St (6),Manhattan,metrocard,Metrocard - Other,2.0,0.0
2022-05-31T17:00:00.000,subway,393,116 St (6),Manhattan,metrocard,Metrocard - Students,76.0,10.0
2022-05-31T00:00:00.000,subway,623,"Canal St (J,N,Q,R,W,Z,6)",Manhattan,metrocard,Metrocard - Other,5.0,0.0
2022-05-31T05:00:00.000,subway,394,110 St (6),Manhattan,metrocard,Metrocard - Fair Fare,5.0,0.0
2022-05-31T11:00:00.000,subway,22,"Rector St (R,W)",Manhattan,metrocard,Metrocard - Fair Fare,2.0,0.0
2022-05-31T14:00:00.000,subway,440,"116 St (2,3)",Manhattan,metrocard,Metrocard - Seniors & Disability,20.0,1.0
2022-05-31T12:00:00.000,subway,393,116 St (6),Manhattan,omny,OMNY - Full Fare,109.0,4.0
2022-05-31T21:00:00.000,subway,628,"Fulton St (A,C,J,Z,2,3,4,5)",Manhattan,metrocard,Metrocard - Fair Fare,33.0,1.0
2022-05-31T17:00:00.000,subway,623,"Canal St (J,N,Q,R,W,Z,6)",Manhattan,metrocard,Metrocard - Seniors & Disability,122.0,1.0
2022-05-31T05:00:00.000,subway,628,"Fulton St (A,C,J,Z,2,3,4,5)",Manhattan,metrocard,Metrocard - Unlimited 30-Day,20.0,0.0
2022-05-31T16:00:00.000,subway,441,"Central Park North (110 St) (2,3)",Manhattan,metrocard,Metrocard - Unlimited 7-Day,40.0,0.0
2022-05-31T23:00:00.000,subway,635,"South Ferry (1)/Whitehall St (R,W)",Manhattan,metrocard,Metrocard - Other,12.0,1.0
2022-05-31T11:00:00.000,subway,439,"125 St (2,3)",Manhattan,metrocard,Metrocard - Full Fare,64.0,4.0
2022-05-31T15:00:00.000,subway,437,145 St (3),Manhattan,metrocard,Metrocard - Unlimited 30-Day,6.0,0.0
2022-05-31T01:00:00.000,subway,392,"125 St (4,5,6)",Manhattan,metrocard,Metrocard - Unlimited 7-Day,13.0,0.0
2022-05-31T18:00:00.000,subway,625,"Delancey St (F)/Essex St (J,M,Z)",Manhattan,metrocard,Metrocard - Fair Fare,52.0,0.0
2022-05-31T07:00:00.000,subway,635,"South Ferry (1)/Whitehall St (R,W)",Manhattan,omny,OMNY - Full Fare,251.0,145.0
2022-05-31T06:00:00.000,subway,628,"Fulton St (A,C,J,Z,2,3,4,5)",Manhattan,metrocard,Metrocard - Unlimited 7-Day,51.0,0.0
2022-05-31T06:00:00.000,subway,437,145 St (3),Manhattan,metrocard,Metrocard - Fair Fare,10.0,0.0
2022-05-31T16:00:00.000,subway,436,Harlem-148 St (3),Manhattan,metrocard,Metrocard - Seniors & Disability,1.0,0.0
2022-05-31T19:00:00.000,subway,20,"City Hall (R,W)",Manhattan,metrocard,Metrocard - Full Fare,36.0,0.0
2022-05-31T15:00:00.000,subway,392,"125 St (4,5,6)",Manhattan,metrocard,Metrocard - Seniors & Disability,43.0,5.0
2022-05-31T11:00:00.000,subway,441,"Central Park North (110 St) (2,3)",Manhattan,metrocard,Metrocard - Students,13.0,1.0
2022-05-31T00:00:00.000,subway,622,"Brooklyn Bridge-City Hall (4,5,6)/Chambers St (J,Z)",Manhattan,metrocard,Metrocard - Fair Fare,5.0,0.0
2022-05-31T23:00:00.000,subway,437,145 St (3),Manhattan,metrocard,Metrocard - Unlimited 7-Day,2.0,0.0
2022-05-31T17:00:00.000,subway,628,"Fulton St (A,C,J,Z,2,3,4,5)",Manhattan,metrocard,Metrocard - Unlimited 7-Day,561.0,0.0
2022-05-31T08:00:00.000,subway,392,"125 St (4,5,6)",Manhattan,metrocard,Metrocard - Other,99.0,1.0
2022-05-31T09:00:00.000,subway,392,"125 St (4,5,6)",Manhattan,omny,OMNY - Full Fare,217.0,11.0
2022-05-31T15:00:00.000,subway,625,"Delancey St (F)/Essex St (J,M,Z)",Manhattan,omny,OMNY - Full Fare,434.0,10.0
2022-05-31T23:00:00.000,subway,635,"South Ferry (1)/Whitehall St (R,W)",Manhattan,metrocard,Metrocard - Unlimited 30-Day,15.0,0.0
2022-05-31T16:00:00.000,subway,220,"155 St (B,D)",Manhattan,metrocard,Metrocard - Students,11.0,0.0
2022-05-31T19:00:00.000,subway,436,Harlem-148 St (3),Manhattan,metrocard,Metrocard - Students,5.0,0.0
2022-05-31T20:00:00.000,subway,624,"Chambers St (A,C)/WTC (E)/Park Pl (2,3)/Cortlandt (R,W)",Manhattan,metrocard,Metrocard - Fair Fare,19.0,0.0
2022-05-31T22:00:00.000,subway,437,145 St (3),Manhattan,metrocard,Metrocard - Full Fare,6.0,1.0
2022-05-31T09:00:00.000,subway,220,"155 St (B,D)",Manhattan,metrocard,Metrocard - Unlimited 30-Day,8.0,0.0
2022-05-31T03:00:00.000,subway,392,"125 St (4,5,6)",Manhattan,metrocard,Metrocard - Unlimited 30-Day,4.0,0.0
2022-05-31T04:00:00.000,subway,393,116 St (6),Manhattan,metrocard,Metrocard - Unlimited 7-Day,10.0,0.0
2022-05-31T19:00:00.000,subway,441,"Central Park North (110 St) (2,3)",Manhattan,metrocard,Metrocard - Unlimited 30-Day,27.0,0.0
2022-05-31T04:00:00.000,subway,628,"Fulton St (A,C,J,Z,2,3,4,5)",Manhattan,metrocard,Metrocard - Unlimited 7-Day,7.0,0.0
2022-05-31T03:00:00.000,subway,438,"135 St (2,3)",Manhattan,metrocard,Metrocard - Unlimited 30-Day,1.0,0.0
2022-05-31T16:00:00.000,subway,392,"125 St (4,5,6)",Manhattan,metrocard,Metrocard - Fair Fare,94.0,12.0
2022-05-31T20:00:00.000,subway,440,"116 St (2,3)",Manhattan,metrocard,Metrocard - Unlimited 7-Day,40.0,0.0
2022-05-31T06:00:00.000,subway,628,"Fulton St (A,C,J,Z,2,3,4,5)",Manhattan,metrocard,Metrocard - Fair Fare,22.0,0.0
2022-05-31T17:00:00.000,subway,439,"125 St (2,3)",Manhattan,metrocard,Metrocard - Unlimited 7-Day,104.0,0.0
2022-05-31T18:00:00.000,subway,635,"South Ferry (1)/Whitehall St (R,W)",Manhattan,metrocard,Metrocard - Seniors & Disability,36.0,3.0
2022-05-31T17:00:00.000,subway,20,"City Hall (R,W)",Manhattan,metrocard,Metrocard - Students,45.0,0.0
2022-05-31T08:00:00.000,subway,628,"Fulton St (A,C,J,Z,2,3,4,5)",Manhattan,metrocard,Metrocard - Fair Fare,36.0,0.0
2022-05-31T11:00:00.000,subway,22,"Rector St (R,W)",Manhattan,metrocard,Metrocard - Full Fare,51.0,1.0
2022-05-31T02:00:00.000,subway,624,"Chambers St (A,C)/WTC (E)/Park Pl (2,3)/Cortlandt (R,W)",Manhattan,metrocard,Metrocard - Fair Fare,1.0,0.0
2022-05-31T23:00:00.000,subway,441,"Central Park North (110 St) (2,3)",Manhattan,metrocard,Metrocard - Fair Fare,6.0,1.0
2022-05-31T13:00:00.000,subway,441,"Central Park North (110 St) (2,3)",Manhattan,metrocard,Metrocard - Other,14.0,0.0
2022-05-31T19:00:00.000,subway,436,Harlem-148 St (3),Manhattan,metrocard,Metrocard - Fair Fare,4.0,0.0
2022-05-31T13:00:00.000,subway,392,"125 St (4,5,6)",Manhattan,metrocard,Metrocard - Full Fare,165.0,19.0
2022-05-31T11:00:00.000,subway,437,145 St (3),Manhattan,metrocard,Metrocard - Seniors & Disability,4.0,0.0
2022-05-31T08:00:00.000,subway,437,145 St (3),Manhattan,metrocard,Metrocard - Other,11.0,0.0
2022-05-31T12:00:00.000,subway,436,Harlem-148 St (3),Manhattan,metrocard,Metrocard - Unlimited 30-Day,5.0,0.0
2022-05-31T20:00:00.000,subway,438,"135 St (2,3)",Manhattan,metrocard,Metrocard - Unlimited 30-Day,24.0,0.0
2022-05-31T11:00:00.000,subway,393,116 St (6),Manhattan,metrocard,Metrocard - Unlimited 30-Day,52.0,0.0
2022-05-31T04:00:00.000,subway,393,116 St (6),Manhattan,metrocard,Metrocard - Fair Fare,3.0,0.0
2022-05-31T00:00:00.000,subway,20,"City Hall (R,W)",Manhattan,metrocard,Metrocard - Other,1.0,0.0
2022-05-31T01:00:00.000,subway,624,"Chambers St (A,C)/WTC (E)/Park Pl (2,3)/Cortlandt (R,W)",Manhattan,metrocard,Metrocard - Unlimited 7-Day,10.0,0.0
2022-05-31T06:00:00.000,subway,623,"Canal St (J,N,Q,R,W,Z,6)",Manhattan,metrocard,Metrocard - Students,8.0,0.0
2022-05-31T06:00:00.000,subway,22,"Rector St (R,W)",Manhattan,metrocard,Metrocard - Unlimited 30-Day,7.0,0.0
2022-05-31T19:00:00.000,subway,623,"Canal St (J,N,Q,R,W,Z,6)",Manhattan,metrocard,Metrocard - Other,77.0,0.0
2022-05-31T18:00:00.000,subway,623,"Canal St (J,N,Q,R,W,Z,6)",Manhattan,metrocard,Metrocard - Unlimited 7-Day,238.0,0.0
2022-05-31T21:00:00.000,subway,628,"Fulton St (A,C,J,Z,2,3,4,5)",Manhattan,omny,OMNY - Full Fare,452.0,0.0
2022-05-31T18:00:00.000,subway,393,116 St (6),Manhattan,metrocard,Metrocard - Fair Fare,21.0,2.0
2022-05-31T10:00:00.000,subway,438,"135 St (2,3)",Manhattan,metrocard,Metrocard - Unlimited 7-Day,58.0,0.0
2022-05-31T19:00:00.000,subway,628,"Fulton St (A,C,J,Z,2,3,4,5)",Manhattan,metrocard,Metrocard - Seniors & Disability,55.0,0.0
2022-05-31T21:00:00.000,subway,437,145 St (3),Manhattan,metrocard,Metrocard - Seniors & Disability,1.0,0.0
2022-05-31T09:00:00.000,subway,22,"Rector St (R,W)",Manhattan,metrocard,Metrocard - Other,6.0,2.0
2022-05-31T18:00:00.000,subway,437,145 St (3),Manhattan,omny,OMNY - Full Fare,10.0,0.0
2022-05-31T20:00:00.000,subway,622,"Brooklyn Bridge-City Hall (4,5,6)/Chambers St (J,Z)",Manhattan,metrocard,Metrocard - Other,29.0,0.0
2022-05-31T16:00:00.000,subway,441,"Central Park North (110 St) (2,3)",Manhattan,metrocard,Metrocard - Students,29.0,1.0
2022-05-31T00:00:00.000,subway,625,"Delancey St (F)/Essex St (J,M,Z)",Manhattan,omny,OMNY - Full Fare,105.0,1.0
2022-05-31T19:00:00.000,subway,393,116 St (6),Manhattan,metrocard,Metrocard - Unlimited 7-Day,73.0,0.0
2022-05-31T04:00:00.000,subway,437,145 St (3),Manhattan,metrocard,Metrocard - Full Fare,2.0,0.0
2022-05-31T14:00:00.000,subway,635,"South Ferry (1)/Whitehall St (R,W)",Manhattan,metrocard,Metrocard - Unlimited 7-Day,253.0,0.0
2022-05-31T19:00:00.000,subway,439,"125 St (2,3)",Manhattan,metrocard,Metrocard - Unlimited 30-Day,50.0,0.0
2022-05-31T15:00:00.000,subway,439,"125 St (2,3)",Manhattan,metrocard,Metrocard - Other,36.0,2.0
2022-05-31T17:00:00.000,subway,625,"Delancey St (F)/Essex St (J,M,Z)",Manhattan,metrocard,Metrocard - Seniors & Disability,37.0,5.0
2022-05-31T06:00:00.000,subway,441,"Central Park North (110 St) (2,3)",Manhattan,omny,OMNY - Full Fare,57.0,1.0
2022-05-31T11:00:00.000,subway,22,"Rector St (R,W)",Manhattan,metrocard,Metrocard - Unlimited 30-Day,8.0,0.0
2022-05-31T16:00:00.000,subway,623,"Canal St (J,N,Q,R,W,Z,6)",Manhattan,metrocard,Metrocard - Fair Fare,88.0,1.0
2022-05-31T06:00:00.000,subway,392,"125 St (4,5,6)",Manhattan,metrocard,Metrocard - Other,71.0,0.0
2022-05-31T20:00:00.000,subway,20,"City Hall (R,W)",Manhattan,metrocard,Metrocard - Seniors & Disability,1.0,0.0
2022-05-31T17:00:00.000,subway,440,"116 St (2,3)",Manhattan,metrocard,Metrocard - Other,22.0,1.0
2022-05-31T19:00:00.000,subway,441,"Central Park North (110 St) (2,3)",Manhattan,metrocard,Metrocard - Seniors & Disability,6.0,0.0
2022-05-31T05:00:00.000,subway,635,"South Ferry (1)/Whitehall St (R,W)",Manhattan,metrocard,Metrocard - Students,2.0,1.0
2022-05-31T07:00:00.000,subway,439,"125 St (2,3)",Manhattan,metrocard,Metrocard - Seniors & Disability,5.0,1.0
2022-05-31T12:00:00.000,subway,624,"Chambers St (A,C)/WTC (E)/Park Pl (2,3)/Cortlandt (R,W)",Manhattan,metrocard,Metrocard - Unlimited 30-Day,112.0,0.0
2022-05-31T17:00:00.000,subway,437,145 St (3),Manhattan,metrocard,Metrocard - Full Fare,18.0,1.0
2022-05-31T00:00:00.000,subway,622,"Brooklyn Bridge-City Hall (4,5,6)/Chambers St (J,Z)",Manhattan,metrocard,Metrocard - Full Fare,13.0,0.0
2022-05-31T23:00:00.000,subway,441,"Central Park North (110 St) (2,3)",Manhattan,metrocard,Metrocard - Other,3.0,0.0
2022-05-31T11:00:00.000,subway,441,"Central Park North (110 St) (2,3)",Manhattan,metrocard,Metrocard - Unlimited 7-Day,19.0,0.0
2022-05-31T03:00:00.000,subway,622,"Brooklyn Bridge-City Hall (4,5,6)/Chambers St (J,Z)",Manhattan,omny,OMNY - Full Fare,3.0,0.0
2022-05-31T07:00:00.000,subway,438,"135 St (2,3)",Manhattan,metrocard,Metrocard - Fair Fare,23.0,0.0
2022-05-31T18:00:00.000,subway,635,"South Ferry (1)/Whitehall St (R,W)",Manhattan,omny,OMNY - Other,1.0,0.0
2022-05-31T17:00:00.000,subway,440,"116 St (2,3)",Manhattan,metrocard,Metrocard - Fair Fare,27.0,1.0
2022-05-31T11:00:00.000,subway,625,"Delancey St (F)/Essex St (J,M,Z)",Manhattan,metrocard,Metrocard - Fair Fare,25.0,1.0
2022-05-31T21:00:00.000,subway,20,"City Hall (R,W)",Manhattan,metrocard,Metrocard - Unlimited 7-Day,8.0,0.0
2022-05-31T10:00:00.000,subway,22,"Rector St (R,W)",Manhattan,metrocard,Metrocard - Full Fare,30.0,3.0
2022-05-31T17:00:00.000,subway,392,"125 St (4,5,6)",Manhattan,metrocard,Metrocard - Seniors & Disability,34.0,10.0
2022-05-31T05:00:00.000,subway,436,Harlem-148 St (3),Manhattan,metrocard,Metrocard - Other,8.0,0.0
2022-05-31T13:00:00.000,subway,628,"Fulton St (A,C,J,Z,2,3,4,5)",Manhattan,metrocard,Metrocard - Students,65.0,0.0
2022-05-31T12:00:00.000,subway,220,"155 St (B,D)",Manhattan,metrocard,Metrocard - Other,3.0,0.0
2022-05-31T07:00:00.000,subway,635,"South Ferry (1)/Whitehall St (R,W)",Manhattan,metrocard,Metrocard - Seniors & Disability,56.0,45.0
2022-05-31T11:00:00.000,subway,622,"Brooklyn Bridge-City Hall (4,5,6)/Chambers St (J,Z)",Manhattan,metrocard,Metrocard - Students,6.0,0.0
2022-05-31T12:00:00.000,subway,22,"Rector St (R,W)",Manhattan,metrocard,Metrocard - Seniors & Disability,4.0,0.0
2022-05-31T03:00:00.000,subway,393,116 St (6),Manhattan,metrocard,Metrocard - Fair Fare,1.0,0.0
2022-05-31T16:00:00.000,subway,628,"Fulton St (A,C,J,Z,2,3,4,5)",Manhattan,metrocard,Metrocard - Full Fare,1864.0,1.0
2022-05-31T16:00:00.000,subway,625,"Delancey St (F)/Essex St (J,M,Z)",Manhattan,metrocard,Metrocard - Full Fare,364.0,7.0
2022-05-31T02:00:00.000,subway,438,"135 St (2,3)",Manhattan,metrocard,Metrocard - Unlimited 30-Day,2.0,0.0
2022-05-31T14:00:00.000,subway,628,"Fulton St (A,C,J,Z,2,3,4,5)",Manhattan,metrocard,Metrocard - Full Fare,748.0,2.0
2022-05-31T23:00:00.000,subway,22,"Rector St (R,W)",Manhattan,metrocard,Metrocard - Full Fare,9.0,0.0
2022-05-31T14:00:00.000,subway,441,"Central Park North (110 St) (2,3)",Manhattan,metrocard,Metrocard - Unlimited 30-Day,32.0,0.0
2022-05-31T17:00:00.000,subway,622,"Brooklyn Bridge-City Hall (4,5,6)/Chambers St (J,Z)",Manhattan,metrocard,Metrocard - Other,202.0,0.0
2022-05-31T20:00:00.000,subway,440,"116 St (2,3)",Manhattan,metrocard,Metrocard - Unlimited 30-Day,24.0,0.0
2022-05-31T04:00:00.000,subway,437,145 St (3),Manhattan,metrocard,Metrocard - Unlimited 30-Day,1.0,0.0
2022-05-31T15:00:00.000,subway,440,"116 St (2,3)",Manhattan,metrocard,Metrocard - Full Fare,109.0,9.0
2022-05-31T19:00:00.000,subway,22,"Rector St (R,W)",Manhattan,omny,OMNY - Full Fare,61.0,0.0
2022-05-31T10:00:00.000,subway,220,"155 St (B,D)",Manhattan,metrocard,Metrocard - Full Fare,20.0,0.0
2022-05-31T07:00:00.000,subway,436,Harlem-148 St (3),Manhattan,metrocard,Metrocard - Fair Fare,24.0,0.0
2022-05-31T13:00:00.000,subway,624,"Chambers St (A,C)/WTC (E)/Park Pl (2,3)/Cortlandt (R,W)",Manhattan,omny,OMNY - Full Fare,448.0,6.0
2022-05-31T09:00:00.000,subway,439,"125 St (2,3)",Manhattan,metrocard,Metrocard - Unlimited 30-Day,43.0,0.0
2022-05-31T21:00:00.000,subway,437,145 St (3),Manhattan,metrocard,Metrocard - Other,3.0,0.0
2022-05-31T20:00:00.000,subway,439,"125 St (2,3)",Manhattan,omny,OMNY - Full Fare,92.0,7.0
2022-05-31T21:00:00.000,subway,635,"South Ferry (1)/Whitehall St (R,W)",Manhattan,metrocard,Metrocard - Full Fare,104.0,15.0
2022-05-31T10:00:00.000,subway,436,Harlem-148 St (3),Manhattan,metrocard,Metrocard - Unlimited 7-Day,13.0,0.0
2022-05-31T14:00:00.000,subway,624,"Chambers St (A,C)/WTC (E)/Park Pl (2,3)/Cortlandt (R,W)",Manhattan,metrocard,Metrocard - Students,124.0,0.0
2022-05-31T10:00:00.000,subway,635,"South Ferry (1)/Whitehall St (R,W)",Manhattan,metrocard,Metrocard - Unlimited 30-Day,40.0,0.0
2022-05-31T15:00:00.000,subway,623,"Canal St (J,N,Q,R,W,Z,6)",Manhattan,metrocard,Metrocard - Unlimited 7-Day,311.0,0.0
2022-05-31T13:00:00.000,subway,220,"155 St (B,D)",Manhattan,omny,OMNY - Full Fare,20.0,0.0
2022-05-31T14:00:00.000,subway,625,"Delancey St (F)/Essex St (J,M,Z)",Manhattan,omny,OMNY - Other,1.0,0.0
2022-05-31T01:00:00.000,subway,392,"125 St (4,5,6)",Manhattan,metrocard,Metrocard - Fair Fare,4.0,0.0
2022-05-31T18:00:00.000,subway,624,"Chambers St (A,C)/WTC (E)/Park Pl (2,3)/Cortlandt (R,W)",Manhattan,metrocard,Metrocard - Students,81.0,0.0
2022-05-31T13:00:00.000,subway,220,"155 St (B,D)",Manhattan,metrocard,Metrocard - Seniors & Disability,3.0,0.0
2022-05-31T17:00:00.000,subway,623,"Canal St (J,N,Q,R,W,Z,6)",Manhattan,metrocard,Metrocard - Unlimited 30-Day,583.0,0.0
2022-05-31T06:00:00.000,subway,628,"Fulton St (A,C,J,Z,2,3,4,5)",Manhattan,omny,OMNY - Full Fare,328.0,6.0
2022-05-31T12:00:00.000,subway,628,"Fulton St (A,C,J,Z,2,3,4,5)",Manhattan,omny,OMNY - Full Fare,523.0,1.0
2022-05-31T12:00:00.000,subway,622,"Brooklyn Bridge-City Hall (4,5,6)/Chambers St (J,Z)",Manhattan,omny,OMNY - Full Fare,212.0,2.0
2022-05-31T18:00:00.000,subway,436,Harlem-148 St (3),Manhattan,metrocard,Metrocard - Full Fare,18.0,1.0
2022-05-31T00:00:00.000,subway,441,"Central Park North (110 St) (2,3)",Manhattan,metrocard,Metrocard - Unlimited 30-Day,4.0,0.0
2022-05-31T10:00:00.000,subway,635,"South Ferry (1)/Whitehall St (R,W)",Manhattan,metrocard,Metrocard - Full Fare,140.0,48.0
2022-05-31T13:00:00.000,subway,20,"City Hall (R,W)",Manhattan,omny,OMNY - Full Fare,53.0,1.0
2022-05-31T02:00:00.000,subway,439,"125 St (2,3)",Manhattan,metrocard,Metrocard - Fair Fare,1.0,0.0
2022-05-31T21:00:00.000,subway,20,"City Hall (R,W)",Manhattan,metrocard,Metrocard - Other,5.0,0.0
2022-05-31T09:00:00.000,subway,220,"155 St (B,D)",Manhattan,metrocard,Metrocard - Fair Fare,16.0,0.0
2022-05-31T06:00:00.000,subway,436,Harlem-148 St (3),Manhattan,metrocard,Metrocard - Seniors & Disability,5.0,1.0
2022-05-31T16:00:00.000,subway,438,"135 St (2,3)",Manhattan,metrocard,Metrocard - Other,67.0,1.0
2022-05-31T12:00:00.000,subway,622,"Brooklyn Bridge-City Hall (4,5,6)/Chambers St (J,Z)",Manhattan,metrocard,Metrocard - Full Fare,239.0,1.0
2022-05-31T22:00:00.000,subway,437,145 St (3),Manhattan,omny,OMNY - Full Fare,4.0,0.0
2022-05-31T13:00:00.000,subway,623,"Canal St (J,N,Q,R,W,Z,6)",Manhattan,metrocard,Metrocard - Full Fare,292.0,0.0
2022-05-31T11:00:00.000,subway,436,Harlem-148 St (3),Manhattan,metrocard,Metrocard - Students,1.0,0.0
2022-05-31T23:00:00.000,subway,20,"City Hall (R,W)",Manhattan,metrocard,Metrocard - Unlimited 30-Day,6.0,0.0
2022-05-31T06:00:00.000,subway,441,"Central Park North (110 St) (2,3)",Manhattan,metrocard,Metrocard - Fair Fare,22.0,2.0
2022-05-31T08:00:00.000,subway,624,"Chambers St (A,C)/WTC (E)/Park Pl (2,3)/Cortlandt (R,W)",Manhattan,metrocard,Metrocard - Other,81.0,3.0
2022-05-31T19:00:00.000,subway,440,"116 St (2,3)",Manhattan,metrocard,Metrocard - Students,14.0,0.0
2022-05-31T20:00:00.000,subway,635,"South Ferry (1)/Whitehall St (R,W)",Manhattan,metrocard,Metrocard - Students,8.0,0.0
2022-05-31T09:00:00.000,subway,440,"116 St (2,3)",Manhattan,metrocard,Metrocard - Students,37.0,2.0
2022-05-31T01:00:00.000,subway,625,"Delancey St (F)/Essex St (J,M,Z)",Manhattan,metrocard,Metrocard - Unlimited 30-Day,11.0,0.0
2022-05-31T19:00:00.000,subway,22,"Rector St (R,W)",Manhattan,metrocard,Metrocard - Students,2.0,0.0
2022-05-31T19:00:00.000,subway,625,"Delancey St (F)/Essex St (J,M,Z)",Manhattan,metrocard,Metrocard - Full Fare,145.0,4.0
2022-05-31T13:00:00.000,subway,624,"Chambers St (A,C)/WTC (E)/Park Pl (2,3)/Cortlandt (R,W)",Manhattan,metrocard,Metrocard - Full Fare,544.0,2.0
2022-05-31T19:00:00.000,subway,20,"City Hall (R,W)",Manhattan,metrocard,Metrocard - Fair Fare,3.0,0.0
2022-05-31T23:00:00.000,subway,436,Harlem-148 St (3),Manhattan,metrocard,Metrocard - Unlimited 30-Day,2.0,0.0
2022-05-31T21:00:00.000,subway,441,"Central Park North (110 St) (2,3)",Manhattan,omny,OMNY - Full Fare,23.0,0.0
2022-05-31T10:00:00.000,subway,392,"125 St (4,5,6)",Manhattan,metrocard,Metrocard - Unlimited 30-Day,51.0,0.0
2022-05-31T14:00:00.000,subway,437,145 St (3),Manhattan,metrocard,Metrocard - Unlimited 7-Day,6.0,0.0
2022-05-31T00:00:00.000,subway,622,"Brooklyn Bridge-City Hall (4,5,6)/Chambers St (J,Z)",Manhattan,metrocard,Metrocard - Unlimited 7-Day,20.0,0.0
2022-05-31T05:00:00.000,subway,440,"116 St (2,3)",Manhattan,metrocard,Metrocard - Other,6.0,1.0
2022-05-31T16:00:00.000,subway,438,"135 St (2,3)",Manhattan,metrocard,Metrocard - Students,64.0,1.0
2022-05-31T00:00:00.000,subway,393,116 St (6),Manhattan,metrocard,Metrocard - Seniors & Disability,1.0,0.0
2022-05-31T13:00:00.000,subway,622,"Brooklyn Bridge-City Hall (4,5,6)/Chambers St (J,Z)",Manhattan,metrocard,Metrocard - Unlimited 30-Day,87.0,0.0
2022-05-31T14:00:00.000,subway,623,"Canal St (J,N,Q,R,W,Z,6)",Manhattan,metrocard,Metrocard - Seniors & Disability,117.0,1.0
2022-05-31T15:00:00.000,subway,439,"125 St (2,3)",Manhattan,omny,OMNY - Full Fare,164.0,10.0
2022-05-31T13:00:00.000,subway,628,"Fulton St (A,C,J,Z,2,3,4,5)",Manhattan,metrocard,Metrocard - Unlimited 7-Day,198.0,0.0
2022-05-31T09:00:00.000,subway,440,"116 St (2,3)",Manhattan,metrocard,Metrocard - Unlimited 7-Day,44.0,0.0
2022-05-31T10:00:00.000,subway,22,"Rector St (R,W)",Manhattan,metrocard,Metrocard - Unlimited 7-Day,21.0,0.0
2022-05-31T01:00:00.000,subway,22,"Rector St (R,W)",Manhattan,metrocard,Metrocard - Seniors & Disability,1.0,0.0
2022-05-31T10:00:00.000,subway,393,116 St (6),Manhattan,metrocard,Metrocard - Other,38.0,3.0
2022-05-31T08:00:00.000,subway,635,"South Ferry (1)/Whitehall St (R,W)",Manhattan,metrocard,Metrocard - Other,102.0,32.0
2022-05-31T15:00:00.000,subway,635,"South Ferry (1)/Whitehall St (R,W)",Manhattan,metrocard,Metrocard - Full Fare,436.0,27.0
2022-05-31T08:00:00.000,subway,438,"135 St (2,3)",Manhattan,metrocard,Metrocard - Full Fare,161.0,1.0
2022-05-31T11:00:00.000,subway,441,"Central Park North (110 St) (2,3)",Manhattan,metrocard,Metrocard - Full Fare,25.0,0.0
2022-05-31T12:00:00.000,subway,436,Harlem-148 St (3),Manhattan,metrocard,Metrocard - Seniors & Disability,7.0,0.0
2022-05-31T04:00:00.000,subway,625,"Delancey St (F)/Essex St (J,M,Z)",Manhattan,metrocard,Metrocard - Seniors & Disability,2.0,0.0
2022-05-31T13:00:00.000,subway,393,116 St (6),Manhattan,metrocard,Metrocard - Students,31.0,5.0
2022-05-31T16:00:00.000,subway,625,"Delancey St (F)/Essex St (J,M,Z)",Manhattan,metrocard,Metrocard - Unlimited 30-Day,158.0,0.0
2022-05-31T13:00:00.000,subway,437,145 St (3),Manhattan,metrocard,Metrocard - Other,9.0,0.0
2022-05-31T15:00:00.000,subway,393,116 St (6),Manhattan,metrocard,Metrocard - Seniors & Disability,22.0,3.0
2022-05-31T10:00:00.000,subway,623,"Canal St (J,N,Q,R,W,Z,6)",Manhattan,metrocard,Metrocard - Unlimited 30-Day,144.0,0.0
2022-05-31T23:00:00.000,subway,438,"135 St (2,3)",Manhattan,metrocard,Metrocard - Full Fare,27.0,0.0
2022-05-31T05:00:00.000,subway,623,"Canal St (J,N,Q,R,W,Z,6)",Manhattan,metrocard,Metrocard - Seniors & Disability,2.0,0.0
2022-05-31T17:00:00.000,subway,440,"116 St (2,3)",Manhattan,omny,OMNY - Full Fare,108.0,5.0
2022-05-31T13:00:00.000,subway,635,"South Ferry (1)/Whitehall St (R,W)",Manhattan,omny,OMNY - Full Fare,206.0,21.0
2022-05-31T06:00:00.000,subway,625,"Delancey St (F)/Essex St (J,M,Z)",Manhattan,metrocard,Metrocard - Students,21.0,1.0
2022-05-31T03:00:00.000,subway,439,"125 St (2,3)",Manhattan,omny,OMNY - Full Fare,1.0,0.0
2022-05-31T09:00:00.000,subway,628,"Fulton St (A,C,J,Z,2,3,4,5)",Manhattan,metrocard,Metrocard - Unlimited 30-Day,185.0,0.0
2022-05-31T16:00:00.000,subway,635,"South Ferry (1)/Whitehall St (R,W)",Manhattan,metrocard,Metrocard - Unlimited 30-Day,121.0,0.0
2022-05-31T21:00:00.000,subway,624,"Chambers St (A,C)/WTC (E)/Park Pl (2,3)/Cortlandt (R,W)",Manhattan,metrocard,Metrocard - Other,32.0,0.0
2022-05-31T16:00:00.000,subway,622,"Brooklyn Bridge-City Hall (4,5,6)/Chambers St (J,Z)",Manhattan,omny,OMNY - Seniors & Disability,1.0,0.0
2022-05-31T17:00:00.000,subway,622,"Brooklyn Bridge-City Hall (4,5,6)/Chambers St (J,Z)",Manhattan,metrocard,Metrocard - Fair Fare,56.0,0.0
2022-05-31T20:00:00.000,subway,436,Harlem-148 St (3),Manhattan,metrocard,Metrocard - Unlimited 7-Day,7.0,0.0
2022-05-31T19:00:00.000,subway,437,145 St (3),Manhattan,metrocard,Metrocard - Unlimited 7-Day,8.0,0.0
2022-05-31T07:00:00.000,subway,436,Harlem-148 St (3),Manhattan,metrocard,Metrocard - Unlimited 30-Day,59.0,0.0
2022-05-31T16:00:00.000,subway,624,"Chambers St (A,C)/WTC (E)/Park Pl (2,3)/Cortlandt (R,W)",Manhattan,metrocard,Metrocard - Seniors & Disability,140.0,3.0
2022-05-31T01:00:00.000,subway,623,"Canal St (J,N,Q,R,W,Z,6)",Manhattan,omny,OMNY - Full Fare,18.0,0.0
2022-05-31T05:00:00.000,subway,622,"Brooklyn Bridge-City Hall (4,5,6)/Chambers St (J,Z)",Manhattan,metrocard,Metrocard - Seniors & Disability,1.0,0.0
2022-05-31T22:00:00.000,subway,623,"Canal St (J,N,Q,R,W,Z,6)",Manhattan,metrocard,Metrocard - Unlimited 30-Day,112.0,0.0
2022-05-31T06:00:00.000,subway,392,"125 St (4,5,6)",Manhattan,omny,OMNY - Full Fare,170.0,5.0
2022-05-31T16:00:00.000,subway,441,"Central Park North (110 St) (2,3)",Manhattan,omny,OMNY - Full Fare,105.0,5.0
2022-05-31T10:00:00.000,subway,438,"135 St (2,3)",Manhattan,metrocard,Metrocard - Seniors & Disability,26.0,3.0
2022-05-31T13:00:00.000,subway,635,"South Ferry (1)/Whitehall St (R,W)",Manhattan,metrocard,Metrocard - Full Fare,315.0,43.0
2022-05-31T19:00:00.000,subway,438,"135 St (2,3)",Manhattan,metrocard,Metrocard - Fair Fare,12.0,0.0
2022-05-31T19:00:00.000,subway,220,"155 St (B,D)",Manhattan,metrocard,Metrocard - Other,2.0,0.0
2022-05-31T00:00:00.000,subway,439,"125 St (2,3)",Manhattan,metrocard,Metrocard - Unlimited 7-Day,13.0,0.0
2022-05-31T07:00:00.000,subway,439,"125 St (2,3)",Manhattan,metrocard,Metrocard - Full Fare,115.0,21.0
2022-05-31T21:00:00.000,subway,394,110 St (6),Manhattan,metrocard,Metrocard - Fair Fare,5.0,0.0
2022-05-31T07:00:00.000,subway,438,"135 St (2,3)",Manhattan,omny,OMNY - Full Fare,134.0,1.0
2022-05-31T06:00:00.000,subway,635,"South Ferry (1)/Whitehall St (R,W)",Manhattan,metrocard,Metrocard - Unlimited 30-Day,62.0,0.0
2022-05-31T05:00:00.000,subway,437,145 St (3),Manhattan,omny,OMNY - Full Fare,10.0,0.0
2022-05-31T00:00:00.000,subway,624,"Chambers St (A,C)/WTC (E)/Park Pl (2,3)/Cortlandt (R,W)",Manhattan,metrocard,Metrocard - Full Fare,16.0,0.0
2022-05-31T07:00:00.000,subway,623,"Canal St (J,N,Q,R,W,Z,6)",Manhattan,metrocard,Metrocard - Unlimited 30-Day,53.0,0.0
2022-05-31T07:00:00.000,subway,623,"Canal St (J,N,Q,R,W,Z,6)",Manhattan,metrocard,Metrocard - Full Fare,68.0,0.0
2022-05-31T10:00:00.000,subway,437,145 St (3),Manhattan,metrocard,Metrocard - Unlimited 7-Day,11.0,0.0
2022-05-31T14:00:00.000,subway,635,"South Ferry (1)/Whitehall St (R,W)",Manhattan,metrocard,Metrocard - Students,29.0,2.0
2022-05-31T14:00:00.000,subway,625,"Delancey St (F)/Essex St (J,M,Z)",Manhattan,metrocard,Metrocard - Seniors & Disability,39.0,3.0
2022-05-31T00:00:00.000,subway,622,"Brooklyn Bridge-City Hall (4,5,6)/Chambers St (J,Z)",Manhattan,metrocard,Metrocard - Other,4.0,0.0
2022-05-31T22:00:00.000,subway,392,"125 St (4,5,6)",Manhattan,metrocard,Metrocard - Fair Fare,20.0,2.0
2022-05-31T11:00:00.000,subway,441,"Central Park North (110 St) (2,3)",Manhattan,omny,OMNY - Full Fare,62.0,0.0
2022-05-31T09:00:00.000,subway,441,"Central Park North (110 St) (2,3)",Manhattan,metrocard,Metrocard - Other,12.0,0.0
2022-05-31T10:00:00.000,subway,624,"Chambers St (A,C)/WTC (E)/Park Pl (2,3)/Cortlandt (R,W)",Manhattan,metrocard,Metrocard - Unlimited 7-Day,102.0,0.0
2022-05-31T14:00:00.000,subway,438,"135 St (2,3)",Manhattan,metrocard,Metrocard - Fair Fare,27.0,2.0
2022-05-31T18:00:00.000,subway,392,"125 St (4,5,6)",Manhattan,metrocard,Metrocard - Unlimited 7-Day,107.0,0.0
2022-05-31T13:00:00.000,subway,22,"Rector St (R,W)",Manhattan,metrocard,Metrocard - Full Fare,40.0,1.0
2022-05-31T08:00:00.000,subway,393,116 St (6),Manhattan,metrocard,Metrocard - Other,45.0,1.0
2022-05-31T06:00:00.000,subway,623,"Canal St (J,N,Q,R,W,Z,6)",Manhattan,omny,OMNY - Full Fare,33.0,0.0
2022-05-31T03:00:00.000,subway,628,"Fulton St (A,C,J,Z,2,3,4,5)",Manhattan,metrocard,Metrocard - Other,1.0,0.0
2022-05-31T08:00:00.000,subway,625,"Delancey St (F)/Essex St (J,M,Z)",Manhattan,metrocard,Metrocard - Fair Fare,59.0,1.0
2022-05-31T19:00:00.000,subway,22,"Rector St (R,W)",Manhattan,metrocard,Metrocard - Other,3.0,0.0
2022-05-31T19:00:00.000,subway,625,"Delancey St (F)/Essex St (J,M,Z)",Manhattan,metrocard,Metrocard - Other,37.0,2.0
2022-05-31T07:00:00.000,subway,393,116 St (6),Manhattan,metrocard,Metrocard - Unlimited 30-Day,122.0,0.0
2022-05-31T20:00:00.000,subway,220,"155 St (B,D)",Manhattan,metrocard,Metrocard - Full Fare,9.0,0.0
2022-05-31T13:00:00.000,subway,436,Harlem-148 St (3),Manhattan,omny,OMNY - Full Fare,24.0,0.0
2022-05-31T08:00:00.000,subway,628,"Fulton St (A,C,J,Z,2,3,4,5)",Manhattan,metrocard,Metrocard - Seniors & Disability,45.0,0.0
2022-05-31T06:00:00.000,subway,20,"City Hall (R,W)",Manhattan,metrocard,Metrocard - Other,4.0,0.0
2022-05-31T05:00:00.000,subway,635,"South Ferry (1)/Whitehall St (R,W)",Manhattan,metrocard,Metrocard - Fair Fare,10.0,2.0
2022-05-31T16:00:00.000,subway,393,116 St (6),Manhattan,omny,OMNY - Full Fare,127.0,6.0
2022-05-31T20:00:00.000,subway,220,"155 St (B,D)",Manhattan,metrocard,Metrocard - Unlimited 7-Day,6.0,0.0
2022-05-31T17:00:00.000,subway,439,"125 St (2,3)",Manhattan,metrocard,Metrocard - Students,66.0,6.0
2022-05-31T22:00:00.000,subway,440,"116 St (2,3)",Manhattan,metrocard,Metrocard - Fair Fare,9.0,0.0
2022-05-31T09:00:00.000,subway,392,"125 St (4,5,6)",Manhattan,metrocard,Metrocard - Full Fare,226.0,13.0
2022-05-31T02:00:00.000,subway,622,"Brooklyn Bridge-City Hall (4,5,6)/Chambers St (J,Z)",Manhattan,metrocard,Metrocard - Unlimited 7-Day,1.0,0.0
2022-05-31T04:00:00.000,subway,628,"Fulton St (A,C,J,Z,2,3,4,5)",Manhattan,metrocard,Metrocard - Full Fare,13.0,0.0
2022-05-31T06:00:00.000,subway,439,"125 St (2,3)",Manhattan,metrocard,Metrocard - Students,13.0,1.0
2022-05-31T00:00:00.000,subway,20,"City Hall (R,W)",Manhattan,metrocard,Metrocard - Unlimited 30-Day,1.0,0.0
2022-05-31T21:00:00.000,subway,624,"Chambers St (A,C)/WTC (E)/Park Pl (2,3)/Cortlandt (R,W)",Manhattan,metrocard,Metrocard - Unlimited 30-Day,106.0,0.0
2022-05-31T17:00:00.000,subway,437,145 St (3),Manhattan,metrocard,Metrocard - Seniors & Disability,4.0,1.0
2022-05-31T10:00:00.000,subway,220,"155 St (B,D)",Manhattan,metrocard,Metrocard - Unlimited 7-Day,12.0,0.0
2022-05-31T15:00:00.000,subway,436,Harlem-148 St (3),Manhattan,metrocard,Metrocard - Fair Fare,5.0,0.0
2022-05-31T11:00:00.000,subway,440,"116 St (2,3)",Manhattan,metrocard,Metrocard - Seniors & Disability,26.0,3.0
2022-05-31T04:00:00.000,subway,440,"116 St (2,3)",Manhattan,metrocard,Metrocard - Seniors & Disability,2.0,0.0
2022-05-31T09:00:00.000,subway,436,Harlem-148 St (3),Manhattan,metrocard,Metrocard - Other,9.0,0.0
2022-05-31T12:00:00.000,subway,635,"South Ferry (1)/Whitehall St (R,W)",Manhattan,omny,OMNY - Full Fare,178.0,22.0
2022-05-31T09:00:00.000,subway,20,"City Hall (R,W)",Manhattan,metrocard,Metrocard - Students,3.0,0.0
2022-05-31T18:00:00.000,subway,622,"Brooklyn Bridge-City Hall (4,5,6)/Chambers St (J,Z)",Manhattan,metrocard,Metrocard - Students,51.0,0.0
2022-05-31T19:00:00.000,subway,439,"125 St (2,3)",Manhattan,metrocard,Metrocard - Other,20.0,0.0
2022-05-31T11:00:00.000,subway,628,"Fulton St (A,C,J,Z,2,3,4,5)",Manhattan,metrocard,Metrocard - Fair Fare,28.0,0.0
2022-05-31T15:00:00.000,subway,22,"Rector St (R,W)",Manhattan,metrocard,Metrocard - Unlimited 30-Day,26.0,0.0
2022-05-31T22:00:00.000,subway,622,"Brooklyn Bridge-City Hall (4,5,6)/Chambers St (J,Z)",Manhattan,metrocard,Metrocard - Unlimited 7-Day,60.0,0.0
2022-05-31T02:00:00.000,subway,438,"135 St (2,3)",Manhattan,metrocard,Metrocard - Fair Fare,1.0,0.0
2022-05-31T17:00:00.000,subway,20,"City Hall (R,W)",Manhattan,metrocard,Metrocard - Unlimited 7-Day,37.0,0.0
2022-05-31T17:00:00.000,subway,437,145 St (3),Manhattan,metrocard,Metrocard - Students,8.0,1.0
2022-05-31T14:00:00.000,subway,625,"Delancey St (F)/Essex St (J,M,Z)",Manhattan,metrocard,Metrocard - Unlimited 30-Day,103.0,0.0
2022-05-31T19:00:00.000,subway,628,"Fulton St (A,C,J,Z,2,3,4,5)",Manhattan,metrocard,Metrocard - Students,48.0,0.0
2022-05-31T13:00:00.000,subway,628,"Fulton St (A,C,J,Z,2,3,4,5)",Manhattan,metrocard,Metrocard - Other,83.0,1.0
2022-05-31T08:00:00.000,subway,393,116 St (6),Manhattan,metrocard,Metrocard - Unlimited 7-Day,118.0,0.0
2022-05-31T09:00:00.000,subway,622,"Brooklyn Bridge-City Hall (4,5,6)/Chambers St (J,Z)",Manhattan,metrocard,Metrocard - Full Fare,194.0,3.0
2022-05-31T23:00:00.000,subway,393,116 St (6),Manhattan,metrocard,Metrocard - Fair Fare,5.0,0.0
2022-05-31T10:00:00.000,subway,622,"Brooklyn Bridge-City Hall (4,5,6)/Chambers St (J,Z)",Manhattan,metrocard,Metrocard - Seniors & Disability,36.0,0.0
2022-05-31T10:00:00.000,subway,622,"Brooklyn Bridge-City Hall (4,5,6)/Chambers St (J,Z)",Manhattan,omny,OMNY - Full Fare,168.0,1.0
2022-05-31T15:00:00.000,subway,439,"125 St (2,3)",Manhattan,metrocard,Metrocard - Fair Fare,37.0,4.0
2022-05-31T07:00:00.000,subway,232,2 Av (F),Manhattan,omny,OMNY - Full Fare,165.0,3.0
2022-05-31T16:00:00.000,subway,22,"Rector St (R,W)",Manhattan,metrocard,Metrocard - Seniors & Disability,3.0,0.0
2022-05-31T07:00:00.000,subway,625,"Delancey St (F)/Essex St (J,M,Z)",Manhattan,metrocard,Metrocard - Unlimited 7-Day,52.0,0.0
2022-05-31T23:00:00.000,subway,628,"Fulton St (A,C,J,Z,2,3,4,5)",Manhattan,metrocard,Metrocard - Unlimited 7-Day,124.0,0.0
2022-05-31T15:00:00.000,subway,624,"Chambers St (A,C)/WTC (E)/Park Pl (2,3)/Cortlandt (R,W)",Manhattan,omny,OMNY - Full Fare,706.0,4.0
2022-05-31T15:00:00.000,subway,437,145 St (3),Manhattan,metrocard,Metrocard - Students,13.0,0.0
2022-05-31T23:00:00.000,subway,393,116 St (6),Manhattan,metrocard,Metrocard - Unlimited 7-Day,20.0,0.0
2022-05-31T02:00:00.000,subway,628,"Fulton St (A,C,J,Z,2,3,4,5)",Manhattan,metrocard,Metrocard - Fair Fare,2.0,0.0
2022-05-31T00:00:00.000,subway,440,"116 St (2,3)",Manhattan,omny,OMNY - Full Fare,11.0,0.0
2022-05-31T04:00:00.000,subway,393,116 St (6),Manhattan,metrocard,Metrocard - Full Fare,13.0,0.0
2022-05-31T03:00:00.000,subway,635,"South Ferry (1)/Whitehall St (R,W)",Manhattan,metrocard,Metrocard - Full Fare,14.0,11.0
2022-05-31T01:00:00.000,subway,635,"South Ferry (1)/Whitehall St (R,W)",Manhattan,omny,OMNY - Full Fare,10.0,1.0
2022-05-31T22:00:00.000,subway,623,"Canal St (J,N,Q,R,W,Z,6)",Manhattan,metrocard,Metrocard - Other,30.0,0.0
2022-05-31T04:00:00.000,subway,625,"Delancey St (F)/Essex St (J,M,Z)",Manhattan,metrocard,Metrocard - Other,9.0,0.0
2022-05-31T16:00:00.000,subway,624,"Chambers St (A,C)/WTC (E)/Park Pl (2,3)/Cortlandt (R,W)",Manhattan,metrocard,Metrocard - Unlimited 30-Day,476.0,0.0
2022-05-31T05:00:00.000,subway,441,"Central Park North (110 St) (2,3)",Manhattan,metrocard,Metrocard - Seniors & Disability,2.0,0.0
2022-05-31T23:00:00.000,subway,22,"Rector St (R,W)",Manhattan,omny,OMNY - Full Fare,13.0,0.0
2022-05-31T03:00:00.000,subway,624,"Chambers St (A,C)/WTC (E)/Park Pl (2,3)/Cortlandt (R,W)",Manhattan,omny,OMNY - Full Fare,2.0,0.0
2022-05-31T13:00:00.000,subway,22,"Rector St (R,W)",Manhattan,omny,OMNY - Full Fare,50.0,7.0
2022-05-31T05:00:00.000,subway,623,"Canal St (J,N,Q,R,W,Z,6)",Manhattan,metrocard,Metrocard - Fair Fare,2.0,0.0
2022-05-31T09:00:00.000,subway,20,"City Hall (R,W)",Manhattan,omny,OMNY - Full Fare,63.0,0.0
2022-05-31T18:00:00.000,subway,440,"116 St (2,3)",Manhattan,metrocard,Metrocard - Full Fare,87.0,10.0
2022-05-31T09:00:00.000,subway,437,145 St (3),Manhattan,omny,OMNY - Full Fare,36.0,0.0
2022-05-31T20:00:00.000,subway,622,"Brooklyn Bridge-City Hall (4,5,6)/Chambers St (J,Z)",Manhattan,metrocard,Metrocard - Unlimited 30-Day,77.0,0.0
2022-05-31T20:00:00.000,subway,622,"Brooklyn Bridge-City Hall (4,5,6)/Chambers St (J,Z)",Manhattan,metrocard,Metrocard - Seniors & Disability,12.0,0.0
2022-05-31T21:00:00.000,subway,436,Harlem-148 St (3),Manhattan,omny,OMNY - Full Fare,5.0,0.0
2022-05-31T23:00:00.000,subway,441,"Central Park North (110 St) (2,3)",Manhattan,metrocard,Metrocard - Unlimited 7-Day,8.0,0.0
2022-05-31T16:00:00.000,subway,440,"116 St (2,3)",Manhattan,metrocard,Metrocard - Unlimited 30-Day,62.0,0.0
2022-05-31T06:00:00.000,subway,441,"Central Park North (110 St) (2,3)",Manhattan,metrocard,Metrocard - Unlimited 30-Day,28.0,0.0
2022-05-31T01:00:00.000,subway,624,"Chambers St (A,C)/WTC (E)/Park Pl (2,3)/Cortlandt (R,W)",Manhattan,metrocard,Metrocard - Unlimited 30-Day,4.0,0.0
2022-05-31T17:00:00.000,subway,220,"155 St (B,D)",Manhattan,metrocard,Metrocard - Seniors & Disability,3.0,0.0
2022-05-31T22:00:00.000,subway,392,"125 St (4,5,6)",Manhattan,metrocard,Metrocard - Unlimited 30-Day,27.0,0.0
2022-05-31T06:00:00.000,subway,436,Harlem-148 St (3),Manhattan,metrocard,Metrocard - Full Fare,37.0,0.0
2022-05-31T17:00:00.000,subway,623,"Canal St (J,N,Q,R,W,Z,6)",Manhattan,metrocard,Metrocard - Full Fare,920.0,2.0
2022-05-31T07:00:00.000,subway,624,"Chambers St (A,C)/WTC (E)/Park Pl (2,3)/Cortlandt (R,W)",Manhattan,metrocard,Metrocard - Seniors & Disability,21.0,1.0
2022-05-31T16:00:00.000,subway,622,"Brooklyn Bridge-City Hall (4,5,6)/Chambers St (J,Z)",Manhattan,omny,OMNY - Full Fare,549.0,2.0
2022-05-31T08:00:00.000,subway,436,Harlem-148 St (3),Manhattan,omny,OMNY - Full Fare,77.0,0.0
2022-05-31T20:00:00.000,subway,628,"Fulton St (A,C,J,Z,2,3,4,5)",Manhattan,metrocard,Metrocard - Full Fare,394.0,1.0
2022-05-31T01:00:00.000,subway,441,"Central Park North (110 St) (2,3)",Manhattan,metrocard,Metrocard - Unlimited 7-Day,1.0,0.0
2022-05-31T20:00:00.000,subway,22,"Rector St (R,W)",Manhattan,metrocard,Metrocard - Unlimited 30-Day,10.0,0.0
2022-05-31T17:00:00.000,subway,625,"Delancey St (F)/Essex St (J,M,Z)",Manhattan,metrocard,Metrocard - Unlimited 30-Day,181.0,0.0
2022-05-31T03:00:00.000,subway,635,"South Ferry (1)/Whitehall St (R,W)",Manhattan,metrocard,Metrocard - Unlimited 30-Day,4.0,0.0
2022-05-31T14:00:00.000,subway,437,145 St (3),Manhattan,metrocard,Metrocard - Unlimited 30-Day,23.0,0.0
2022-05-31T12:00:00.000,subway,624,"Chambers St (A,C)/WTC (E)/Park Pl (2,3)/Cortlandt (R,W)",Manhattan,metrocard,Metrocard - Other,47.0,0.0
2022-05-31T08:00:00.000,subway,625,"Delancey St (F)/Essex St (J,M,Z)",Manhattan,metrocard,Metrocard - Seniors & Disability,35.0,6.0
2022-05-31T22:00:00.000,subway,440,"116 St (2,3)",Manhattan,metrocard,Metrocard - Seniors & Disability,1.0,0.0
2022-05-31T03:00:00.000,subway,438,"135 St (2,3)",Manhattan,metrocard,Metrocard - Unlimited 7-Day,1.0,0.0
2022-05-31T09:00:00.000,subway,20,"City Hall (R,W)",Manhattan,metrocard,Metrocard - Other,4.0,0.0
2022-05-31T09:00:00.000,subway,392,"125 St (4,5,6)",Manhattan,metrocard,Metrocard - Unlimited 7-Day,88.0,0.0
2022-05-31T15:00:00.000,subway,22,"Rector St (R,W)",Manhattan,metrocard,Metrocard - Students,24.0,0.0
2022-05-31T18:00:00.000,subway,437,145 St (3),Manhattan,metrocard,Metrocard - Unlimited 7-Day,6.0,0.0
2022-05-31T10:00:00.000,subway,436,Harlem-148 St (3),Manhattan,metrocard,Metrocard - Seniors & Disability,12.0,0.0
2022-05-31T12:00:00.000,subway,438,"135 St (2,3)",Manhattan,metrocard,Metrocard - Students,25.0,0.0
2022-05-31T01:00:00.000,subway,438,"135 St (2,3)",Manhattan,metrocard,Metrocard - Fair Fare,1.0,0.0
2022-05-31T09:00:00.000,subway,440,"116 St (2,3)",Manhattan,metrocard,Metrocard - Other,17.0,2.0
2022-05-31T04:00:00.000,subway,392,"125 St (4,5,6)",Manhattan,metrocard,Metrocard - Seniors & Disability,3.0,0.0
2022-05-31T12:00:00.000,subway,437,145 St (3),Manhattan,metrocard,Metrocard - Full Fare,26.0,1.0
2022-05-31T08:00:00.000,subway,441,"Central Park North (110 St) (2,3)",Manhattan,metrocard,Metrocard - Seniors & Disability,15.0,1.0
2022-05-31T07:00:00.000,subway,628,"Fulton St (A,C,J,Z,2,3,4,5)",Manhattan,metrocard,Metrocard - Unlimited 7-Day,103.0,0.0
2022-05-31T04:00:00.000,subway,439,"125 St (2,3)",Manhattan,metrocard,Metrocard - Other,1.0,0.0
2022-05-31T05:00:00.000,subway,625,"Delancey St (F)/Essex St (J,M,Z)",Manhattan,metrocard,Metrocard - Unlimited 30-Day,12.0,0.0
2022-05-31T19:00:00.000,subway,623,"Canal St (J,N,Q,R,W,Z,6)",Manhattan,metrocard,Metrocard - Students,29.0,1.0
2022-05-31T23:00:00.000,subway,622,"Brooklyn Bridge-City Hall (4,5,6)/Chambers St (J,Z)",Manhattan,metrocard,Metrocard - Other,14.0,0.0
2022-05-31T13:00:00.000,subway,624,"Chambers St (A,C)/WTC (E)/Park Pl (2,3)/Cortlandt (R,W)",Manhattan,metrocard,Metrocard - Unlimited 7-Day,214.0,0.0
2022-05-31T17:00:00.000,subway,393,116 St (6),Manhattan,metrocard,Metrocard - Unlimited 30-Day,82.0,0.0
2022-05-31T21:00:00.000,subway,22,"Rector St (R,W)",Manhattan,metrocard,Metrocard - Seniors & Disability,6.0,0.0
2022-05-31T13:00:00.000,subway,440,"116 St (2,3)",Manhattan,metrocard,Metrocard - Unlimited 7-Day,45.0,0.0
2022-05-31T20:00:00.000,subway,393,116 St (6),Manhattan,metrocard,Metrocard - Other,8.0,0.0
2022-05-31T23:00:00.000,subway,441,"Central Park North (110 St) (2,3)",Manhattan,metrocard,Metrocard - Full Fare,17.0,1.0
2022-05-31T23:00:00.000,subway,392,"125 St (4,5,6)",Manhattan,metrocard,Metrocard - Fair Fare,17.0,4.0
2022-05-31T09:00:00.000,subway,624,"Chambers St (A,C)/WTC (E)/Park Pl (2,3)/Cortlandt (R,W)",Manhattan,metrocard,Metrocard - Full Fare,384.0,15.0
2022-05-31T09:00:00.000,subway,392,"125 St (4,5,6)",Manhattan,metrocard,Metrocard - Seniors & Disability,43.0,4.0
2022-05-31T17:00:00.000,subway,437,145 St (3),Manhattan,metrocard,Metrocard - Other,5.0,2.0
2022-05-31T21:00:00.000,subway,624,"Chambers St (A,C)/WTC (E)/Park Pl (2,3)/Cortlandt (R,W)",Manhattan,omny,OMNY - Full Fare,248.0,2.0
2022-05-31T22:00:00.000,subway,438,"135 St (2,3)",Manhattan,metrocard,Metrocard - Seniors & Disability,1.0,0.0
2022-05-31T10:00:00.000,subway,623,"Canal St (J,N,Q,R,W,Z,6)",Manhattan,metrocard,Metrocard - Unlimited 7-Day,89.0,0.0
2022-05-31T15:00:00.000,subway,622,"Brooklyn Bridge-City Hall (4,5,6)/Chambers St (J,Z)",Manhattan,metrocard,Metrocard - Full Fare,581.0,1.0
2022-05-31T20:00:00.000,subway,625,"Delancey St (F)/Essex St (J,M,Z)",Manhattan,metrocard,Metrocard - Unlimited 30-Day,85.0,0.0
2022-05-31T11:00:00.000,subway,20,"City Hall (R,W)",Manhattan,metrocard,Metrocard - Full Fare,60.0,0.0
2022-05-31T16:00:00.000,subway,437,145 St (3),Manhattan,metrocard,Metrocard - Fair Fare,9.0,0.0
2022-05-31T10:00:00.000,subway,440,"116 St (2,3)",Manhattan,metrocard,Metrocard - Fair Fare,9.0,0.0
2022-05-31T18:00:00.000,subway,628,"Fulton St (A,C,J,Z,2,3,4,5)",Manhattan,metrocard,Metrocard - Fair Fare,88.0,0.0
2022-05-31T08:00:00.000,subway,394,110 St (6),Manhattan,metrocard,Metrocard - Fair Fare,55.0,1.0
2022-05-31T19:00:00.000,subway,20,"City Hall (R,W)",Manhattan,metrocard,Metrocard - Unlimited 30-Day,40.0,0.0
2022-05-31T12:00:00.000,subway,441,"Central Park North (110 St) (2,3)",Manhattan,omny,OMNY - Full Fare,59.0,2.0
2022-05-31T17:00:00.000,subway,624,"Chambers St (A,C)/WTC (E)/Park Pl (2,3)/Cortlandt (R,W)",Manhattan,metrocard,Metrocard - Other,375.0,0.0
2022-05-31T22:00:00.000,subway,623,"Canal St (J,N,Q,R,W,Z,6)",Manhattan,metrocard,Metrocard - Fair Fare,34.0,0.0
2022-05-31T04:00:00.000,subway,393,116 St (6),Manhattan,metrocard,Metrocard - Unlimited 30-Day,3.0,0.0
2022-05-31T21:00:00.000,subway,440,"116 St (2,3)",Manhattan,omny,OMNY - Full Fare,25.0,0.0
2022-05-31T21:00:00.000,subway,635,"South Ferry (1)/Whitehall St (R,W)",Manhattan,metrocard,Metrocard - Other,25.0,0.0
2022-05-31T07:00:00.000,subway,439,"125 St (2,3)",Manhattan,omny,OMNY - Full Fare,146.0,10.0
2022-05-31T15:00:00.000,subway,628,"Fulton St (A,C,J,Z,2,3,4,5)",Manhattan,omny,OMNY - Full Fare,1024.0,5.0
2022-05-31T10:00:00.000,subway,625,"Delancey St (F)/Essex St (J,M,Z)",Manhattan,metrocard,Metrocard - Students,32.0,1.0
2022-05-31T02:00:00.000,subway,439,"125 St (2,3)",Manhattan,metrocard,Metrocard - Full Fare,3.0,0.0
2022-05-31T08:00:00.000,subway,436,Harlem-148 St (3),Manhattan,metrocard,Metrocard - Students,47.0,0.0
2022-05-31T00:00:00.000,subway,22,"Rector St (R,W)",Manhattan,metrocard,Metrocard - Unlimited 30-Day,1.0,0.0
2022-05-31T17:00:00.000,subway,635,"South Ferry (1)/Whitehall St (R,W)",Manhattan,omny,OMNY - Full Fare,859.0,30.0
2022-05-31T22:00:00.000,subway,393,116 St (6),Manhattan,metrocard,Metrocard - Seniors & Disability,1.0,0.0
2022-05-31T12:00:00.000,subway,624,"Chambers St (A,C)/WTC (E)/Park Pl (2,3)/Cortlandt (R,W)",Manhattan,metrocard,Metrocard - Seniors & Disability,46.0,1.0
2022-05-31T22:00:00.000,subway,628,"Fulton St (A,C,J,Z,2,3,4,5)",Manhattan,metrocard,Metrocard - Seniors & Disability,13.0,0.0
2022-05-31T17:00:00.000,subway,394,110 St (6),Manhattan,metrocard,Metrocard - Fair Fare,22.0,0.0
2022-05-31T02:00:00.000,subway,392,"125 St (4,5,6)",Manhattan,omny,OMNY - Full Fare,7.0,1.0
2022-05-31T10:00:00.000,subway,22,"Rector St (R,W)",Manhattan,metrocard,Metrocard - Students,1.0,0.0
2022-05-31T16:00:00.000,subway,220,"155 St (B,D)",Manhattan,metrocard,Metrocard - Unlimited 30-Day,18.0,0.0
2022-05-31T20:00:00.000,subway,635,"South Ferry (1)/Whitehall St (R,W)",Manhattan,metrocard,Metrocard - Unlimited 30-Day,26.0,0.0
2022-05-31T21:00:00.000,subway,622,"Brooklyn Bridge-City Hall (4,5,6)/Chambers St (J,Z)",Manhattan,omny,OMNY - Full Fare,121.0,0.0
2022-05-31T17:00:00.000,subway,22,"Rector St (R,W)",Manhattan,metrocard,Metrocard - Full Fare,126.0,2.0
2022-05-31T22:00:00.000,subway,625,"Delancey St (F)/Essex St (J,M,Z)",Manhattan,metrocard,Metrocard - Full Fare,98.0,1.0
2022-05-31T03:00:00.000,subway,623,"Canal St (J,N,Q,R,W,Z,6)",Manhattan,metrocard,Metrocard - Full Fare,2.0,0.0
2022-05-31T06:00:00.000,subway,437,145 St (3),Manhattan,metrocard,Metrocard - Unlimited 7-Day,18.0,0.0
2022-05-31T19:00:00.000,subway,393,116 St (6),Manhattan,metrocard,Metrocard - Full Fare,75.0,5.0
2022-05-31T11:00:00.000,subway,438,"135 St (2,3)",Manhattan,omny,OMNY - Full Fare,89.0,0.0
2022-05-31T08:00:00.000,subway,20,"City Hall (R,W)",Manhattan,metrocard,Metrocard - Students,18.0,1.0
2022-05-31T09:00:00.000,subway,22,"Rector St (R,W)",Manhattan,omny,OMNY - Full Fare,61.0,11.0
2022-05-31T19:00:00.000,subway,628,"Fulton St (A,C,J,Z,2,3,4,5)",Manhattan,metrocard,Metrocard - Unlimited 30-Day,295.0,0.0
2022-05-31T16:00:00.000,subway,20,"City Hall (R,W)",Manhattan,metrocard,Metrocard - Fair Fare,9.0,0.0
2022-05-31T07:00:00.000,subway,635,"South Ferry (1)/Whitehall St (R,W)",Manhattan,metrocard,Metrocard - Fair Fare,48.0,23.0
2022-05-31T02:00:00.000,subway,220,"155 St (B,D)",Manhattan,metrocard,Metrocard - Fair Fare,2.0,0.0
2022-05-31T02:00:00.000,subway,439,"125 St (2,3)",Manhattan,omny,OMNY - Full Fare,2.0,0.0
2022-05-31T23:00:00.000,subway,22,"Rector St (R,W)",Manhattan,metrocard,Metrocard - Other,1.0,0.0
2022-05-31T04:00:00.000,subway,624,"Chambers St (A,C)/WTC (E)/Park Pl (2,3)/Cortlandt (R,W)",Manhattan,metrocard,Metrocard - Full Fare,10.0,0.0
2022-05-31T22:00:00.000,subway,22,"Rector St (R,W)",Manhattan,metrocard,Metrocard - Fair Fare,3.0,0.0
2022-05-31T11:00:00.000,subway,635,"South Ferry (1)/Whitehall St (R,W)",Manhattan,metrocard,Metrocard - Other,31.0,0.0
2022-05-31T19:00:00.000,subway,622,"Brooklyn Bridge-City Hall (4,5,6)/Chambers St (J,Z)",Manhattan,metrocard,Metrocard - Unlimited 7-Day,70.0,0.0
2022-05-31T18:00:00.000,subway,628,"Fulton St (A,C,J,Z,2,3,4,5)",Manhattan,omny,OMNY - Full Fare,2283.0,2.0
2022-05-31T18:00:00.000,subway,438,"135 St (2,3)",Manhattan,metrocard,Metrocard - Unlimited 7-Day,42.0,0.0
2022-05-31T02:00:00.000,subway,393,116 St (6),Manhattan,metrocard,Metrocard - Full Fare,2.0,0.0
2022-05-31T22:00:00.000,subway,628,"Fulton St (A,C,J,Z,2,3,4,5)",Manhattan,metrocard,Metrocard - Full Fare,192.0,0.0
2022-05-31T18:00:00.000,subway,438,"135 St (2,3)",Manhattan,metrocard,Metrocard - Fair Fare,12.0,1.0
2022-05-31T15:00:00.000,subway,625,"Delancey St (F)/Essex St (J,M,Z)",Manhattan,metrocard,Metrocard - Other,43.0,0.0
2022-05-31T03:00:00.000,subway,440,"116 St (2,3)",Manhattan,metrocard,Metrocard - Fair Fare,1.0,0.0
2022-05-31T00:00:00.000,subway,635,"South Ferry (1)/Whitehall St (R,W)",Manhattan,metrocard,Metrocard - Full Fare,15.0,1.0
2022-05-31T14:00:00.000,subway,622,"Brooklyn Bridge-City Hall (4,5,6)/Chambers St (J,Z)",Manhattan,metrocard,Metrocard - Students,64.0,0.0
2022-05-31T05:00:00.000,subway,440,"116 St (2,3)",Manhattan,metrocard,Metrocard - Unlimited 30-Day,14.0,0.0
2022-05-31T09:00:00.000,subway,625,"Delancey St (F)/Essex St (J,M,Z)",Manhattan,metrocard,Metrocard - Full Fare,148.0,6.0
2022-05-31T10:00:00.000,subway,436,Harlem-148 St (3),Manhattan,metrocard,Metrocard - Fair Fare,3.0,0.0
2022-05-31T18:00:00.000,subway,635,"South Ferry (1)/Whitehall St (R,W)",Manhattan,metrocard,Metrocard - Other,86.0,2.0
2022-05-31T12:00:00.000,subway,628,"Fulton St (A,C,J,Z,2,3,4,5)",Manhattan,metrocard,Metrocard - Seniors & Disability,56.0,1.0
2022-05-31T10:00:00.000,subway,628,"Fulton St (A,C,J,Z,2,3,4,5)",Manhattan,metrocard,Metrocard - Other,70.0,0.0
2022-05-31T10:00:00.000,subway,625,"Delancey St (F)/Essex St (J,M,Z)",Manhattan,metrocard,Metrocard - Seniors & Disability,40.0,2.0
2022-05-31T06:00:00.000,subway,624,"Chambers St (A,C)/WTC (E)/Park Pl (2,3)/Cortlandt (R,W)",Manhattan,omny,OMNY - Full Fare,149.0,20.0
2022-05-31T05:00:00.000,subway,622,"Brooklyn Bridge-City Hall (4,5,6)/Chambers St (J,Z)",Manhattan,metrocard,Metrocard - Fair Fare,3.0,0.0
2022-05-31T07:00:00.000,subway,440,"116 St (2,3)",Manhattan,metrocard,Metrocard - Seniors & Disability,17.0,1.0
2022-05-31T12:00:00.000,subway,635,"South Ferry (1)/Whitehall St (R,W)",Manhattan,metrocard,Metrocard - Students,9.0,1.0
2022-05-31T04:00:00.000,subway,220,"155 St (B,D)",Manhattan,metrocard,Metrocard - Other,3.0,0.0
2022-05-31T19:00:00.000,subway,392,"125 St (4,5,6)",Manhattan,omny,OMNY - Full Fare,207.0,22.0
2022-05-31T17:00:00.000,subway,22,"Rector St (R,W)",Manhattan,metrocard,Metrocard - Unlimited 7-Day,42.0,0.0
2022-05-31T14:00:00.000,subway,220,"155 St (B,D)",Manhattan,metrocard,Metrocard - Unlimited 7-Day,21.0,0.0
2022-05-31T07:00:00.000,subway,622,"Brooklyn Bridge-City Hall (4,5,6)/Chambers St (J,Z)",Manhattan,metrocard,Metrocard - Unlimited 7-Day,24.0,0.0
2022-05-31T08:00:00.000,subway,441,"Central Park North (110 St) (2,3)",Manhattan,metrocard,Metrocard - Full Fare,101.0,8.0
2022-05-31T19:00:00.000,subway,438,"135 St (2,3)",Manhattan,metrocard,Metrocard - Other,19.0,0.0
2022-05-31T17:00:00.000,subway,625,"Delancey St (F)/Essex St (J,M,Z)",Manhattan,metrocard,Metrocard - Students,161.0,3.0
2022-05-31T19:00:00.000,subway,437,145 St (3),Manhattan,metrocard,Metrocard - Other,6.0,0.0
2022-05-31T13:00:00.000,subway,436,Harlem-148 St (3),Manhattan,metrocard,Metrocard - Other,8.0,0.0
2022-05-31T12:00:00.000,subway,393,116 St (6),Manhattan,metrocard,Metrocard - Unlimited 7-Day,55.0,0.0
2022-05-31T06:00:00.000,subway,623,"Canal St (J,N,Q,R,W,Z,6)",Manhattan,metrocard,Metrocard - Other,14.0,0.0
2022-05-31T11:00:00.000,subway,624,"Chambers St (A,C)/WTC (E)/Park Pl (2,3)/Cortlandt (R,W)",Manhattan,metrocard,Metrocard - Fair Fare,19.0,0.0
2022-05-31T18:00:00.000,subway,436,Harlem-148 St (3),Manhattan,metrocard,Metrocard - Students,8.0,0.0
2022-05-31T15:00:00.000,subway,439,"125 St (2,3)",Manhattan,metrocard,Metrocard - Seniors & Disability,21.0,7.0
2022-05-31T16:00:00.000,subway,392,"125 St (4,5,6)",Manhattan,metrocard,Metrocard - Students,108.0,11.0
2022-05-31T10:00:00.000,subway,625,"Delancey St (F)/Essex St (J,M,Z)",Manhattan,metrocard,Metrocard - Unlimited 30-Day,63.0,0.0
2022-05-31T15:00:00.000,subway,628,"Fulton St (A,C,J,Z,2,3,4,5)",Manhattan,metrocard,Metrocard - Students,266.0,1.0
2023-04-07T02:00:00.000,subway,14,"23 St (R,W)",Manhattan,omny,OMNY - Full Fare,10.0,0.0
2022-05-31T14:00:00.000,subway,20,"City Hall (R,W)",Manhattan,metrocard,Metrocard - Students,9.0,0.0
2022-05-31T11:00:00.000,subway,438,"135 St (2,3)",Manhattan,metrocard,Metrocard - Full Fare,88.0,3.0
2022-05-31T12:00:00.000,subway,440,"116 St (2,3)",Manhattan,metrocard,Metrocard - Unlimited 30-Day,34.0,0.0
2022-05-31T21:00:00.000,subway,625,"Delancey St (F)/Essex St (J,M,Z)",Manhattan,omny,OMNY - Full Fare,343.0,1.0
2022-05-31T05:00:00.000,subway,220,"155 St (B,D)",Manhattan,omny,OMNY - Full Fare,8.0,0.0
2022-05-31T23:00:00.000,subway,624,"Chambers St (A,C)/WTC (E)/Park Pl (2,3)/Cortlandt (R,W)",Manhattan,metrocard,Metrocard - Unlimited 7-Day,62.0,0.0
2022-05-31T12:00:00.000,subway,441,"Central Park North (110 St) (2,3)",Manhattan,metrocard,Metrocard - Unlimited 30-Day,16.0,0.0
2022-05-31T03:00:00.000,subway,625,"Delancey St (F)/Essex St (J,M,Z)",Manhattan,metrocard,Metrocard - Unlimited 7-Day,2.0,0.0
2022-05-31T06:00:00.000,subway,622,"Brooklyn Bridge-City Hall (4,5,6)/Chambers St (J,Z)",Manhattan,omny,OMNY - Full Fare,44.0,2.0
2022-05-31T11:00:00.000,subway,393,116 St (6),Manhattan,metrocard,Metrocard - Fair Fare,22.0,1.0
2022-05-31T10:00:00.000,subway,622,"Brooklyn Bridge-City Hall (4,5,6)/Chambers St (J,Z)",Manhattan,metrocard,Metrocard - Other,49.0,0.0
2022-05-31T19:00:00.000,subway,439,"125 St (2,3)",Manhattan,metrocard,Metrocard - Fair Fare,23.0,0.0
2022-05-31T01:00:00.000,subway,393,116 St (6),Manhattan,omny,OMNY - Full Fare,4.0,1.0
2022-05-31T21:00:00.000,subway,635,"South Ferry (1)/Whitehall St (R,W)",Manhattan,metrocard,Metrocard - Unlimited 7-Day,108.0,0.0
2022-05-31T13:00:00.000,subway,20,"City Hall (R,W)",Manhattan,metrocard,Metrocard - Unlimited 7-Day,17.0,0.0
2022-05-31T13:00:00.000,subway,438,"135 St (2,3)",Manhattan,metrocard,Metrocard - Fair Fare,25.0,0.0
2022-05-31T09:00:00.000,subway,623,"Canal St (J,N,Q,R,W,Z,6)",Manhattan,metrocard,Metrocard - Fair Fare,15.0,0.0
2022-05-31T16:00:00.000,subway,228,"23 St (F,M)",Manhattan,omny,OMNY - Full Fare,384.0,7.0
2022-05-31T08:00:00.000,subway,436,Harlem-148 St (3),Manhattan,metrocard,Metrocard - Unlimited 7-Day,38.0,0.0
2022-05-31T07:00:00.000,subway,628,"Fulton St (A,C,J,Z,2,3,4,5)",Manhattan,metrocard,Metrocard - Full Fare,844.0,4.0
2022-05-31T18:00:00.000,subway,439,"125 St (2,3)",Manhattan,metrocard,Metrocard - Unlimited 30-Day,68.0,0.0
2022-05-31T23:00:00.000,subway,439,"125 St (2,3)",Manhattan,metrocard,Metrocard - Other,4.0,0.0
2022-05-31T20:00:00.000,subway,624,"Chambers St (A,C)/WTC (E)/Park Pl (2,3)/Cortlandt (R,W)",Manhattan,metrocard,Metrocard - Unlimited 30-Day,145.0,0.0
2022-05-31T04:00:00.000,subway,440,"116 St (2,3)",Manhattan,omny,OMNY - Full Fare,3.0,0.0
2022-05-31T20:00:00.000,subway,625,"Delancey St (F)/Essex St (J,M,Z)",Manhattan,metrocard,Metrocard - Students,15.0,1.0
2022-05-31T10:00:00.000,subway,438,"135 St (2,3)",Manhattan,metrocard,Metrocard - Unlimited 30-Day,58.0,0.0
2022-05-31T03:00:00.000,subway,628,"Fulton St (A,C,J,Z,2,3,4,5)",Manhattan,omny,OMNY - Full Fare,6.0,0.0
2022-05-31T18:00:00.000,subway,623,"Canal St (J,N,Q,R,W,Z,6)",Manhattan,omny,OMNY - Full Fare,1106.0,3.0
2022-05-31T01:00:00.000,subway,440,"116 St (2,3)",Manhattan,metrocard,Metrocard - Full Fare,3.0,0.0
2022-05-31T11:00:00.000,subway,437,145 St (3),Manhattan,metrocard,Metrocard - Unlimited 7-Day,7.0,0.0
2022-05-31T12:00:00.000,subway,393,116 St (6),Manhattan,metrocard,Metrocard - Seniors & Disability,21.0,0.0
2022-05-31T05:00:00.000,subway,437,145 St (3),Manhattan,metrocard,Metrocard - Unlimited 30-Day,16.0,0.0
2022-05-31T06:00:00.000,subway,441,"Central Park North (110 St) (2,3)",Manhattan,metrocard,Metrocard - Unlimited 7-Day,28.0,0.0
2022-05-31T11:00:00.000,subway,625,"Delancey St (F)/Essex St (J,M,Z)",Manhattan,omny,OMNY - Full Fare,214.0,4.0
2022-05-31T18:00:00.000,subway,438,"135 St (2,3)",Manhattan,omny,OMNY - Full Fare,99.0,2.0
2022-05-31T05:00:00.000,subway,622,"Brooklyn Bridge-City Hall (4,5,6)/Chambers St (J,Z)",Manhattan,metrocard,Metrocard - Students,2.0,0.0
2022-05-31T11:00:00.000,subway,20,"City Hall (R,W)",Manhattan,metrocard,Metrocard - Seniors & Disability,20.0,0.0
2022-05-31T04:00:00.000,subway,392,"125 St (4,5,6)",Manhattan,metrocard,Metrocard - Full Fare,16.0,1.0
2022-05-31T22:00:00.000,subway,440,"116 St (2,3)",Manhattan,metrocard,Metrocard - Full Fare,18.0,1.0
2022-05-31T19:00:00.000,subway,392,"125 St (4,5,6)",Manhattan,metrocard,Metrocard - Full Fare,151.0,25.0
2022-05-31T18:00:00.000,subway,436,Harlem-148 St (3),Manhattan,metrocard,Metrocard - Other,2.0,0.0
2022-05-31T05:00:00.000,subway,220,"155 St (B,D)",Manhattan,metrocard,Metrocard - Students,2.0,0.0
2022-05-31T11:00:00.000,subway,22,"Rector St (R,W)",Manhattan,metrocard,Metrocard - Seniors & Disability,6.0,1.0
2022-05-31T05:00:00.000,subway,437,145 St (3),Manhattan,metrocard,Metrocard - Fair Fare,5.0,1.0
2022-05-31T19:00:00.000,subway,436,Harlem-148 St (3),Manhattan,omny,OMNY - Full Fare,11.0,0.0
2022-05-31T23:00:00.000,subway,438,"135 St (2,3)",Manhattan,metrocard,Metrocard - Unlimited 30-Day,12.0,0.0
2022-05-31T21:00:00.000,subway,20,"City Hall (R,W)",Manhattan,omny,OMNY - Full Fare,30.0,0.0
2022-05-31T21:00:00.000,subway,441,"Central Park North (110 St) (2,3)",Manhattan,metrocard,Metrocard - Unlimited 7-Day,24.0,0.0
2022-05-31T00:00:00.000,subway,624,"Chambers St (A,C)/WTC (E)/Park Pl (2,3)/Cortlandt (R,W)",Manhattan,metrocard,Metrocard - Other,1.0,0.0
2022-05-31T11:00:00.000,subway,635,"South Ferry (1)/Whitehall St (R,W)",Manhattan,metrocard,Metrocard - Unlimited 7-Day,107.0,0.0
2022-05-31T04:00:00.000,subway,436,Harlem-148 St (3),Manhattan,omny,OMNY - Full Fare,3.0,0.0
2022-05-31T18:00:00.000,subway,392,"125 St (4,5,6)",Manhattan,metrocard,Metrocard - Unlimited 30-Day,133.0,0.0
2022-05-31T13:00:00.000,subway,635,"South Ferry (1)/Whitehall St (R,W)",Manhattan,metrocard,Metrocard - Fair Fare,12.0,5.0
2022-05-31T16:00:00.000,subway,437,145 St (3),Manhattan,metrocard,Metrocard - Full Fare,34.0,1.0
2022-05-31T10:00:00.000,subway,438,"135 St (2,3)",Manhattan,metrocard,Metrocard - Other,22.0,0.0
2022-05-31T04:00:00.000,subway,438,"135 St (2,3)",Manhattan,metrocard,Metrocard - Full Fare,8.0,0.0
2022-05-31T08:00:00.000,subway,635,"South Ferry (1)/Whitehall St (R,W)",Manhattan,metrocard,Metrocard - Unlimited 7-Day,68.0,0.0
2022-05-31T14:00:00.000,subway,441,"Central Park North (110 St) (2,3)",Manhattan,metrocard,Metrocard - Fair Fare,21.0,1.0
2022-05-31T13:00:00.000,subway,635,"South Ferry (1)/Whitehall St (R,W)",Manhattan,metrocard,Metrocard - Unlimited 30-Day,34.0,0.0
2022-05-31T16:00:00.000,subway,628,"Fulton St (A,C,J,Z,2,3,4,5)",Manhattan,metrocard,Metrocard - Other,296.0,1.0
2022-05-31T10:00:00.000,subway,437,145 St (3),Manhattan,metrocard,Metrocard - Full Fare,18.0,0.0
2022-05-31T20:00:00.000,subway,623,"Canal St (J,N,Q,R,W,Z,6)",Manhattan,metrocard,Metrocard - Full Fare,233.0,0.0
2022-05-31T18:00:00.000,subway,625,"Delancey St (F)/Essex St (J,M,Z)",Manhattan,metrocard,Metrocard - Unlimited 7-Day,110.0,0.0
2022-05-31T02:00:00.000,subway,623,"Canal St (J,N,Q,R,W,Z,6)",Manhattan,metrocard,Metrocard - Fair Fare,1.0,0.0
2022-05-31T16:00:00.000,subway,625,"Delancey St (F)/Essex St (J,M,Z)",Manhattan,metrocard,Metrocard - Unlimited 7-Day,142.0,0.0
2022-05-31T01:00:00.000,subway,628,"Fulton St (A,C,J,Z,2,3,4,5)",Manhattan,metrocard,Metrocard - Seniors & Disability,1.0,0.0
2022-05-31T02:00:00.000,subway,623,"Canal St (J,N,Q,R,W,Z,6)",Manhattan,metrocard,Metrocard - Unlimited 30-Day,2.0,0.0
2022-05-31T06:00:00.000,subway,393,116 St (6),Manhattan,metrocard,Metrocard - Students,28.0,1.0
2022-05-31T10:00:00.000,subway,20,"City Hall (R,W)",Manhattan,metrocard,Metrocard - Unlimited 7-Day,6.0,0.0
2022-05-31T17:00:00.000,subway,392,"125 St (4,5,6)",Manhattan,metrocard,Metrocard - Other,88.0,2.0
2022-05-31T20:00:00.000,subway,436,Harlem-148 St (3),Manhattan,metrocard,Metrocard - Seniors & Disability,1.0,0.0
2022-05-31T04:00:00.000,subway,22,"Rector St (R,W)",Manhattan,omny,OMNY - Full Fare,1.0,1.0
2022-05-31T10:00:00.000,subway,628,"Fulton St (A,C,J,Z,2,3,4,5)",Manhattan,metrocard,Metrocard - Students,26.0,0.0
2022-05-31T10:00:00.000,subway,441,"Central Park North (110 St) (2,3)",Manhattan,metrocard,Metrocard - Students,18.0,2.0
2022-05-31T17:00:00.000,subway,624,"Chambers St (A,C)/WTC (E)/Park Pl (2,3)/Cortlandt (R,W)",Manhattan,metrocard,Metrocard - Students,168.0,1.0
2022-05-31T07:00:00.000,subway,393,116 St (6),Manhattan,metrocard,Metrocard - Seniors & Disability,18.0,1.0
2022-05-31T18:00:00.000,subway,438,"135 St (2,3)",Manhattan,metrocard,Metrocard - Seniors & Disability,13.0,0.0
2022-05-31T18:00:00.000,subway,392,"125 St (4,5,6)",Manhattan,metrocard,Metrocard - Full Fare,231.0,31.0
2022-05-31T08:00:00.000,subway,438,"135 St (2,3)",Manhattan,metrocard,Metrocard - Students,114.0,2.0
2022-05-31T17:00:00.000,subway,624,"Chambers St (A,C)/WTC (E)/Park Pl (2,3)/Cortlandt (R,W)",Manhattan,metrocard,Metrocard - Unlimited 7-Day,343.0,0.0
2022-05-31T13:00:00.000,subway,439,"125 St (2,3)",Manhattan,omny,OMNY - Full Fare,91.0,7.0
2022-05-31T13:00:00.000,subway,625,"Delancey St (F)/Essex St (J,M,Z)",Manhattan,metrocard,Metrocard - Unlimited 7-Day,84.0,0.0
2022-05-31T12:00:00.000,subway,622,"Brooklyn Bridge-City Hall (4,5,6)/Chambers St (J,Z)",Manhattan,metrocard,Metrocard - Unlimited 7-Day,116.0,0.0
2022-05-31T18:00:00.000,subway,440,"116 St (2,3)",Manhattan,metrocard,Metrocard - Seniors & Disability,19.0,2.0
2022-05-31T07:00:00.000,subway,20,"City Hall (R,W)",Manhattan,metrocard,Metrocard - Full Fare,19.0,0.0
2022-05-31T05:00:00.000,subway,624,"Chambers St (A,C)/WTC (E)/Park Pl (2,3)/Cortlandt (R,W)",Manhattan,metrocard,Metrocard - Students,1.0,0.0
2022-05-31T02:00:00.000,subway,628,"Fulton St (A,C,J,Z,2,3,4,5)",Manhattan,metrocard,Metrocard - Unlimited 30-Day,3.0,0.0
2022-05-31T00:00:00.000,subway,625,"Delancey St (F)/Essex St (J,M,Z)",Manhattan,metrocard,Metrocard - Fair Fare,4.0,0.0
2022-05-31T06:00:00.000,subway,623,"Canal St (J,N,Q,R,W,Z,6)",Manhattan,metrocard,Metrocard - Unlimited 7-Day,13.0,0.0
2022-05-31T19:00:00.000,subway,437,145 St (3),Manhattan,omny,OMNY - Full Fare,17.0,1.0
2022-05-31T06:00:00.000,subway,392,"125 St (4,5,6)",Manhattan,metrocard,Metrocard - Students,27.0,6.0
2022-05-31T12:00:00.000,subway,392,"125 St (4,5,6)",Manhattan,metrocard,Metrocard - Other,68.0,2.0
2022-05-31T08:00:00.000,subway,393,116 St (6),Manhattan,omny,OMNY - Full Fare,257.0,18.0
2022-05-31T19:00:00.000,subway,437,145 St (3),Manhattan,metrocard,Metrocard - Unlimited 30-Day,4.0,0.0
2022-05-31T04:00:00.000,subway,22,"Rector St (R,W)",Manhattan,metrocard,Metrocard - Unlimited 7-Day,2.0,0.0
2022-05-31T15:00:00.000,subway,439,"125 St (2,3)",Manhattan,metrocard,Metrocard - Full Fare,164.0,9.0
2022-05-31T14:00:00.000,subway,625,"Delancey St (F)/Essex St (J,M,Z)",Manhattan,metrocard,Metrocard - Fair Fare,44.0,1.0
2022-05-31T19:00:00.000,subway,622,"Brooklyn Bridge-City Hall (4,5,6)/Chambers St (J,Z)",Manhattan,metrocard,Metrocard - Full Fare,167.0,0.0
2022-05-31T23:00:00.000,subway,393,116 St (6),Manhattan,omny,OMNY - Full Fare,19.0,1.0
2022-05-31T10:00:00.000,subway,623,"Canal St (J,N,Q,R,W,Z,6)",Manhattan,metrocard,Metrocard - Full Fare,169.0,1.0
2022-05-31T09:00:00.000,subway,437,145 St (3),Manhattan,metrocard,Metrocard - Students,11.0,1.0
2022-05-31T05:00:00.000,subway,392,"125 St (4,5,6)",Manhattan,metrocard,Metrocard - Unlimited 7-Day,66.0,0.0
2022-05-31T12:00:00.000,subway,220,"155 St (B,D)",Manhattan,metrocard,Metrocard - Unlimited 30-Day,8.0,0.0
2022-05-31T14:00:00.000,subway,628,"Fulton St (A,C,J,Z,2,3,4,5)",Manhattan,metrocard,Metrocard - Fair Fare,70.0,0.0
2022-05-31T12:00:00.000,subway,624,"Chambers St (A,C)/WTC (E)/Park Pl (2,3)/Cortlandt (R,W)",Manhattan,metrocard,Metrocard - Full Fare,440.0,1.0
2022-05-31T08:00:00.000,subway,220,"155 St (B,D)",Manhattan,metrocard,Metrocard - Fair Fare,29.0,0.0
2022-05-31T07:00:00.000,subway,439,"125 St (2,3)",Manhattan,metrocard,Metrocard - Unlimited 7-Day,55.0,0.0
2022-05-31T03:00:00.000,subway,441,"Central Park North (110 St) (2,3)",Manhattan,metrocard,Metrocard - Full Fare,2.0,0.0
2022-05-31T20:00:00.000,subway,437,145 St (3),Manhattan,metrocard,Metrocard - Fair Fare,5.0,0.0
2022-05-31T10:00:00.000,subway,628,"Fulton St (A,C,J,Z,2,3,4,5)",Manhattan,metrocard,Metrocard - Unlimited 7-Day,195.0,0.0
2022-05-31T14:00:00.000,subway,440,"116 St (2,3)",Manhattan,metrocard,Metrocard - Fair Fare,17.0,1.0
2022-05-31T06:00:00.000,subway,22,"Rector St (R,W)",Manhattan,metrocard,Metrocard - Seniors & Disability,4.0,2.0
2022-05-31T05:00:00.000,subway,439,"125 St (2,3)",Manhattan,metrocard,Metrocard - Unlimited 7-Day,12.0,0.0
2022-05-31T23:00:00.000,subway,622,"Brooklyn Bridge-City Hall (4,5,6)/Chambers St (J,Z)",Manhattan,metrocard,Metrocard - Unlimited 30-Day,32.0,0.0
2022-05-31T02:00:00.000,subway,635,"South Ferry (1)/Whitehall St (R,W)",Manhattan,metrocard,Metrocard - Fair Fare,2.0,1.0
2022-05-31T01:00:00.000,subway,628,"Fulton St (A,C,J,Z,2,3,4,5)",Manhattan,metrocard,Metrocard - Full Fare,21.0,0.0
2022-05-31T13:00:00.000,subway,623,"Canal St (J,N,Q,R,W,Z,6)",Manhattan,metrocard,Metrocard - Seniors & Disability,102.0,0.0
2022-05-31T10:00:00.000,subway,437,145 St (3),Manhattan,metrocard,Metrocard - Fair Fare,4.0,0.0
2022-05-31T00:00:00.000,subway,393,116 St (6),Manhattan,metrocard,Metrocard - Unlimited 7-Day,12.0,0.0
2022-05-31T12:00:00.000,subway,20,"City Hall (R,W)",Manhattan,metrocard,Metrocard - Fair Fare,3.0,0.0
2022-05-31T01:00:00.000,subway,635,"South Ferry (1)/Whitehall St (R,W)",Manhattan,metrocard,Metrocard - Unlimited 7-Day,7.0,0.0
2022-05-31T03:00:00.000,subway,440,"116 St (2,3)",Manhattan,metrocard,Metrocard - Seniors & Disability,1.0,0.0
2022-05-31T13:00:00.000,subway,392,"125 St (4,5,6)",Manhattan,omny,OMNY - Full Fare,170.0,17.0
2022-05-31T05:00:00.000,subway,625,"Delancey St (F)/Essex St (J,M,Z)",Manhattan,metrocard,Metrocard - Full Fare,25.0,0.0
2022-05-31T13:00:00.000,subway,393,116 St (6),Manhattan,metrocard,Metrocard - Other,34.0,1.0
2022-05-31T10:00:00.000,subway,624,"Chambers St (A,C)/WTC (E)/Park Pl (2,3)/Cortlandt (R,W)",Manhattan,metrocard,Metrocard - Students,12.0,0.0
2022-05-31T13:00:00.000,subway,624,"Chambers St (A,C)/WTC (E)/Park Pl (2,3)/Cortlandt (R,W)",Manhattan,metrocard,Metrocard - Unlimited 30-Day,108.0,0.0
2022-05-31T20:00:00.000,subway,439,"125 St (2,3)",Manhattan,metrocard,Metrocard - Students,11.0,1.0
2022-05-31T22:00:00.000,subway,628,"Fulton St (A,C,J,Z,2,3,4,5)",Manhattan,metrocard,Metrocard - Students,2.0,0.0
2022-05-31T06:00:00.000,subway,628,"Fulton St (A,C,J,Z,2,3,4,5)",Manhattan,metrocard,Metrocard - Other,77.0,0.0
2022-05-31T20:00:00.000,subway,220,"155 St (B,D)",Manhattan,metrocard,Metrocard - Students,2.0,0.0
2022-05-31T16:00:00.000,subway,22,"Rector St (R,W)",Manhattan,omny,OMNY - Other,2.0,0.0
2022-05-31T14:00:00.000,subway,635,"South Ferry (1)/Whitehall St (R,W)",Manhattan,metrocard,Metrocard - Seniors & Disability,30.0,4.0
2022-05-31T16:00:00.000,subway,440,"116 St (2,3)",Manhattan,metrocard,Metrocard - Unlimited 7-Day,72.0,0.0
2022-05-31T22:00:00.000,subway,438,"135 St (2,3)",Manhattan,metrocard,Metrocard - Unlimited 7-Day,16.0,0.0
2022-05-31T09:00:00.000,subway,623,"Canal St (J,N,Q,R,W,Z,6)",Manhattan,metrocard,Metrocard - Seniors & Disability,32.0,1.0
2022-05-31T08:00:00.000,subway,220,"155 St (B,D)",Manhattan,metrocard,Metrocard - Other,5.0,0.0
2022-05-31T06:00:00.000,subway,220,"155 St (B,D)",Manhattan,metrocard,Metrocard - Full Fare,48.0,0.0
2022-05-31T22:00:00.000,subway,439,"125 St (2,3)",Manhattan,metrocard,Metrocard - Unlimited 7-Day,18.0,0.0
2022-05-31T16:00:00.000,subway,392,"125 St (4,5,6)",Manhattan,metrocard,Metrocard - Seniors & Disability,33.0,4.0
2022-05-31T23:00:00.000,subway,441,"Central Park North (110 St) (2,3)",Manhattan,metrocard,Metrocard - Unlimited 30-Day,12.0,0.0
2022-05-31T06:00:00.000,subway,22,"Rector St (R,W)",Manhattan,metrocard,Metrocard - Full Fare,13.0,6.0
2022-05-31T16:00:00.000,subway,22,"Rector St (R,W)",Manhattan,metrocard,Metrocard - Fair Fare,4.0,0.0
2022-05-31T07:00:00.000,subway,437,145 St (3),Manhattan,metrocard,Metrocard - Seniors & Disability,7.0,0.0
2022-05-31T21:00:00.000,subway,635,"South Ferry (1)/Whitehall St (R,W)",Manhattan,omny,OMNY - Full Fare,116.0,5.0
2022-05-31T16:00:00.000,subway,436,Harlem-148 St (3),Manhattan,metrocard,Metrocard - Unlimited 30-Day,10.0,0.0
2022-05-31T23:00:00.000,subway,220,"155 St (B,D)",Manhattan,metrocard,Metrocard - Fair Fare,1.0,0.0
2022-05-31T11:00:00.000,subway,220,"155 St (B,D)",Manhattan,metrocard,Metrocard - Full Fare,20.0,0.0
2022-05-31T23:00:00.000,subway,436,Harlem-148 St (3),Manhattan,metrocard,Metrocard - Fair Fare,2.0,0.0
2022-05-31T18:00:00.000,subway,220,"155 St (B,D)",Manhattan,metrocard,Metrocard - Fair Fare,3.0,0.0
2022-05-31T17:00:00.000,subway,441,"Central Park North (110 St) (2,3)",Manhattan,metrocard,Metrocard - Other,14.0,0.0
2022-05-31T20:00:00.000,subway,393,116 St (6),Manhattan,metrocard,Metrocard - Students,12.0,0.0
2022-05-31T04:00:00.000,subway,625,"Delancey St (F)/Essex St (J,M,Z)",Manhattan,omny,OMNY - Full Fare,11.0,0.0
2022-05-31T14:00:00.000,subway,437,145 St (3),Manhattan,omny,OMNY - Full Fare,23.0,0.0
2022-05-31T14:00:00.000,subway,439,"125 St (2,3)",Manhattan,metrocard,Metrocard - Students,37.0,3.0
2022-05-31T10:00:00.000,subway,628,"Fulton St (A,C,J,Z,2,3,4,5)",Manhattan,omny,OMNY - Other,1.0,0.0
2022-05-31T19:00:00.000,subway,624,"Chambers St (A,C)/WTC (E)/Park Pl (2,3)/Cortlandt (R,W)",Manhattan,metrocard,Metrocard - Full Fare,521.0,1.0
2022-05-31T22:00:00.000,subway,635,"South Ferry (1)/Whitehall St (R,W)",Manhattan,metrocard,Metrocard - Full Fare,65.0,6.0
2022-05-31T14:00:00.000,subway,20,"City Hall (R,W)",Manhattan,metrocard,Metrocard - Unlimited 30-Day,28.0,0.0
2022-05-31T20:00:00.000,subway,635,"South Ferry (1)/Whitehall St (R,W)",Manhattan,metrocard,Metrocard - Fair Fare,9.0,5.0
2022-05-31T15:00:00.000,subway,628,"Fulton St (A,C,J,Z,2,3,4,5)",Manhattan,metrocard,Metrocard - Seniors & Disability,116.0,0.0
2022-05-31T15:00:00.000,subway,393,116 St (6),Manhattan,metrocard,Metrocard - Unlimited 7-Day,136.0,0.0
2022-05-31T22:00:00.000,subway,393,116 St (6),Manhattan,metrocard,Metrocard - Unlimited 7-Day,28.0,0.0
2022-05-31T18:00:00.000,subway,635,"South Ferry (1)/Whitehall St (R,W)",Manhattan,metrocard,Metrocard - Unlimited 7-Day,155.0,0.0
2022-05-31T23:00:00.000,subway,393,116 St (6),Manhattan,metrocard,Metrocard - Full Fare,7.0,0.0
2022-05-31T02:00:00.000,subway,622,"Brooklyn Bridge-City Hall (4,5,6)/Chambers St (J,Z)",Manhattan,metrocard,Metrocard - Unlimited 30-Day,1.0,0.0
2022-05-31T17:00:00.000,subway,392,"125 St (4,5,6)",Manhattan,omny,OMNY - Full Fare,345.0,19.0
2022-05-31T10:00:00.000,subway,22,"Rector St (R,W)",Manhattan,metrocard,Metrocard - Unlimited 30-Day,12.0,0.0
2022-05-31T14:00:00.000,subway,22,"Rector St (R,W)",Manhattan,omny,OMNY - Full Fare,51.0,0.0
2022-05-31T13:00:00.000,subway,22,"Rector St (R,W)",Manhattan,metrocard,Metrocard - Other,5.0,0.0
2022-05-31T15:00:00.000,subway,22,"Rector St (R,W)",Manhattan,metrocard,Metrocard - Unlimited 7-Day,36.0,0.0
2022-05-31T09:00:00.000,subway,622,"Brooklyn Bridge-City Hall (4,5,6)/Chambers St (J,Z)",Manhattan,metrocard,Metrocard - Fair Fare,17.0,0.0
2022-05-31T12:00:00.000,subway,441,"Central Park North (110 St) (2,3)",Manhattan,metrocard,Metrocard - Students,6.0,2.0
2022-05-31T10:00:00.000,subway,624,"Chambers St (A,C)/WTC (E)/Park Pl (2,3)/Cortlandt (R,W)",Manhattan,omny,OMNY - Full Fare,286.0,16.0
2022-05-31T16:00:00.000,subway,624,"Chambers St (A,C)/WTC (E)/Park Pl (2,3)/Cortlandt (R,W)",Manhattan,metrocard,Metrocard - Fair Fare,68.0,0.0
2022-05-31T11:00:00.000,subway,635,"South Ferry (1)/Whitehall St (R,W)",Manhattan,metrocard,Metrocard - Seniors & Disability,27.0,11.0
2022-05-31T13:00:00.000,subway,440,"116 St (2,3)",Manhattan,metrocard,Metrocard - Other,19.0,0.0
2022-05-31T11:00:00.000,subway,439,"125 St (2,3)",Manhattan,metrocard,Metrocard - Other,25.0,2.0
2022-05-31T21:00:00.000,subway,437,145 St (3),Manhattan,metrocard,Metrocard - Full Fare,5.0,0.0
2022-05-31T06:00:00.000,subway,622,"Brooklyn Bridge-City Hall (4,5,6)/Chambers St (J,Z)",Manhattan,metrocard,Metrocard - Full Fare,30.0,1.0
2022-05-31T12:00:00.000,subway,623,"Canal St (J,N,Q,R,W,Z,6)",Manhattan,metrocard,Metrocard - Fair Fare,34.0,0.0
2022-05-31T19:00:00.000,subway,625,"Delancey St (F)/Essex St (J,M,Z)",Manhattan,metrocard,Metrocard - Seniors & Disability,8.0,0.0
2022-05-31T21:00:00.000,subway,436,Harlem-148 St (3),Manhattan,metrocard,Metrocard - Full Fare,3.0,0.0
2022-05-31T00:00:00.000,subway,392,"125 St (4,5,6)",Manhattan,metrocard,Metrocard - Other,19.0,0.0
2022-05-31T03:00:00.000,subway,20,"City Hall (R,W)",Manhattan,omny,OMNY - Full Fare,1.0,0.0
2022-05-31T14:00:00.000,subway,623,"Canal St (J,N,Q,R,W,Z,6)",Manhattan,metrocard,Metrocard - Other,46.0,0.0
2022-05-31T01:00:00.000,subway,440,"116 St (2,3)",Manhattan,metrocard,Metrocard - Unlimited 30-Day,1.0,0.0
2022-05-31T21:00:00.000,subway,392,"125 St (4,5,6)",Manhattan,metrocard,Metrocard - Seniors & Disability,7.0,3.0
2022-05-31T06:00:00.000,subway,437,145 St (3),Manhattan,metrocard,Metrocard - Seniors & Disability,8.0,3.0
2022-05-31T23:00:00.000,subway,438,"135 St (2,3)",Manhattan,metrocard,Metrocard - Other,4.0,0.0
2022-05-31T08:00:00.000,subway,625,"Delancey St (F)/Essex St (J,M,Z)",Manhattan,metrocard,Metrocard - Unlimited 30-Day,192.0,0.0
2022-05-31T14:00:00.000,subway,436,Harlem-148 St (3),Manhattan,metrocard,Metrocard - Students,25.0,0.0
2022-05-31T04:00:00.000,subway,437,145 St (3),Manhattan,metrocard,Metrocard - Other,1.0,0.0
2022-05-31T09:00:00.000,subway,635,"South Ferry (1)/Whitehall St (R,W)",Manhattan,metrocard,Metrocard - Students,18.0,10.0
2022-05-31T23:00:00.000,subway,220,"155 St (B,D)",Manhattan,metrocard,Metrocard - Unlimited 7-Day,2.0,0.0
2022-05-31T08:00:00.000,subway,624,"Chambers St (A,C)/WTC (E)/Park Pl (2,3)/Cortlandt (R,W)",Manhattan,metrocard,Metrocard - Unlimited 30-Day,111.0,0.0
2022-05-31T12:00:00.000,subway,441,"Central Park North (110 St) (2,3)",Manhattan,metrocard,Metrocard - Other,10.0,0.0
2022-05-31T14:00:00.000,subway,622,"Brooklyn Bridge-City Hall (4,5,6)/Chambers St (J,Z)",Manhattan,metrocard,Metrocard - Other,47.0,0.0
2022-05-31T14:00:00.000,subway,439,"125 St (2,3)",Manhattan,metrocard,Metrocard - Unlimited 30-Day,56.0,0.0
2022-05-31T06:00:00.000,subway,624,"Chambers St (A,C)/WTC (E)/Park Pl (2,3)/Cortlandt (R,W)",Manhattan,metrocard,Metrocard - Unlimited 7-Day,41.0,0.0
2022-05-31T14:00:00.000,subway,20,"City Hall (R,W)",Manhattan,metrocard,Metrocard - Other,11.0,0.0
2022-05-31T15:00:00.000,subway,393,116 St (6),Manhattan,metrocard,Metrocard - Fair Fare,34.0,1.0
2022-05-31T14:00:00.000,subway,436,Harlem-148 St (3),Manhattan,metrocard,Metrocard - Unlimited 7-Day,17.0,0.0
2022-05-31T22:00:00.000,subway,22,"Rector St (R,W)",Manhattan,metrocard,Metrocard - Unlimited 7-Day,9.0,0.0
2022-05-31T19:00:00.000,subway,438,"135 St (2,3)",Manhattan,metrocard,Metrocard - Unlimited 30-Day,35.0,0.0
2022-05-31T13:00:00.000,subway,441,"Central Park North (110 St) (2,3)",Manhattan,metrocard,Metrocard - Seniors & Disability,9.0,1.0
2022-05-31T14:00:00.000,subway,623,"Canal St (J,N,Q,R,W,Z,6)",Manhattan,omny,OMNY - Full Fare,517.0,2.0
2022-05-31T22:00:00.000,subway,628,"Fulton St (A,C,J,Z,2,3,4,5)",Manhattan,metrocard,Metrocard - Unlimited 30-Day,90.0,0.0
2022-05-31T11:00:00.000,subway,392,"125 St (4,5,6)",Manhattan,metrocard,Metrocard - Fair Fare,31.0,3.0
2022-05-31T00:00:00.000,subway,628,"Fulton St (A,C,J,Z,2,3,4,5)",Manhattan,metrocard,Metrocard - Unlimited 7-Day,30.0,0.0
2022-05-31T15:00:00.000,subway,438,"135 St (2,3)",Manhattan,metrocard,Metrocard - Full Fare,118.0,0.0
2022-05-31T08:00:00.000,subway,440,"116 St (2,3)",Manhattan,metrocard,Metrocard - Unlimited 30-Day,112.0,0.0
2022-05-31T01:00:00.000,subway,635,"South Ferry (1)/Whitehall St (R,W)",Manhattan,metrocard,Metrocard - Other,6.0,1.0
2022-05-31T14:00:00.000,subway,438,"135 St (2,3)",Manhattan,metrocard,Metrocard - Unlimited 30-Day,42.0,0.0
2022-05-31T05:00:00.000,subway,440,"116 St (2,3)",Manhattan,metrocard,Metrocard - Full Fare,17.0,2.0
2022-05-31T09:00:00.000,subway,439,"125 St (2,3)",Manhattan,metrocard,Metrocard - Students,33.0,2.0
2022-05-31T11:00:00.000,subway,628,"Fulton St (A,C,J,Z,2,3,4,5)",Manhattan,metrocard,Metrocard - Full Fare,455.0,0.0
2022-05-31T11:00:00.000,subway,439,"125 St (2,3)",Manhattan,omny,OMNY - Other,2.0,0.0
2022-05-31T18:00:00.000,subway,441,"Central Park North (110 St) (2,3)",Manhattan,metrocard,Metrocard - Full Fare,52.0,7.0
2022-05-31T12:00:00.000,subway,22,"Rector St (R,W)",Manhattan,metrocard,Metrocard - Unlimited 30-Day,16.0,0.0
2022-05-31T08:00:00.000,subway,622,"Brooklyn Bridge-City Hall (4,5,6)/Chambers St (J,Z)",Manhattan,metrocard,Metrocard - Full Fare,145.0,2.0
2022-05-31T22:00:00.000,subway,628,"Fulton St (A,C,J,Z,2,3,4,5)",Manhattan,metrocard,Metrocard - Other,41.0,0.0
2022-05-31T08:00:00.000,subway,635,"South Ferry (1)/Whitehall St (R,W)",Manhattan,metrocard,Metrocard - Seniors & Disability,39.0,26.0
2022-05-31T11:00:00.000,subway,20,"City Hall (R,W)",Manhattan,metrocard,Metrocard - Students,2.0,0.0
2022-05-31T10:00:00.000,subway,625,"Delancey St (F)/Essex St (J,M,Z)",Manhattan,metrocard,Metrocard - Unlimited 7-Day,48.0,0.0
2022-05-31T14:00:00.000,subway,439,"125 St (2,3)",Manhattan,metrocard,Metrocard - Other,35.0,0.0
2022-05-31T10:00:00.000,subway,438,"135 St (2,3)",Manhattan,metrocard,Metrocard - Fair Fare,21.0,1.0
2022-05-31T06:00:00.000,subway,622,"Brooklyn Bridge-City Hall (4,5,6)/Chambers St (J,Z)",Manhattan,metrocard,Metrocard - Other,12.0,0.0
2022-05-31T18:00:00.000,subway,440,"116 St (2,3)",Manhattan,metrocard,Metrocard - Other,21.0,0.0
2022-05-31T07:00:00.000,subway,438,"135 St (2,3)",Manhattan,metrocard,Metrocard - Students,152.0,1.0
2022-05-31T10:00:00.000,subway,628,"Fulton St (A,C,J,Z,2,3,4,5)",Manhattan,metrocard,Metrocard - Fair Fare,22.0,1.0
2022-05-31T22:00:00.000,subway,441,"Central Park North (110 St) (2,3)",Manhattan,metrocard,Metrocard - Other,2.0,0.0
2022-05-31T10:00:00.000,subway,439,"125 St (2,3)",Manhattan,metrocard,Metrocard - Seniors & Disability,26.0,6.0
2022-05-31T01:00:00.000,subway,625,"Delancey St (F)/Essex St (J,M,Z)",Manhattan,metrocard,Metrocard - Fair Fare,3.0,0.0
2022-05-31T11:00:00.000,subway,624,"Chambers St (A,C)/WTC (E)/Park Pl (2,3)/Cortlandt (R,W)",Manhattan,metrocard,Metrocard - Unlimited 30-Day,73.0,0.0
2022-05-31T22:00:00.000,subway,20,"City Hall (R,W)",Manhattan,metrocard,Metrocard - Unlimited 7-Day,6.0,0.0
2022-05-31T13:00:00.000,subway,220,"155 St (B,D)",Manhattan,metrocard,Metrocard - Other,4.0,1.0
2022-05-31T17:00:00.000,subway,439,"125 St (2,3)",Manhattan,metrocard,Metrocard - Full Fare,214.0,14.0
2022-05-31T03:00:00.000,subway,625,"Delancey St (F)/Essex St (J,M,Z)",Manhattan,metrocard,Metrocard - Seniors & Disability,1.0,0.0
2022-05-31T10:00:00.000,subway,441,"Central Park North (110 St) (2,3)",Manhattan,metrocard,Metrocard - Unlimited 7-Day,26.0,0.0
2022-05-31T01:00:00.000,subway,438,"135 St (2,3)",Manhattan,metrocard,Metrocard - Unlimited 30-Day,1.0,0.0
2022-05-31T10:00:00.000,subway,392,"125 St (4,5,6)",Manhattan,metrocard,Metrocard - Fair Fare,49.0,3.0
2022-05-31T15:00:00.000,subway,625,"Delancey St (F)/Essex St (J,M,Z)",Manhattan,metrocard,Metrocard - Full Fare,316.0,4.0
2022-05-31T10:00:00.000,subway,393,116 St (6),Manhattan,metrocard,Metrocard - Students,24.0,1.0
2022-05-31T20:00:00.000,subway,437,145 St (3),Manhattan,metrocard,Metrocard - Full Fare,12.0,0.0
2022-05-31T09:00:00.000,subway,437,145 St (3),Manhattan,metrocard,Metrocard - Fair Fare,6.0,1.0
2022-05-31T21:00:00.000,subway,623,"Canal St (J,N,Q,R,W,Z,6)",Manhattan,metrocard,Metrocard - Unlimited 30-Day,113.0,0.0
2022-05-31T21:00:00.000,subway,628,"Fulton St (A,C,J,Z,2,3,4,5)",Manhattan,metrocard,Metrocard - Unlimited 30-Day,138.0,0.0
2022-05-31T20:00:00.000,subway,394,110 St (6),Manhattan,metrocard,Metrocard - Fair Fare,9.0,0.0
2022-05-31T18:00:00.000,subway,220,"155 St (B,D)",Manhattan,metrocard,Metrocard - Other,1.0,0.0
2022-05-31T21:00:00.000,subway,622,"Brooklyn Bridge-City Hall (4,5,6)/Chambers St (J,Z)",Manhattan,omny,OMNY - Other,1.0,0.0
2022-05-31T20:00:00.000,subway,20,"City Hall (R,W)",Manhattan,metrocard,Metrocard - Full Fare,29.0,0.0
2022-05-31T15:00:00.000,subway,436,Harlem-148 St (3),Manhattan,metrocard,Metrocard - Seniors & Disability,1.0,0.0
2022-05-31T19:00:00.000,subway,628,"Fulton St (A,C,J,Z,2,3,4,5)",Manhattan,metrocard,Metrocard - Fair Fare,45.0,0.0
2022-05-31T02:00:00.000,subway,437,145 St (3),Manhattan,omny,OMNY - Full Fare,1.0,0.0
2022-05-31T15:00:00.000,subway,624,"Chambers St (A,C)/WTC (E)/Park Pl (2,3)/Cortlandt (R,W)",Manhattan,metrocard,Metrocard - Seniors & Disability,85.0,0.0
2022-05-31T10:00:00.000,subway,440,"116 St (2,3)",Manhattan,metrocard,Metrocard - Unlimited 7-Day,31.0,0.0
2022-05-31T16:00:00.000,subway,628,"Fulton St (A,C,J,Z,2,3,4,5)",Manhattan,metrocard,Metrocard - Unlimited 30-Day,620.0,0.0
2022-05-31T15:00:00.000,subway,220,"155 St (B,D)",Manhattan,metrocard,Metrocard - Students,10.0,0.0
2022-05-31T10:00:00.000,subway,392,"125 St (4,5,6)",Manhattan,omny,OMNY - Full Fare,136.0,11.0
2022-05-31T05:00:00.000,subway,628,"Fulton St (A,C,J,Z,2,3,4,5)",Manhattan,omny,OMNY - Full Fare,65.0,4.0
2022-05-31T14:00:00.000,subway,625,"Delancey St (F)/Essex St (J,M,Z)",Manhattan,omny,OMNY - Full Fare,276.0,0.0
2022-05-31T10:00:00.000,subway,220,"155 St (B,D)",Manhattan,metrocard,Metrocard - Students,16.0,0.0
2022-05-31T06:00:00.000,subway,623,"Canal St (J,N,Q,R,W,Z,6)",Manhattan,metrocard,Metrocard - Full Fare,26.0,0.0
2022-05-31T01:00:00.000,subway,624,"Chambers St (A,C)/WTC (E)/Park Pl (2,3)/Cortlandt (R,W)",Manhattan,metrocard,Metrocard - Full Fare,4.0,1.0
2022-05-31T11:00:00.000,subway,635,"South Ferry (1)/Whitehall St (R,W)",Manhattan,metrocard,Metrocard - Students,16.0,8.0
2022-05-31T17:00:00.000,subway,635,"South Ferry (1)/Whitehall St (R,W)",Manhattan,metrocard,Metrocard - Students,49.0,2.0
2022-05-31T22:00:00.000,subway,441,"Central Park North (110 St) (2,3)",Manhattan,metrocard,Metrocard - Fair Fare,2.0,0.0
2022-05-31T23:00:00.000,subway,439,"125 St (2,3)",Manhattan,metrocard,Metrocard - Unlimited 7-Day,30.0,0.0
2022-05-31T17:00:00.000,subway,635,"South Ferry (1)/Whitehall St (R,W)",Manhattan,metrocard,Metrocard - Seniors & Disability,41.0,7.0
2022-05-31T23:00:00.000,subway,436,Harlem-148 St (3),Manhattan,metrocard,Metrocard - Other,2.0,0.0
2022-05-31T05:00:00.000,subway,22,"Rector St (R,W)",Manhattan,metrocard,Metrocard - Unlimited 30-Day,1.0,0.0
2022-05-31T18:00:00.000,subway,438,"135 St (2,3)",Manhattan,metrocard,Metrocard - Unlimited 30-Day,59.0,0.0
2022-05-31T06:00:00.000,subway,623,"Canal St (J,N,Q,R,W,Z,6)",Manhattan,metrocard,Metrocard - Unlimited 30-Day,17.0,0.0
2022-05-31T05:00:00.000,subway,623,"Canal St (J,N,Q,R,W,Z,6)",Manhattan,omny,OMNY - Full Fare,14.0,0.0
2022-05-31T04:00:00.000,subway,628,"Fulton St (A,C,J,Z,2,3,4,5)",Manhattan,metrocard,Metrocard - Other,3.0,0.0
2022-05-31T20:00:00.000,subway,624,"Chambers St (A,C)/WTC (E)/Park Pl (2,3)/Cortlandt (R,W)",Manhattan,metrocard,Metrocard - Other,50.0,0.0
2022-05-31T00:00:00.000,subway,624,"Chambers St (A,C)/WTC (E)/Park Pl (2,3)/Cortlandt (R,W)",Manhattan,metrocard,Metrocard - Seniors & Disability,1.0,0.0
2022-05-31T20:00:00.000,subway,436,Harlem-148 St (3),Manhattan,metrocard,Metrocard - Fair Fare,1.0,0.0
2022-05-31T21:00:00.000,subway,220,"155 St (B,D)",Manhattan,metrocard,Metrocard - Unlimited 7-Day,8.0,0.0
2022-05-31T15:00:00.000,subway,441,"Central Park North (110 St) (2,3)",Manhattan,metrocard,Metrocard - Seniors & Disability,12.0,0.0
2022-05-31T04:00:00.000,subway,220,"155 St (B,D)",Manhattan,metrocard,Metrocard - Seniors & Disability,1.0,0.0
2022-05-31T12:00:00.000,subway,440,"116 St (2,3)",Manhattan,omny,OMNY - Full Fare,91.0,4.0
2022-05-31T09:00:00.000,subway,622,"Brooklyn Bridge-City Hall (4,5,6)/Chambers St (J,Z)",Manhattan,omny,OMNY - Full Fare,199.0,4.0
2022-05-31T14:00:00.000,subway,392,"125 St (4,5,6)",Manhattan,metrocard,Metrocard - Full Fare,198.0,26.0
2022-05-31T11:00:00.000,subway,392,"125 St (4,5,6)",Manhattan,metrocard,Metrocard - Students,22.0,1.0
2022-05-31T13:00:00.000,subway,436,Harlem-148 St (3),Manhattan,metrocard,Metrocard - Unlimited 30-Day,7.0,0.0
2022-05-31T01:00:00.000,subway,392,"125 St (4,5,6)",Manhattan,metrocard,Metrocard - Unlimited 30-Day,8.0,0.0
2022-05-31T03:00:00.000,subway,622,"Brooklyn Bridge-City Hall (4,5,6)/Chambers St (J,Z)",Manhattan,metrocard,Metrocard - Unlimited 7-Day,2.0,0.0
2022-05-31T09:00:00.000,subway,624,"Chambers St (A,C)/WTC (E)/Park Pl (2,3)/Cortlandt (R,W)",Manhattan,metrocard,Metrocard - Other,51.0,1.0
2022-05-31T11:00:00.000,subway,439,"125 St (2,3)",Manhattan,metrocard,Metrocard - Unlimited 7-Day,58.0,0.0
2022-05-31T15:00:00.000,subway,622,"Brooklyn Bridge-City Hall (4,5,6)/Chambers St (J,Z)",Manhattan,metrocard,Metrocard - Unlimited 7-Day,185.0,0.0
2022-05-31T12:00:00.000,subway,393,116 St (6),Manhattan,metrocard,Metrocard - Unlimited 30-Day,58.0,0.0
2022-05-31T23:00:00.000,subway,439,"125 St (2,3)",Manhattan,metrocard,Metrocard - Full Fare,24.0,2.0
2022-05-31T11:00:00.000,subway,628,"Fulton St (A,C,J,Z,2,3,4,5)",Manhattan,metrocard,Metrocard - Students,28.0,0.0
2022-05-31T05:00:00.000,subway,22,"Rector St (R,W)",Manhattan,omny,OMNY - Full Fare,3.0,1.0
2022-05-31T05:00:00.000,subway,393,116 St (6),Manhattan,metrocard,Metrocard - Fair Fare,10.0,0.0
2022-05-31T12:00:00.000,subway,22,"Rector St (R,W)",Manhattan,metrocard,Metrocard - Students,5.0,0.0
2022-05-31T01:00:00.000,subway,625,"Delancey St (F)/Essex St (J,M,Z)",Manhattan,omny,OMNY - Full Fare,39.0,0.0
2022-05-31T09:00:00.000,subway,436,Harlem-148 St (3),Manhattan,metrocard,Metrocard - Full Fare,37.0,1.0
2022-05-31T02:00:00.000,subway,437,145 St (3),Manhattan,metrocard,Metrocard - Full Fare,1.0,0.0
2022-05-31T05:00:00.000,subway,437,145 St (3),Manhattan,metrocard,Metrocard - Students,1.0,0.0
2022-05-31T20:00:00.000,subway,441,"Central Park North (110 St) (2,3)",Manhattan,omny,OMNY - Full Fare,42.0,0.0
2022-05-31T18:00:00.000,subway,625,"Delancey St (F)/Essex St (J,M,Z)",Manhattan,metrocard,Metrocard - Full Fare,234.0,9.0
2022-05-31T14:00:00.000,subway,438,"135 St (2,3)",Manhattan,metrocard,Metrocard - Seniors & Disability,28.0,2.0
2022-05-31T04:00:00.000,subway,440,"116 St (2,3)",Manhattan,metrocard,Metrocard - Unlimited 7-Day,3.0,0.0
2022-05-31T15:00:00.000,subway,20,"City Hall (R,W)",Manhattan,metrocard,Metrocard - Seniors & Disability,18.0,0.0
2022-05-31T01:00:00.000,subway,625,"Delancey St (F)/Essex St (J,M,Z)",Manhattan,metrocard,Metrocard - Full Fare,13.0,0.0
2022-05-31T17:00:00.000,subway,393,116 St (6),Manhattan,metrocard,Metrocard - Other,27.0,1.0
2022-05-31T12:00:00.000,subway,22,"Rector St (R,W)",Manhattan,metrocard,Metrocard - Fair Fare,3.0,0.0
2022-05-31T03:00:00.000,subway,635,"South Ferry (1)/Whitehall St (R,W)",Manhattan,metrocard,Metrocard - Other,3.0,0.0
2022-05-31T22:00:00.000,subway,625,"Delancey St (F)/Essex St (J,M,Z)",Manhattan,metrocard,Metrocard - Seniors & Disability,2.0,0.0
2022-05-31T20:00:00.000,subway,628,"Fulton St (A,C,J,Z,2,3,4,5)",Manhattan,metrocard,Metrocard - Unlimited 7-Day,178.0,0.0
2022-05-31T02:00:00.000,subway,438,"135 St (2,3)",Manhattan,metrocard,Metrocard - Full Fare,5.0,0.0
2022-05-31T19:00:00.000,subway,438,"135 St (2,3)",Manhattan,metrocard,Metrocard - Seniors & Disability,10.0,1.0
2022-05-31T22:00:00.000,subway,392,"125 St (4,5,6)",Manhattan,metrocard,Metrocard - Other,33.0,2.0
2022-05-31T09:00:00.000,subway,635,"South Ferry (1)/Whitehall St (R,W)",Manhattan,omny,OMNY - Full Fare,132.0,57.0
2022-05-31T08:00:00.000,subway,393,116 St (6),Manhattan,metrocard,Metrocard - Full Fare,197.0,18.0
2022-05-31T03:00:00.000,subway,623,"Canal St (J,N,Q,R,W,Z,6)",Manhattan,metrocard,Metrocard - Other,4.0,0.0
2022-05-31T03:00:00.000,subway,439,"125 St (2,3)",Manhattan,metrocard,Metrocard - Unlimited 30-Day,1.0,0.0
2022-05-31T06:00:00.000,subway,622,"Brooklyn Bridge-City Hall (4,5,6)/Chambers St (J,Z)",Manhattan,metrocard,Metrocard - Unlimited 30-Day,8.0,0.0
2022-05-31T16:00:00.000,subway,439,"125 St (2,3)",Manhattan,metrocard,Metrocard - Other,49.0,1.0
2022-05-31T18:00:00.000,subway,440,"116 St (2,3)",Manhattan,omny,OMNY - Full Fare,106.0,5.0
2022-05-31T15:00:00.000,subway,440,"116 St (2,3)",Manhattan,metrocard,Metrocard - Students,42.0,5.0
2022-05-31T12:00:00.000,subway,439,"125 St (2,3)",Manhattan,metrocard,Metrocard - Seniors & Disability,22.0,3.0
2022-05-31T12:00:00.000,subway,628,"Fulton St (A,C,J,Z,2,3,4,5)",Manhattan,metrocard,Metrocard - Students,37.0,0.0
2022-05-31T01:00:00.000,subway,622,"Brooklyn Bridge-City Hall (4,5,6)/Chambers St (J,Z)",Manhattan,metrocard,Metrocard - Full Fare,4.0,0.0
2022-05-31T17:00:00.000,subway,436,Harlem-148 St (3),Manhattan,omny,OMNY - Full Fare,26.0,0.0
2022-05-31T18:00:00.000,subway,628,"Fulton St (A,C,J,Z,2,3,4,5)",Manhattan,metrocard,Metrocard - Students,85.0,1.0
2022-05-31T04:00:00.000,subway,393,116 St (6),Manhattan,metrocard,Metrocard - Other,2.0,0.0
2022-05-31T12:00:00.000,subway,438,"135 St (2,3)",Manhattan,metrocard,Metrocard - Other,23.0,1.0
2022-05-31T15:00:00.000,subway,628,"Fulton St (A,C,J,Z,2,3,4,5)",Manhattan,omny,OMNY - Other,1.0,0.0
2022-05-31T20:00:00.000,subway,20,"City Hall (R,W)",Manhattan,metrocard,Metrocard - Unlimited 7-Day,13.0,0.0
2022-05-31T06:00:00.000,subway,394,110 St (6),Manhattan,metrocard,Metrocard - Fair Fare,24.0,0.0
2022-05-31T07:00:00.000,subway,392,"125 St (4,5,6)",Manhattan,metrocard,Metrocard - Other,118.0,2.0
2022-05-31T11:00:00.000,subway,20,"City Hall (R,W)",Manhattan,metrocard,Metrocard - Other,10.0,0.0
2022-05-31T19:00:00.000,subway,623,"Canal St (J,N,Q,R,W,Z,6)",Manhattan,metrocard,Metrocard - Fair Fare,48.0,0.0
2022-05-31T00:00:00.000,subway,628,"Fulton St (A,C,J,Z,2,3,4,5)",Manhattan,metrocard,Metrocard - Full Fare,33.0,0.0
2022-05-31T09:00:00.000,subway,393,116 St (6),Manhattan,omny,OMNY - Full Fare,172.0,17.0
2022-05-31T06:00:00.000,subway,635,"South Ferry (1)/Whitehall St (R,W)",Manhattan,omny,OMNY - Full Fare,112.0,47.0
2022-05-31T16:00:00.000,subway,437,145 St (3),Manhattan,metrocard,Metrocard - Unlimited 30-Day,15.0,0.0
2022-05-31T12:00:00.000,subway,392,"125 St (4,5,6)",Manhattan,metrocard,Metrocard - Seniors & Disability,42.0,9.0
2022-05-31T08:00:00.000,subway,441,"Central Park North (110 St) (2,3)",Manhattan,metrocard,Metrocard - Other,27.0,0.0
2022-05-31T18:00:00.000,subway,635,"South Ferry (1)/Whitehall St (R,W)",Manhattan,metrocard,Metrocard - Full Fare,419.0,30.0
2022-05-31T19:00:00.000,subway,439,"125 St (2,3)",Manhattan,omny,OMNY - Full Fare,117.0,4.0
2022-05-31T19:00:00.000,subway,623,"Canal St (J,N,Q,R,W,Z,6)",Manhattan,omny,OMNY - Full Fare,679.0,1.0
2022-05-31T20:00:00.000,subway,22,"Rector St (R,W)",Manhattan,omny,OMNY - Full Fare,39.0,0.0
2022-05-31T16:00:00.000,subway,635,"South Ferry (1)/Whitehall St (R,W)",Manhattan,omny,OMNY - Full Fare,510.0,26.0
2022-05-31T13:00:00.000,subway,22,"Rector St (R,W)",Manhattan,metrocard,Metrocard - Seniors & Disability,6.0,0.0
2022-05-31T10:00:00.000,subway,220,"155 St (B,D)",Manhattan,metrocard,Metrocard - Unlimited 30-Day,6.0,0.0
2022-05-31T19:00:00.000,subway,624,"Chambers St (A,C)/WTC (E)/Park Pl (2,3)/Cortlandt (R,W)",Manhattan,metrocard,Metrocard - Fair Fare,35.0,0.0
2022-05-31T07:00:00.000,subway,635,"South Ferry (1)/Whitehall St (R,W)",Manhattan,metrocard,Metrocard - Full Fare,511.0,345.0
2022-05-31T00:00:00.000,subway,438,"135 St (2,3)",Manhattan,omny,OMNY - Full Fare,14.0,0.0
2022-05-31T15:00:00.000,subway,625,"Delancey St (F)/Essex St (J,M,Z)",Manhattan,metrocard,Metrocard - Seniors & Disability,32.0,5.0
2022-05-31T21:00:00.000,subway,436,Harlem-148 St (3),Manhattan,metrocard,Metrocard - Other,4.0,0.0
2022-05-31T22:00:00.000,subway,635,"South Ferry (1)/Whitehall St (R,W)",Manhattan,metrocard,Metrocard - Unlimited 30-Day,26.0,0.0
2022-05-31T03:00:00.000,subway,628,"Fulton St (A,C,J,Z,2,3,4,5)",Manhattan,metrocard,Metrocard - Unlimited 7-Day,2.0,0.0
2022-05-31T09:00:00.000,subway,628,"Fulton St (A,C,J,Z,2,3,4,5)",Manhattan,metrocard,Metrocard - Other,106.0,1.0
2022-05-31T14:00:00.000,subway,220,"155 St (B,D)",Manhattan,metrocard,Metrocard - Fair Fare,14.0,0.0
2022-05-31T23:00:00.000,subway,624,"Chambers St (A,C)/WTC (E)/Park Pl (2,3)/Cortlandt (R,W)",Manhattan,metrocard,Metrocard - Full Fare,83.0,1.0
2022-05-31T04:00:00.000,subway,220,"155 St (B,D)",Manhattan,metrocard,Metrocard - Unlimited 7-Day,3.0,0.0
2022-05-31T18:00:00.000,subway,635,"South Ferry (1)/Whitehall St (R,W)",Manhattan,metrocard,Metrocard - Fair Fare,9.0,1.0
2022-05-31T18:00:00.000,subway,440,"116 St (2,3)",Manhattan,metrocard,Metrocard - Students,36.0,0.0
2022-05-31T18:00:00.000,subway,623,"Canal St (J,N,Q,R,W,Z,6)",Manhattan,metrocard,Metrocard - Other,111.0,0.0
2022-05-31T09:00:00.000,subway,628,"Fulton St (A,C,J,Z,2,3,4,5)",Manhattan,metrocard,Metrocard - Seniors & Disability,36.0,1.0
2022-05-31T04:00:00.000,subway,624,"Chambers St (A,C)/WTC (E)/Park Pl (2,3)/Cortlandt (R,W)",Manhattan,metrocard,Metrocard - Unlimited 7-Day,1.0,0.0
2022-05-31T23:00:00.000,subway,20,"City Hall (R,W)",Manhattan,metrocard,Metrocard - Full Fare,16.0,0.0
2022-05-31T17:00:00.000,subway,440,"116 St (2,3)",Manhattan,metrocard,Metrocard - Seniors & Disability,12.0,3.0
2022-05-31T16:00:00.000,subway,439,"125 St (2,3)",Manhattan,metrocard,Metrocard - Students,111.0,6.0
2022-05-31T19:00:00.000,subway,220,"155 St (B,D)",Manhattan,omny,OMNY - Full Fare,9.0,0.0
2022-05-31T23:00:00.000,subway,220,"155 St (B,D)",Manhattan,metrocard,Metrocard - Full Fare,5.0,0.0
2022-05-31T13:00:00.000,subway,393,116 St (6),Manhattan,metrocard,Metrocard - Full Fare,117.0,6.0
2022-05-31T20:00:00.000,subway,393,116 St (6),Manhattan,metrocard,Metrocard - Unlimited 7-Day,61.0,0.0
2022-05-31T06:00:00.000,subway,625,"Delancey St (F)/Essex St (J,M,Z)",Manhattan,metrocard,Metrocard - Unlimited 30-Day,52.0,0.0
2022-05-31T19:00:00.000,subway,393,116 St (6),Manhattan,metrocard,Metrocard - Fair Fare,16.0,2.0
